0.391460603250,-0.053555968088,-0.000312245836,0.104468234685
0.388833350880,-0.053786843676,-0.000724272852,0.122940418661
0.386206098510,-0.054057557367,-0.000656382473,0.016230349801
0.383578846140,-0.053854788013,-0.000519405526,-0.140809718585
0.380951593770,-0.053259805051,-0.000454165914,0.294205989468
0.378324341400,-0.055351333884,-0.000102483740,0.491993120675
0.375697089030,-0.055750515605,0.000021093254,0.275813064091
0.373069836660,-0.056762101023,0.000034501095,0.302029496149
0.370442584290,-0.057335437228,0.000217880588,0.276112789448
0.367815331920,-0.058231506128,0.000516637008,-0.187540245090
0.365188079550,-0.056274151046,0.000819252182,-0.244308550383
0.362560827170,-0.056842276027,0.000754849537,0.134423719457
0.359933574800,-0.056821462608,0.000919458706,-0.072958091350
0.357306322430,-0.056292253894,0.001185300548,0.058598548223
0.354679070060,-0.056971442915,0.001329250080,0.092114207421
0.352051817690,-0.056748758412,0.001588250766,-0.133486432073
0.349424565320,-0.056353632755,0.001712789896,-0.153773169389
0.346797312950,-0.056000780177,0.001779291912,-0.120666255394
0.344170060580,-0.055801547074,0.001822335479,-0.049449377614
0.341542808210,-0.055855311217,0.001911417765,0.039176007615
0.338915555840,-0.056079958490,0.001997653007,0.041384238354
0.336288303460,-0.056164957700,0.002117409513,0.012235290175
0.333661051090,-0.056238315287,0.002284273529,0.043844117994
0.331033798720,-0.056443823812,0.002348791124,0.079831900592
0.328406546350,-0.056733026667,0.002543342908,0.059493551322
0.325779293980,-0.056849094251,0.002565486295,0.030598441339
0.323152041610,-0.056961735901,0.002559996297,0.040579704179
0.320524789240,-0.057090123080,0.002637914599,0.052260968629
0.317897536870,-0.057251545659,0.002525500649,0.061040944444
0.315270284500,-0.057429834971,0.002506975184,0.063322758523
0.312643032100,-0.057576794540,0.002539289795,0.031278374480
0.310015779800,-0.057539938326,0.002365083498,0.004436056032
0.307388527400,-0.057579206582,0.002431493711,0.027310027842
0.304761275000,-0.057803319446,0.002501496334,0.080332581203
0.302134022600,-0.058023992120,0.002525542165,0.090453293168
0.299506770300,-0.058249264693,0.002484422588,0.108429272537
0.296879517900,-0.058575473973,0.002353995338,0.099710873993
0.294252265500,-0.058789845940,0.002312271518,0.043695062197
0.291625013200,-0.058833003950,0.002275659282,0.018213861429
0.288997760800,-0.058980986046,0.002206894561,0.036864250516
0.286370508400,-0.059011754793,0.002102188943,0.007887862059
0.283743256000,-0.059015546703,0.001974976570,-0.028113978089
0.281116003700,-0.058943266198,0.001922571008,-0.041392223735
0.278488751300,-0.058864268925,0.002005783980,-0.018051012134
0.275861498900,-0.058882074643,0.002019155653,-0.000640703571
0.273234246600,-0.058881254242,0.002014831237,0.005124845349
0.270606994200,-0.058902924955,0.001960257536,-0.004797563880
0.267979741800,-0.058876070718,0.001946273499,-0.037031022768
0.265352489400,-0.058783270166,0.002028667941,-0.052605310351
0.262725237100,-0.058611373646,0.001946560362,-0.088023257372
0.260097984700,-0.058334276941,0.001878322156,-0.126676356615
0.257470732300,-0.057993176290,0.001905584828,-0.111652386265
0.254843480000,-0.057837996361,0.001978251992,-0.056475726594
0.252216227600,-0.057757899827,0.002021632761,-0.026478335593
0.249588975200,-0.057706207858,0.001907945127,0.017061411054
0.246961722900,-0.057843162952,0.001719755631,0.070760067517
0.244334470500,-0.058124700401,0.001566526850,0.105097454312
0.241707218100,-0.058478725529,0.001543291502,0.086975145263
0.239079965700,-0.058682943048,0.001577552535,0.050816760861
0.236452713400,-0.058858546778,0.001525611218,0.080351501044
0.233825461000,-0.059186813807,0.001538768275,0.095782338397
0.231198208600,-0.059406523298,0.001624561800,0.056246293822
0.228570956300,-0.059537763761,0.001571933913,0.036241744637
0.225943703900,-0.059705891554,0.001472006388,0.025307226212
0.223316451500,-0.059753158195,0.001416967375,0.003376319797
0.220689199100,-0.059743173135,0.001399050005,-0.015708190172
0.218061946800,-0.059699767007,0.001307095310,-0.041979222028
0.215434694400,-0.059685966544,0.001252271110,-0.031273341592
0.212807442000,-0.059701470272,0.001262969028,-0.027373710103
0.210180189700,-0.059705167342,0.001207698238,-0.029567485133
0.207552937300,-0.059688337344,0.001158781630,-0.031779527783
0.204925684900,-0.059691769770,0.001087458834,-0.027205845983
0.202298432500,-0.059654055661,0.001171090260,-0.029009522763
0.199671180200,-0.059620058035,0.001210002321,-0.014117963238
0.197043927800,-0.059608856138,0.001239215333,0.001599597983
0.194416675400,-0.059631601559,0.001299233721,0.001608808911
0.191789423100,-0.059622508667,0.001414346980,-0.004661823318
0.189162170700,-0.059575046148,0.001497393702,0.004844878422
0.186534918300,-0.059633189097,0.001528115641,0.003674024104
0.183907666000,-0.059579288432,0.001654142746,-0.008743666691
0.181280413600,-0.059529433938,0.001713860015,0.007362513478
0.178653161200,-0.059561114807,0.001801944599,0.015306486141
0.176025908800,-0.059572021714,0.001911895110,-0.004877978585
0.173398656500,-0.059506113165,0.001965043134,-0.022805718734
0.170771404100,-0.059420500886,0.001978370942,-0.001504130671
0.168144151700,-0.059400324359,0.001947366597,0.017487874057
0.165516899400,-0.059424832919,0.001989563799,0.026183344431
0.162889647000,-0.059433883862,0.002013263941,0.035481828585
0.160262394600,-0.059501476506,0.001878157536,0.070895369539
0.157635142200,-0.059704227712,0.001856676566,0.092964799192
0.155007889900,-0.059898456273,0.001962081428,0.065265707963
0.152380637500,-0.059987161287,0.002057946882,0.026908741629
0.149753385100,-0.059978630248,0.002126387890,0.027567722841
0.147126132800,-0.060086035578,0.002286339983,0.040566236851
0.144498880400,-0.060164791753,0.002355116962,0.004483487502
0.141871628000,-0.060075418604,0.002406228046,-0.043012405564
0.139244375600,-0.059941989305,0.002430295725,-0.056147084686
0.136617123300,-0.059718748502,0.002440023230,-0.087099998115
0.133989870900,-0.059369312147,0.002476977813,-0.117002213093
0.131362618500,-0.058984801325,0.002488021334,-0.135945578414
0.128735366200,-0.058559054324,0.002431604035,-0.126987960340
0.126108113800,-0.058201936965,0.002327609710,-0.104205561734
0.123480861400,-0.057891686087,0.002249016993,-0.041565698861
0.120853609000,-0.057829738253,0.002132297217,0.034584496476
0.118226356700,-0.057923275613,0.002171835411,0.052104552242
0.115599104300,-0.057989444505,0.002149376503,0.057438078082
0.112971851900,-0.058177918908,0.002103965422,0.102540198623
0.110344599600,-0.058536995833,0.002122199141,0.129756662562
0.107717347200,-0.058906155598,0.002104005820,0.144503668925
0.105090094800,-0.059285008268,0.002125009173,0.146609737913
0.102462842500,-0.059689287185,0.002090484785,0.154945609376
0.099835590100,-0.060143234220,0.002023766136,0.167994014388
0.097208337700,-0.060616308712,0.002122124469,0.164233610104
0.094581085300,-0.061060415385,0.002169889765,0.119245536969
0.091953833000,-0.061348137576,0.002170829682,0.089664462155
0.089326580600,-0.061582678154,0.002147785767,0.099306409290
0.086699328200,-0.061885066356,0.002096860400,0.093908730608
0.084072075900,-0.062133081981,0.002214470940,0.056423882808
0.081444823500,-0.062235051585,0.002327091249,-0.031723268037
0.078817571100,-0.062056143232,0.002495650255,-0.087608371111
0.076190318700,-0.061862004237,0.002600889065,-0.067208644938
0.073563066400,-0.061734611399,0.002615077148,-0.045969694114
0.070935814000,-0.061670193946,0.002578903306,-0.066605879704
0.068308561600,-0.061460470209,0.002612061238,-0.117420063329
0.065681309300,-0.061139087275,0.002531675745,-0.130391260439
0.063054056900,-0.060889545999,0.002576364932,-0.074252222334
0.060426804500,-0.060882929030,0.002621384154,0.003533480979
0.057799552100,-0.061049454321,0.002593071376,0.002132977192
0.055172299800,-0.061048195124,0.002657377691,-0.008899657088
0.052545047400,-0.061183632625,0.002749739226,0.047466630701
0.049917795000,-0.061423970501,0.002694779316,0.051741832448
0.047290542700,-0.061600570703,0.002625535368,0.081864395737
0.044663290300,-0.061984627064,0.002590059945,0.150808069860
0.042036037900,-0.062437374130,0.002527532728,0.156212559243
0.039408785500,-0.062883191430,0.002523176312,0.108102789055
0.036781533200,-0.063192534147,0.002505162235,0.096536845597
0.034154280800,-0.063610298240,0.002539718074,0.104096892599
0.031527028400,-0.063968584075,0.002452248660,0.047653158476
0.028899776100,-0.064130844974,0.002471830081,0.004221800829
0.026272523700,-0.064212161804,0.002368115375,-0.036878916277
0.023645271300,-0.064122280906,0.002307413260,-0.096893047237
0.021018019000,-0.063865965103,0.002177365229,-0.087119241181
0.018390766600,-0.063848175440,0.002069062800,-0.039310494346
0.015763514200,-0.063841021701,0.001912046972,-0.028161551658
0.013136261800,-0.063903587364,0.001718370763,-0.028869858539
0.010509009500,-0.063880245884,0.001480098889,-0.045947158709
0.007881757100,-0.063788875289,0.001405374485,-0.076544685420
0.005254504700,-0.063617151532,0.001252931088,-0.137510298539
0.002627252400,-0.063277065547,0.001046033716,-0.513641782284
0.000000000000,-0.061119273789,0.000464215454,-0.827552262708
