0.391460603250,0.001876781355,0.000215126255,0.078819626017
0.388833350880,0.001716028647,-0.000279813096,-0.005252687053
0.386206098510,0.001563568447,-0.000348357575,-0.004693935537
0.383578846140,0.001804362478,-0.000376178914,-0.087569505109
0.380951593770,0.002092414960,-0.000473021611,0.201933018520
0.378324341400,0.000787185589,-0.000494397985,0.479433131536
0.375697089030,-0.000458508073,-0.000354020932,0.115937193003
0.373069836660,0.000134984805,-0.000220742265,-0.074919293561
0.370442584290,-0.000065355648,-0.000068884773,0.019428767931
0.367815331920,0.000028981473,0.000267888615,-0.034341051491
0.365188079550,0.000148876777,0.000526377729,-0.043181130183
0.362560827170,0.000235001397,0.000768093262,-0.032808990947
0.359933574800,0.000277952535,0.001066709692,-0.078341586260
0.357306322430,0.000639758604,0.001449321753,-0.012642646508
0.354679070060,0.000324452846,0.001857177924,-0.126667053296
0.352051817690,0.001214086302,0.002073070127,-0.277496626073
0.349424565320,0.001757493710,0.002327128771,-0.170504880127
0.346797312950,0.002123738030,0.002527049834,-0.083383722302
0.344170060580,0.002223579387,0.002623626311,-0.022984164374
0.341542808210,0.002267275884,0.002588997108,0.001661799225
0.338915555840,0.002227950065,0.002560976104,0.060804213015
0.336288303460,0.001944311261,0.002550811958,0.098951024307
0.333661051090,0.001695680890,0.002631050749,0.082902601311
0.331033798720,0.001431380123,0.002590651288,0.055864654809
0.328406546350,0.001298158438,0.002548552293,0.042760638300
0.325779293980,0.001135506952,0.002564401621,0.052146602444
0.323152041610,0.000962378529,0.002645714336,0.052219707062
0.320524789240,0.000826011527,0.002571088792,0.034312569263
0.317897536870,0.000790104743,0.002452506763,0.011273011718
0.315270284500,0.000712262701,0.002589401804,0.003209736583
0.312643032100,0.000669118366,0.002541038602,0.011428637505
0.310015779800,0.000591812002,0.002514512696,0.023004486697
0.307388527400,0.000538179745,0.002525826719,0.019374839835
0.304761275000,0.000430391549,0.002531052895,0.024415555115
0.302134022600,0.000352561537,0.002568047484,0.030255032323
0.299506770300,0.000226264802,0.002558183971,0.049278226517
0.296879517900,0.000060688927,0.002537754568,0.037000812296
0.294252265500,-0.000049438299,0.002614371662,0.017625844888
0.291625013200,-0.000119211860,0.002668738442,-0.018259627342
0.288997760800,-0.000106454075,0.002662818091,-0.021911579951
0.286370508400,-0.000173841611,0.002675619170,-0.017897543613
0.283743256000,-0.000182301356,0.002701802121,-0.036710697138
0.281116003700,-0.000145000326,0.002747236635,-0.015955997505
0.278488751300,-0.000260399939,0.002805734005,0.032121342335
0.275861498900,-0.000462686004,0.002798879386,0.044897898024
0.273234246600,-0.000682576353,0.002771399098,0.015713759744
0.270606994200,-0.000764938722,0.002714890021,-0.021070085404
0.267979741800,-0.000756523632,0.002734178559,-0.066896835261
0.265352489400,-0.000591613027,0.002675404210,-0.104892443955
0.262725237100,-0.000403999055,0.002528150514,-0.132612695830
0.260097984700,-0.000124849782,0.002624685755,-0.163079972543
0.257470732300,0.000192018486,0.002789589389,-0.133910001120
0.254843480000,0.000419469941,0.002781205394,-0.087987721197
0.252216227600,0.000541813887,0.002822605373,-0.067697379017
0.249588975200,0.000651683200,0.002802896955,-0.052730481356
0.246961722900,0.000633510774,0.002818914420,-0.016676439907
0.244334470500,0.000540808225,0.002745859023,0.008722557665
0.241707218100,0.000411908488,0.002677118108,0.001870670609
0.239079965700,0.000379012243,0.002687350614,-0.001872000616
0.236452713400,0.000289824505,0.002524653624,0.026497844731
0.233825461000,0.000113386971,0.002299902563,0.034519415466
0.231198208600,-0.000033087024,0.002156300737,-0.000493798997
0.228570956300,-0.000037134460,0.002129361425,-0.013189999943
0.225943703900,-0.000111848276,0.001931246796,-0.020130320646
0.223316451500,-0.000085668908,0.001769634697,-0.050378408629
0.220689199100,0.000033533657,0.001556639651,-0.047392461002
0.218061946800,0.000031635533,0.001518332129,-0.027482019012
0.215434694400,0.000034947816,0.001392436532,-0.050266602755
0.212807442000,0.000179675654,0.001211847497,-0.066215092062
0.210180189700,0.000260190863,0.001168263025,-0.033662807217
0.207552937300,0.000242173047,0.001034502020,-0.023128874307
0.204925684900,0.000303564040,0.000965180525,-0.041607665096
0.202298432500,0.000430180125,0.000877669134,-0.061788300954
0.199671180200,0.000621947515,0.000735138251,-0.084151390323
0.197043927800,0.000838111202,0.000670867313,-0.075826805575
0.194416675400,0.000964891294,0.000694545810,-0.056357942027
0.191789423100,0.001100580974,0.000654540278,-0.056503824350
0.189162170700,0.001219963724,0.000647084254,-0.055961105768
0.186534918300,0.001347103497,0.000683410435,-0.039780233408
0.183907666000,0.001404129823,0.000817188026,-0.033987684774
0.181280413600,0.001504168544,0.000906568002,-0.048390815061
0.178653161200,0.001580787087,0.001014952871,-0.042057286564
0.176025908800,0.001615642136,0.001107424426,-0.033546446540
0.173398656500,0.001665279215,0.001171951487,-0.006443243046
0.170771404100,0.001614279175,0.001196633838,0.024467850604
0.168144151700,0.001507704028,0.001184006535,0.035129578935
0.165516899400,0.001374847322,0.001201652316,0.023101947931
0.162889647000,0.001303402923,0.001153164119,-0.005842762097
0.160262394600,0.001256924230,0.001249272492,0.021096092806
0.157635142200,0.001086446218,0.001372124560,0.023219417561
0.155007889900,0.001079650091,0.001475933778,0.005797820399
0.152380637500,0.001045180821,0.001631411295,0.009154189674
0.149753385100,0.001027510971,0.001654148325,0.009879543649
0.147126132800,0.000965148683,0.001697315756,0.012425214582
0.144498880400,0.000949067793,0.001710087485,-0.013027559014
0.141871628000,0.001028479468,0.001695966905,-0.023733202143
0.139244375600,0.001117997280,0.001634394668,-0.023376657908
0.136617123300,0.001232128972,0.001550208567,-0.020119111756
0.133989870900,0.001276634361,0.001434993189,-0.045422906200
0.131362618500,0.001450045940,0.001449823504,-0.079138570838
0.128735366200,0.001672716873,0.001411706790,-0.085179941409
0.126108113800,0.001866188540,0.001356075324,-0.052555073596
0.123480861400,0.001921721317,0.001315802244,0.005849043549
0.120853609000,0.001868534633,0.001235445412,0.042525921955
0.118226356700,0.001773080992,0.001216140556,0.061184236842
0.115599104300,0.001589359158,0.001231917862,0.068899663875
0.112971851900,0.001413089587,0.001287714578,0.070167465905
0.110344599600,0.001199053840,0.001480277904,0.097509831086
0.107717347200,0.000944785108,0.001607149537,0.127319373684
0.105090094800,0.000575508484,0.001574695261,0.176988427269
0.102462842500,0.000078879032,0.001483736589,0.183176836786
0.099835590100,-0.000287532087,0.001373889633,0.159973679933
0.097208337700,-0.000703203176,0.001307891864,0.164754690276
0.094581085300,-0.001072466190,0.001446926838,0.106149155896
0.091953833000,-0.001240960042,0.001450875976,0.062568216619
0.089326580600,-0.001476410110,0.001491279349,0.096562062615
0.086699328200,-0.001694273113,0.001418653558,0.036542795678
0.084072075900,-0.001568887632,0.001591988211,-0.022071181515
0.081444823500,-0.001489602112,0.001857591324,0.001683875349
0.078817571100,-0.001464503332,0.001913629878,-0.007094385248
0.076190318700,-0.001381304951,0.002051040620,-0.081412585870
0.073563066400,-0.001101909376,0.002311124115,-0.126363018119
0.070935814000,-0.000756603238,0.002475822169,-0.135968846083
0.068308561600,-0.000416538151,0.002607953445,-0.145074959616
0.065681309300,-0.000052786482,0.002733467853,-0.162768048646
0.063054056900,0.000345435747,0.002786248853,-0.141909305543
0.060426804500,0.000576055229,0.002801484339,-0.066627511188
0.057799552100,0.000621145343,0.002891714709,-0.012688684511
0.055172299800,0.000593981507,0.002985674908,0.013275707105
0.052545047400,0.000520651116,0.002971454070,0.063125063944
0.049917795000,0.000270506072,0.002946255493,0.073716437796
0.047290542700,0.000121751200,0.003006913566,0.047066889021
0.044663290300,-0.000020574660,0.002955662988,0.077568515166
0.042036037900,-0.000277652230,0.002952964832,0.128911600742
0.039408785500,-0.000602799998,0.002936332048,0.144513958299
0.036781533200,-0.000962092524,0.002795633653,0.141034196458
0.034154280800,-0.001289522592,0.002641147981,0.139598805665
0.031527028400,-0.001649101185,0.002617936684,0.129874167618
0.028899776100,-0.001940980433,0.002581403307,0.086996732571
0.026272523700,-0.002041716722,0.002491952469,-0.086976693012
0.023645271300,-0.001521788112,0.001863961642,-0.068570925853
0.021018019000,-0.001666459522,0.001759859850,0.130647415522
0.018390766600,-0.002160596624,0.001995148904,0.152111934629
0.015763514200,-0.002424249555,0.001822446369,0.127887590940
0.013136261800,-0.002789425857,0.001620112434,0.177446160629
0.010509009500,-0.003273736286,0.001594662593,0.160436508835
0.007881757100,-0.003564544986,0.001422313564,0.035223729422
0.005254504700,-0.003406488522,0.001168872285,-0.081741915056
0.002627252400,-0.003078581173,0.000932670537,-0.146867928122
0.000000000000,-0.002613112965,0.000355230947,-0.175700368396
