0.391460603250,0.052723050533,0.001191545223,-0.341223044396
0.388833350880,0.053685257538,0.000805419520,-0.144940640167
0.386206098510,0.053543362732,0.000289874852,0.101454183074
0.383578846140,0.053234434602,0.000293491724,0.230139604530
0.380951593770,0.052430079538,0.000347133466,0.249924588154
0.378324341400,0.052015254612,0.000548741022,0.059724580476
0.375697089030,0.052389800906,0.000970795483,-0.528133069922
0.373069836660,0.055187381387,0.001284523760,-0.656818955514
0.370442584290,0.056047016174,0.001460638268,-0.278207792010
0.367815331920,0.056698050210,0.001454938908,-0.298122525957
0.365188079550,0.057555058782,0.001669901457,-0.260776993872
0.362560827170,0.057994023185,0.001806034207,-0.103734503028
0.359933574800,0.058018545448,0.002050155729,-0.260576449255
0.357306322430,0.059261999322,0.002151054682,-0.327701626472
0.354679070060,0.059681785594,0.002205514968,-0.153997752356
0.352051817690,0.060070231082,0.002384723019,-0.131249601243
0.349424565320,0.060355159452,0.002565135642,-0.071537703663
0.346797312950,0.060462900154,0.002627017897,-0.033599949913
0.344170060580,0.060521536691,0.002575252438,-0.018775335252
0.341542808210,0.060559044788,0.002743648646,0.036337717994
0.338915555840,0.060384942001,0.002776660117,0.053688440995
0.336288303460,0.060297458738,0.002688260196,0.041203168929
0.333661051090,0.060188041521,0.002617215748,0.060895279810
0.331033798720,0.059937525210,0.002632889210,0.049750374281
0.328406546350,0.059896283838,0.002715878682,0.027732975729
0.325779293980,0.059754915349,0.002760999113,0.055295367229
0.323152041610,0.059559080663,0.002702998013,0.067401597529
0.320524789240,0.059329079545,0.002711187964,0.048581504458
0.317897536870,0.059218052139,0.002757313893,0.026958962013
0.315270284500,0.059147681435,0.002787489160,0.035212651261
0.312643032100,0.059010923784,0.002732898846,0.024530154146
0.310015779800,0.058938944891,0.002798098781,0.002662755096
0.307388527400,0.058954273360,0.002887333891,-0.005690089616
0.304761275000,0.058885495939,0.003084587914,0.027480386429
0.302134022600,0.058728026338,0.003068849870,0.063716076191
0.299506770300,0.058412066700,0.003102869484,0.055147926763
0.296879517900,0.058236928748,0.003159566660,0.018652355215
0.294252265500,0.058173250023,0.003224611919,0.013813088774
0.291625013200,0.058049816980,0.003276989170,0.026212218528
0.288997760800,0.057967009432,0.003321791028,0.005958751428
0.286370508400,0.057963816005,0.003360006354,-0.037560488386
0.283743256000,0.058117258574,0.003263477871,-0.064730282140
0.281116003700,0.058271069225,0.003188602991,-0.074551254682
0.278488751300,0.058460697738,0.003154645403,-0.070618192038
0.275861498900,0.058559876010,0.003110748102,-0.056306014395
0.273234246600,0.058618775827,0.002745349123,-0.060459652464
0.270606994200,0.058752872088,0.002483261609,-0.061863387362
0.267979741800,0.058829072306,0.002290310586,-0.017012982446
0.265352489400,0.058765199619,0.002120369454,0.015350295520
0.262725237100,0.058667879264,0.001960583131,0.011395245024
0.260097984700,0.058578370025,0.001856445217,0.001240428460
0.257470732300,0.058500070837,0.001801621263,-0.014709189625
0.254843480000,0.058478349830,0.001726280761,-0.026574630891
0.252216227600,0.058437464531,0.001739085740,-0.023718015347
0.249588975200,0.058409866399,0.001755304491,-0.006472305656
0.246961722900,0.058272769736,0.001733577439,0.009276962598
0.244334470500,0.058142744537,0.001706604659,0.005905924802
0.241707218100,0.058045019315,0.001696739142,0.006534686084
0.239079965700,0.057943228336,0.001568851854,0.020064117769
0.236452713400,0.057755922469,0.001405204349,0.027508695043
0.233825461000,0.057598199242,0.001186554840,0.011253139995
0.231198208600,0.057503142231,0.001045181418,0.003124137061
0.228570956300,0.057418922527,0.000938491011,0.020132781724
0.225943703900,0.057258901071,0.000718423844,0.051657557827
0.223316451500,0.057021872631,0.000589276644,0.065453912054
0.220689199100,0.056793308856,0.000553168038,0.062290621448
0.218061946800,0.056587826386,0.000552557138,0.053616142657
0.215434694400,0.056413192320,0.000620804064,0.040556705060
0.212807442000,0.056323685824,0.000660432361,0.016062479928
0.210180189700,0.056267788474,0.000609636990,0.016426308680
0.207552937300,0.056217291022,0.000688388909,-0.007726980548
0.204925684900,0.056359765122,0.000674527067,-0.062114302345
0.202298432500,0.056592379906,0.000563731339,-0.082881911575
0.199671180200,0.056823477747,0.000657559897,-0.053183056685
0.197043927800,0.056945135482,0.000674431625,-0.020273060629
0.194416675400,0.056988320031,0.000671828799,0.027815525276
0.191789423100,0.056924250904,0.000614118324,0.067285518129
0.189162170700,0.056732342168,0.000708764719,0.076583485518
0.186534918300,0.056537241345,0.000915627252,0.108035015265
0.183907666000,0.056288381451,0.001065055572,0.088522879769
0.181280413600,0.056164250944,0.001174675624,0.044333384311
0.178653161200,0.056193858123,0.001275349955,0.004702316888
0.176025908800,0.056312836246,0.001368880166,0.001623920819
0.173398656500,0.056354214426,0.001463765988,0.212015901417
0.170771404100,0.055325013619,0.001624724027,0.010786064069
0.168144151700,0.056478386027,0.001668180745,-0.212206969553
0.165516899400,0.056566049106,0.001673868065,-0.017520223040
0.162889647000,0.056672108179,0.001753343400,-0.048734236741
0.160262394600,0.056861728264,0.001841266288,-0.080090346137
0.157635142200,0.057165249657,0.001836089946,-0.116023245108
0.155007889900,0.057528184642,0.001809552975,-0.119980998375
0.152380637500,0.057901459404,0.001737382147,-0.109792485260
0.149753385100,0.058217627295,0.001758411999,-0.111052549579
0.147126132800,0.058611047312,0.001713746642,-0.125522365743
0.144498880400,0.059011495744,0.001572770347,-0.096330314744
0.141871628000,0.059265462306,0.001463698691,-0.041394659821
0.139244375600,0.059408805203,0.001296877867,0.007182469392
0.136617123300,0.059424041987,0.001142678427,0.061557767929
0.133989870900,0.059263094500,0.000922696958,0.084942987003
0.131362618500,0.059149365573,0.000748780886,0.058850811375
0.128735366200,0.059093374676,0.000709233756,0.069193863504
0.126108113800,0.058915102829,0.000703616857,0.116192056859
0.123480861400,0.058638686712,0.000657290378,0.154546769597
0.120853609000,0.058177770769,0.000697468688,0.189511725022
0.118226356700,0.057722991696,0.000664365270,0.389884970363
0.115599104300,0.056201382048,0.000347667967,0.126588195541
0.112971851900,0.056932803780,0.000241112641,-0.033812602567
0.110344599600,0.056429151979,0.000396629831,0.230984354567
0.107717347200,0.055826273809,0.000634119365,0.283631281236
0.105090094800,0.055050692783,0.000860777023,0.262627510059
0.102462842500,0.054590735188,0.000896753346,0.161035395501
0.099835590100,0.054317588014,0.001038414057,0.095707401946
0.097208337700,0.054184583813,0.001163959713,-0.032207203480
0.094581085300,0.054497504574,0.001010216691,-0.124142199421
0.091953833000,0.054797797110,0.001032561477,-0.116484117870
0.089326580600,0.055070316768,0.001165166743,-0.113242832491
0.086699328200,0.055395326825,0.001106593564,-0.102563271608
0.084072075900,0.055488059333,0.001049202691,-0.077140230688
0.081444823500,0.055679959866,0.001100793817,-0.058900907017
0.078817571100,0.055717131569,0.001262388547,-0.031438449158
0.076190318700,0.055766626138,0.001252877252,-0.061178533725
0.073563066400,0.055892088295,0.001267488132,-0.043235952729
0.070935814000,0.055878065152,0.001234701656,0.019685463542
0.068308561600,0.055665291272,0.001321770966,0.032431087452
0.065681309300,0.055483090675,0.001319359056,0.028194463310
0.063054056900,0.055259974130,0.001247531699,0.045530010977
0.060426804500,0.054968972381,0.001351847558,0.060243989448
0.057799552100,0.054711918334,0.001289018312,0.061232720531
0.055172299800,0.054510290009,0.001205793524,0.048496740083
0.052545047400,0.054284407936,0.001224493102,0.064219940648
0.049917795000,0.054001342124,0.001161636237,0.048767140220
0.047290542700,0.053889405486,0.001061342656,0.011084206677
0.044663290300,0.053720545627,0.001177446915,-0.011656057532
0.042036037900,0.053741659078,0.001090549055,-0.031611862481
0.039408785500,0.053735444814,0.001044935897,-0.090620956735
0.036781533200,0.054055869179,0.000930714488,-0.130811064771
0.034154280800,0.054295223324,0.000954052385,-0.086612404883
0.031527028400,0.054346357219,0.000968639034,-0.073684951938
0.028899776100,0.054551174833,0.000928959043,-0.010709714134
0.026272523700,0.054254432324,0.000935996730,0.212809366856
0.023645271300,0.053273306028,0.000827297409,0.001515160894
0.021018019000,0.054114486368,0.000671048984,-0.113871008145
0.018390766600,0.053712914267,0.000707499733,0.128033803435
0.015763514200,0.053270835155,0.000502269371,0.115702768702
0.013136261800,0.053023368243,0.000339925198,0.082619717180
0.010509009500,0.052815952328,0.000367303285,0.008186141468
0.007881757100,0.052986544869,0.000306701203,-0.088244133051
0.005254504700,0.053261402693,0.000211785287,-0.071299379490
0.002627252400,0.053354261401,-0.000048598655,0.076175728635
0.000000000000,0.052856319663,-0.000200095364,0.193337094876
