0.391460603250,0.004049626372,0.000887246992,-0.303012110577
0.388833350880,0.004752407594,0.001144501222,-0.097644795529
0.386206098510,0.004470910179,0.001236003931,-0.080066575043
0.383578846140,0.005349882123,0.001358199159,-0.000464843478
0.380951593770,0.004475947392,0.001656520997,0.274066177886
0.378324341400,0.003894617390,0.001859595344,0.136468792710
0.375697089030,0.003654679149,0.001911504636,0.016623743999
0.373069836660,0.003765310908,0.001866670923,-0.086683805130
0.370442584290,0.004066512331,0.001778156602,0.049509656343
0.367815331920,0.003429987835,0.001851532014,-0.002696103445
0.365188079550,0.004398857088,0.001590742142,-0.293767556677
0.362560827170,0.005049311055,0.001546799697,-0.198995049290
0.359933574800,0.005346860568,0.001547828066,-0.091823610438
0.357306322430,0.005518274141,0.001641616820,-0.077075705460
0.354679070060,0.005720919524,0.001608753819,-0.079880941071
0.352051817690,0.005910712192,0.001582555412,-0.106502206113
0.349424565320,0.006219893132,0.001566605866,-0.141419523794
0.346797312950,0.006555271443,0.001595280568,-0.106071235113
0.344170060580,0.006708714456,0.001767358739,-0.070500675798
0.341542808210,0.006843025039,0.001897974898,-0.075760470259
0.338915555840,0.007023021220,0.001961470638,-0.066013847880
0.336288303460,0.007056113626,0.002137051971,-0.017955114604
0.333661051090,0.006955132145,0.002359986522,0.067327441004
0.331033798720,0.006667915040,0.002413856643,0.149197877846
0.328406546350,0.006249816757,0.002464849058,0.119932209806
0.325779293980,0.005971915094,0.002496559531,0.108580514401
0.323152041610,0.005680954562,0.002377649816,0.088136234764
0.320524789240,0.005504972237,0.002345167955,0.072070870131
0.317897536870,0.005256295107,0.002419064508,0.064389503696
0.315270284500,0.005044694597,0.002441845066,0.056686094423
0.312643032100,0.004836008927,0.002422199423,0.048936603174
0.310015779800,0.004644927994,0.002281007692,0.018009536680
0.307388527400,0.004504587215,0.002108258075,-0.000864521312
0.304761275000,0.004473309199,0.002146391296,-0.078261475937
0.302134022600,0.004729103354,0.002285182707,-0.110513575335
0.299506770300,0.004809777691,0.002360302813,-0.089321729071
0.296879517900,0.004987529680,0.002397385302,-0.115921771903
0.294252265500,0.005235016718,0.002396204745,-0.101395032869
0.291625013200,0.005390044100,0.002481147095,-0.076521556690
0.288997760800,0.005509673865,0.002452553799,-0.068774615572
0.286370508400,0.005688762237,0.002387492586,-0.092816678833
0.283743256000,0.005819899020,0.002372881029,-0.041578710328
0.281116003700,0.005816972026,0.002249533171,-0.006120328780
0.278488751300,0.005801286215,0.002164907345,0.014976891860
0.275861498900,0.005678614235,0.002189434406,0.036023765525
0.273234246600,0.005544507394,0.002224038345,0.046803933267
0.270606994200,0.005386154388,0.002184606836,0.048190997910
0.267979741800,0.005199885120,0.002101059186,0.041647490615
0.265352489400,0.005095689007,0.002045160270,0.030682948630
0.262725237100,0.005014900923,0.002053753074,0.031736920741
0.260097984700,0.004924227392,0.001944461704,0.053237696739
0.257470732300,0.004770659798,0.001802417360,0.070774150140
0.254843480000,0.004684161348,0.001703817321,0.033192897426
0.252216227600,0.004682440773,0.001589575346,0.011226111595
0.249588975200,0.004750861345,0.001570724471,0.028602757621
0.246961722900,0.004742662501,0.001482897877,0.052342697063
0.244334470500,0.004694840962,0.001446014200,0.072026300992
0.241707218100,0.004561351566,0.001470127131,0.124763299783
0.239079965700,0.004258843615,0.001381030997,0.204083956850
0.236452713400,0.003690204517,0.001335538930,0.276974471800
0.233825461000,0.003054408426,0.001321635058,0.327813012651
0.231198208600,0.002236497430,0.001328040310,0.301468677092
0.228570956300,0.001711201525,0.001317572632,0.191081638359
0.225943703900,0.001489881586,0.001259007004,0.096410650720
0.223316451500,0.001412813557,0.001278985290,0.044962530870
0.220689199100,0.001411872822,0.001371760339,-0.025370112368
0.218061946800,0.001618247631,0.001490527464,-0.067842657103
0.215434694400,0.001813499945,0.001563808353,-0.048379141809
0.212807442000,0.001915697370,0.001659781161,-0.036530140961
0.210180189700,0.002104983685,0.001809396723,-0.059679852083
0.207552937300,0.002313534302,0.001886974210,-0.048720654788
0.204925684900,0.002423116851,0.001951249770,-0.016128857165
0.202298432500,0.002490016588,0.002137302841,-0.000219195791
0.199671180200,0.002542012243,0.002225054370,-0.013915034969
0.197043927800,0.002668998885,0.002270742787,-0.025277566220
0.194416675400,0.002758694197,0.002368466425,-0.000851168807
0.191789423100,0.002751150014,0.002375725834,0.004527921009
0.189162170700,0.002760885489,0.002328344560,0.003488748359
0.186534918300,0.002744071788,0.002385049251,0.008708271795
0.183907666000,0.002718627396,0.002514712571,-0.019535929170
0.181280413600,0.002841716302,0.002568040167,-0.062461850146
0.178653161200,0.003015858859,0.002536141403,-0.080730513611
0.176025908800,0.003227166929,0.002590571710,-0.085775942257
0.173398656500,0.003511068174,0.002537603262,-0.098937588915
0.170771404100,0.003825856368,0.002418150257,-0.106803850651
0.168144151700,0.004106763864,0.002349161654,-0.102178248823
0.165516899400,0.004383213422,0.002288701716,-0.102971989415
0.162889647000,0.004707012131,0.002171636467,-0.111757240611
0.160262394600,0.005071335723,0.002090349792,-0.127792009325
0.157635142200,0.005462035562,0.002139004326,-0.055408839567
0.155007889900,0.005497027241,0.002167355868,0.053836542386
0.152380637500,0.005339036010,0.002199083327,0.099091460346
0.149753385100,0.005132418433,0.002309552104,0.117520979000
0.147126132800,0.004816804970,0.002370890117,0.132227414896
0.144498880400,0.004537101445,0.002338906230,0.140411072956
0.141871628000,0.004155664718,0.002205447766,0.135444792947
0.139244375600,0.003883517771,0.002096983961,0.127936761539
0.136617123300,0.003560449633,0.002069359314,0.194020925507
0.133989870900,0.002959368895,0.001972703241,0.257822875128
0.131362618500,0.002329791796,0.001924662132,0.263563395779
0.128735366200,0.001711108488,0.001926534733,0.201025070587
0.126108113800,0.001363378921,0.002051782410,0.136631726855
0.123480861400,0.001069299335,0.002236101433,0.131443316310
0.120853609000,0.000804858738,0.002290715976,0.074249724586
0.118226356700,0.000802210101,0.002364487668,0.003364625502
0.115599104300,0.000869313403,0.002579458489,0.007713054155
0.112971851900,0.000808826882,0.002658816027,0.010579726127
0.110344599600,0.000843033272,0.002654875960,-0.038824125621
0.107717347200,0.001012971008,0.002721054375,-0.070959256772
0.105090094800,0.001185981888,0.002737188240,-0.050931832633
0.102462842500,0.001241749996,0.002672873042,-0.033588730608
0.099835590100,0.001303657063,0.002692081836,-0.070677352960
0.097208337700,0.001574929646,0.002689266957,-0.091389010447
0.094581085300,0.001727662522,0.002735193207,-0.039561599258
0.091953833000,0.001727529736,0.002522876701,-0.006789977715
0.089326580600,0.001614117898,0.002430503583,0.006208723083
0.086699328200,0.001467018300,0.002476392963,0.010629146179
0.084072075900,0.001364104158,0.002343824484,-0.011217446891
0.081444823500,0.001356351002,0.002268634537,-0.021409941165
0.078817571100,0.001322328056,0.002192076782,-0.006464187108
0.076190318700,0.001261772076,0.002206640152,0.024883271199
0.073563066400,0.001055604610,0.002137534231,0.031010823225
0.070935814000,0.000936415845,0.002115616527,0.002202677758
0.068308561600,0.000952553662,0.002112711784,0.014271786469
0.065681309300,0.000786871280,0.002122669748,0.046287406514
0.063054056900,0.000676640126,0.002046721117,0.001086848005
0.060426804500,0.000683127141,0.002110586125,0.013399637688
0.057799552100,0.000561677045,0.002072602164,0.017863820240
0.055172299800,0.000528762484,0.002200037892,-0.030652813158
0.052545047400,0.000577264982,0.002190528608,-0.057029095075
0.049917795000,0.000659850677,0.002006066448,-0.054310739010
0.047290542700,0.000690037104,0.002039582275,-0.023245559681
0.044663290300,0.000610411692,0.002109158484,0.020443439145
0.042036037900,0.000432542833,0.002161447129,0.046711288854
0.039408785500,0.000231893635,0.002098660606,0.038614619757
0.036781533200,0.000087044783,0.002178110335,0.062686151659
0.034154280800,-0.000185816953,0.002102737881,0.118194988948
0.031527028400,-0.000573954057,0.001975076160,0.171017833901
0.028899776100,-0.001167875723,0.001949055292,0.197992679327
0.026272523700,-0.001743893285,0.001745034797,0.108378569875
0.023645271300,-0.001829400790,0.001198013319,0.054340519536
0.021018019000,-0.002119563346,0.000905875403,0.161183852429
0.018390766600,-0.002790218109,0.001014383929,0.144364430613
0.015763514200,-0.002917938100,0.001160196585,-0.048381687500
0.013136261800,-0.002619500410,0.001082077974,-0.112741974270
0.010509009500,-0.002334779572,0.000937510077,-0.126048499123
0.007881757100,-0.001977841416,0.000784445955,-0.184485934185
0.005254504700,-0.001352555452,0.000715434450,-0.224501855756
0.002627252400,-0.000815991595,0.000641014724,-0.190400668886
0.000000000000,-0.000358617448,0.000416584608,-0.178401047037
