0.391460603250,0.038562442665,-0.000084225572,0.020592441908
0.388833350880,0.038707254889,-0.000393190026,-0.011687945808
0.386206098510,0.038498006104,-0.000551609699,0.349351719240
0.383578846140,0.036947403591,-0.000468232088,0.490496027267
0.380951593770,0.035915282107,-0.000370231827,0.103318618981
0.378324341400,0.036379142660,-0.000141910730,-0.074515562464
0.375697089030,0.036308557539,0.000086307076,-0.302532782496
0.373069836660,0.038020249250,0.000379227667,0.015937467232
0.370442584290,0.036285280726,0.000709736117,0.106278362900
0.367815331920,0.037480556938,0.001068793547,-0.465036053421
0.365188079550,0.038704897115,0.001374549613,-0.426866685210
0.362560827170,0.039692846416,0.001854564829,-0.586447846285
0.359933574800,0.041759382947,0.002209080645,-0.489246066790
0.357306322430,0.042266244407,0.002623450774,-0.110881622217
0.354679070060,0.042407846564,0.002843145718,-0.051224247283
0.352051817690,0.042503945655,0.003076258830,-0.053925514258
0.349424565320,0.042627559034,0.003177381272,-0.017455335331
0.346797312950,0.042594166188,0.003232742603,0.022964922624
0.344170060580,0.042543680851,0.003358236217,0.025134560821
0.341542808210,0.042453452483,0.003433198268,0.042328854408
0.338915555840,0.042371118898,0.003340153530,0.068793278956
0.336288303460,0.042176942411,0.003249164740,0.099593943291
0.333661051090,0.041926830462,0.003291900145,0.070498892387
0.331033798720,0.041827873042,0.003266219871,0.055448458085
0.328406546350,0.041696050681,0.003143461813,0.065196914162
0.325779293980,0.041525411907,0.003077923145,0.096699262501
0.323152041610,0.041275997596,0.003014314093,0.097206556959
0.320524789240,0.041114024820,0.003041723324,0.075376834699
0.317897536870,0.040968870297,0.002943358638,0.074405262417
0.315270284500,0.040814847215,0.002759799352,0.064019310017
0.312643032100,0.040723249687,0.002827269297,0.051336605795
0.310015779800,0.040591315559,0.002938228186,0.066663974056
0.307388527400,0.040461092014,0.002914918654,0.048958433129
0.304761275000,0.040437350267,0.002895503474,0.035297755712
0.302134022600,0.040412316696,0.002979428577,0.060520248192
0.299506770300,0.040303053219,0.003124995885,0.101258675691
0.296879517900,0.040117209475,0.003162530450,0.116124185743
0.294252265500,0.039885471711,0.003293892618,0.133982077727
0.291625013200,0.039537281933,0.003376001436,0.147967374790
0.288997760800,0.039186173190,0.003341481175,0.130462666505
0.286370508400,0.038964789726,0.003380948407,0.060048660523
0.283743256000,0.038948075783,0.003378751435,0.033369388604
0.281116003700,0.038872683413,0.003520209528,0.054170917948
0.278488751300,0.038751312391,0.003510034441,0.052219106989
0.275861498900,0.038681005039,0.003278543531,0.021490960585
0.273234246600,0.038712334884,0.002989064537,-0.008406891806
0.270606994200,0.038805870599,0.002838427258,-0.037220499410
0.267979741800,0.038953364730,0.002633426552,-0.070202729103
0.265352489400,0.039188080812,0.002491914177,-0.082671941469
0.262725237100,0.039418536064,0.002496777555,-0.055051732296
0.260097984700,0.039534483912,0.002415641869,-0.028520074311
0.257470732300,0.039677858433,0.002257813785,-0.006909036941
0.254843480000,0.039670992084,0.002226283984,0.007288958773
0.252216227600,0.039707281630,0.002252326835,-0.009197139963
0.249588975200,0.039764654761,0.002393354612,-0.014816481434
0.246961722900,0.039824030743,0.002534464401,0.010163840191
0.244334470500,0.039782886027,0.002607779604,0.029967742598
0.241707218100,0.039714233742,0.002684712208,0.028416799412
0.239079965700,0.039638336470,0.002650924695,-0.013641525624
0.236452713400,0.039763883079,0.002586021011,-0.060973499995
0.233825461000,0.039914917809,0.002328836104,-0.048324513757
0.231198208600,0.039967676292,0.001875374347,-0.032488705352
0.228570956300,0.040058805079,0.001698620370,-0.049827047327
0.225943703900,0.040233210371,0.001536136089,-0.036987193666
0.223316451500,0.040251771082,0.001364182943,0.003133100051
0.220689199100,0.040179090837,0.001208318810,0.019951800176
0.218061946800,0.040092936358,0.001130218918,0.031705027920
0.215434694400,0.039991218718,0.001013098282,0.039134122241
0.212807442000,0.039805484954,0.000923467047,0.053094230870
0.210180189700,0.039681738528,0.000835346946,0.007000034252
0.207552937300,0.039703222562,0.000759912566,-0.033960575302
0.204925684900,0.039769859035,0.000781994602,-0.060780485344
0.202298432500,0.039956507754,0.000734060164,-0.109390030638
0.199671180200,0.040252506578,0.000743326274,-0.120178795099
0.197043927800,0.040506648982,0.000810524348,-0.098808219363
0.194416675400,0.040724329215,0.000797064726,-0.059219609212
0.191789423100,0.040759604328,0.000813424855,-0.018039936181
0.189162170700,0.040748740146,0.000847886326,-0.012051755386
0.186534918300,0.040722871685,0.000900461820,0.003119763246
0.183907666000,0.040606421353,0.001036268536,0.035587233918
0.181280413600,0.040511942106,0.001130924669,0.024461850493
0.178653161200,0.040472043990,0.001259006176,0.003449417458
0.176025908800,0.040506722379,0.001465782384,-0.014525510798
0.173398656500,0.040469362449,0.001521097338,-0.013779654646
0.170771404100,0.040514121409,0.001674485899,-0.029248674751
0.168144151700,0.040580997893,0.001852524552,-0.038543941794
0.165516899400,0.040632399072,0.002035263155,-0.027403389025
0.162889647000,0.040651572640,0.002164146753,-0.002937955404
0.160262394600,0.040607834592,0.002224193334,0.017292167135
0.157635142200,0.040518076940,0.002182615934,0.027537474909
0.155007889900,0.040417922788,0.002157145379,-0.000627991317
0.152380637500,0.040479965881,0.002040416464,-0.046407534293
0.149753385100,0.040624925557,0.001953130876,-0.069198480862
0.147126132800,0.040808631444,0.001832659587,-0.085164869393
0.144498880400,0.041029043067,0.001718975943,-0.063768147017
0.141871628000,0.041131983002,0.001508772624,-0.047538252092
0.139244375600,0.041235377237,0.001344796689,-0.067089077868
0.136617123300,0.041462551769,0.001281550944,-0.039565041520
0.133989870900,0.041416632133,0.001243906779,0.017068927835
0.131362618500,0.041328205958,0.001161689810,0.012909258188
0.128735366200,0.041285128219,0.001024687336,0.011355525297
0.126108113800,0.041224997710,0.001137311641,0.031695056637
0.123480861400,0.041112034411,0.001221370907,0.058666123925
0.120853609000,0.040886944391,0.001280378467,0.093094420384
0.118226356700,0.040553964570,0.001288137939,0.073669660442
0.115599104300,0.040404708340,0.001362541509,0.064392708186
0.112971851900,0.040144857536,0.001566714904,0.092456170882
0.110344599600,0.039895757370,0.001666124740,0.104562968204
0.107717347200,0.039570039650,0.001730871829,0.115312442975
0.105090094800,0.039196957167,0.001718426031,0.130769921235
0.102462842500,0.038802876010,0.001810746509,0.123838474018
0.099835590100,0.038496794588,0.001833418591,0.073075965733
0.097208337700,0.038393145199,0.001889950772,-0.021292129516
0.094581085300,0.038490674946,0.002064057255,-0.054961532388
0.091953833000,0.038696447327,0.002184645266,-0.105384054753
0.089326580600,0.039046524730,0.002308413748,-0.142479176507
0.086699328200,0.039444315883,0.002372194937,-0.122104271993
0.084072075900,0.039661163538,0.002384901122,-0.059714560610
0.081444823500,0.039668750519,0.002410141530,-0.032232670164
0.078817571100,0.039729610269,0.002506827662,-0.003222663678
0.076190318700,0.039611756282,0.002595160426,0.077176812707
0.073563066400,0.039248709271,0.002750085927,0.214368349859
0.070935814000,0.038396719226,0.002803570173,-0.059463167742
0.068308561600,0.039445366273,0.002820674286,-0.158366316221
0.065681309300,0.039286133166,0.002841711573,0.053807213566
0.063054056900,0.039220251983,0.002911029324,0.007098741400
0.060426804500,0.039232943499,0.002851812788,0.030865576855
0.057799552100,0.039194739231,0.002744635513,0.065646334459
0.055172299800,0.038967456474,0.002764813860,0.084268674926
0.052545047400,0.038839400341,0.002763347865,0.088881271030
0.049917795000,0.038598075417,0.002700904240,0.111953887010
0.047290542700,0.038308452700,0.002769834660,0.097954184375
0.044663290300,0.038081507440,0.002645441923,0.065393956513
0.042036037900,0.037964828582,0.002655560394,0.063382781734
0.039408785500,0.037717958160,0.002590226227,0.079205113140
0.036781533200,0.037601279515,0.002462998138,0.025148216847
0.034154280800,0.037622597778,0.002353557510,0.007119898528
0.031527028400,0.037636997517,0.002422555363,0.053684557798
0.028899776100,0.037467687887,0.002345091102,0.093416758594
0.026272523700,0.037240638394,0.002328528841,0.087243966479
0.023645271300,0.037039025212,0.002042765669,0.253472660321
0.021018019000,0.035937989448,0.001888201173,0.130567984221
0.018390766600,0.036468796303,0.001785952953,0.017923329037
0.015763514200,0.036002869367,0.001543755522,0.195378216206
0.013136261800,0.035567145257,0.001325985824,0.164643205216
0.010509009500,0.035215508079,0.001065147942,0.145184963469
0.007881757100,0.034896512897,0.000847078724,0.106276227873
0.005254504700,0.034819191152,0.000636442047,0.139922734272
0.002627252400,0.034296067043,0.000455925046,0.672353623523
0.000000000000,0.031444532420,0.000159270478,1.125309358362
