0.391460603250,-0.049865567399,-0.000338763599,0.701767194921
0.388833350880,-0.051587701929,-0.000648797233,0.319788819603
0.386206098510,-0.051368081968,-0.000806777678,0.164125598315
0.383578846140,-0.052261761093,-0.000673054249,0.381809958582
0.380951593770,-0.053227072282,-0.000578969056,0.379025172530
0.378324341400,-0.054104502546,-0.000387361153,0.354128282313
0.375697089030,-0.054965286383,-0.000220161597,0.461622842214
0.373069836660,-0.056470485901,0.000036524640,0.397689941393
0.370442584290,-0.056991281753,0.000365506576,0.119092194711
0.367815331920,-0.056998315744,0.000607267518,-0.051442219202
0.365188079550,-0.056637052859,0.000819081085,-0.129561384106
0.362560827170,-0.056249136453,0.001052208378,-0.149194354029
0.359933574800,-0.055764213050,0.001273574713,-0.115787846283
0.357306322430,-0.055473117642,0.001624591357,-0.089340807787
0.354679070060,-0.055159732746,0.001914147693,-0.376644126234
0.352051817690,-0.053412753648,0.002110228063,-0.162152370866
0.349424565320,-0.054354452510,0.002132759137,0.128556441367
0.346797312950,-0.054120115757,0.002179702245,-0.072050996734
0.344170060580,-0.053953105378,0.002198870265,-0.039428440555
0.341542808210,-0.053885874855,0.002166401886,0.007974225638
0.338915555840,-0.053901250353,0.002242255845,0.048210406959
0.336288303460,-0.054071254518,0.002297464133,0.074613147930
0.333661051090,-0.054253473916,0.002263539739,0.058004988057
0.331033798720,-0.054389025404,0.002329792923,0.064915286653
0.328406546350,-0.054645789613,0.002394635395,0.081447982398
0.325779293980,-0.054876713890,0.002473963157,0.070447743548
0.323152041610,-0.055072739720,0.002548330505,0.073190168293
0.320524789240,-0.055250687413,0.002659289268,0.066513565403
0.317897536870,-0.055418845099,0.002635319253,0.057424650112
0.315270284500,-0.055586508585,0.002697910554,0.044867381040
0.312643032100,-0.055737054584,0.002754361209,0.043686324730
0.310015779800,-0.055879396279,0.002728450029,0.028722933625
0.307388527400,-0.055968284442,0.002760104369,0.025785797705
0.304761275000,-0.056119704147,0.002780190955,0.041316520036
0.302134022600,-0.056243224053,0.002699987739,0.047147258361
0.299506770300,-0.056403408206,0.002581263522,0.053698618157
0.296879517900,-0.056549943142,0.002647435597,0.019432338883
0.294252265500,-0.056604836902,0.002756155027,-0.007378358698
0.291625013200,-0.056589063635,0.002846409118,-0.004008144631
0.288997760800,-0.056666802583,0.002859518594,0.006473315342
0.286370508400,-0.056765288846,0.002793689377,0.004570843563
0.283743256000,-0.056815153979,0.002798055926,-0.024707151711
0.281116003700,-0.056741237085,0.002830433763,-0.070791117683
0.278488751300,-0.056612586857,0.002789317319,-0.085604363568
0.275861498900,-0.056464995994,0.002796521489,-0.076007712809
0.273234246600,-0.056368587172,0.002667223285,-0.076316591670
0.270606994200,-0.056269830457,0.002491146559,-0.086178671708
0.267979741800,-0.056102002893,0.002242503291,-0.086607709751
0.265352489400,-0.055971296286,0.002191212250,-0.053176508162
0.262725237100,-0.055957725685,0.002148470982,-0.031440163896
0.260097984700,-0.055985383908,0.002269035808,-0.036982428020
0.257470732300,-0.055976369382,0.002185019015,-0.026437809154
0.254843480000,-0.056061069501,0.002170010441,-0.003569438336
0.252216227600,-0.056146995083,0.002194806538,0.002075835087
0.249588975200,-0.056237933612,0.002194009419,0.002396545853
0.246961722900,-0.056358365383,0.002186179904,0.007807674796
0.244334470500,-0.056487579419,0.002227729812,0.023034335917
0.241707218100,-0.056682221427,0.002253137651,0.024747832171
0.239079965700,-0.056836270200,0.002256656908,0.017458251038
0.236452713400,-0.056986778512,0.002249659914,0.010472704325
0.233825461000,-0.057068815666,0.002152528072,0.015944604360
0.231198208600,-0.057191320146,0.001966230703,0.048284079586
0.228570956300,-0.057411428728,0.001787378857,0.038102332679
0.225943703900,-0.057442754515,0.001713538313,0.015234731583
0.223316451500,-0.057524802506,0.001545697171,0.055015106056
0.220689199100,-0.057726078417,0.001434081300,0.082756572589
0.218061946800,-0.057975654575,0.001471628847,0.091233587319
0.215434694400,-0.058171476879,0.001542434705,0.103416273179
0.212807442000,-0.058470626829,0.001496773641,0.100244310938
0.210180189700,-0.058702930322,0.001535561793,0.074012883228
0.207552937300,-0.058854970799,0.001605775284,0.071515792495
0.204925684900,-0.059024085273,0.001673266105,0.044580811282
0.202298432500,-0.059047837898,0.001720018966,0.000147477743
0.199671180200,-0.059002708251,0.001824763888,-0.021531348538
0.197043927800,-0.058932527264,0.001995130577,-0.036974591373
0.194416675400,-0.058768223058,0.001971678497,-0.044722949668
0.191789423100,-0.058655275727,0.002021531873,-0.019986923353
0.189162170700,-0.058629416782,0.002098660865,0.004120544795
0.186534918300,-0.058565247180,0.002047644224,0.009891217560
0.183907666000,-0.058557665096,0.002032825407,0.030998094425
0.181280413600,-0.058608295637,0.002053827077,0.043884435228
0.178653161200,-0.058641764965,0.002176515989,0.035146543082
0.176025908800,-0.058688031441,0.002267488057,0.045579942027
0.173398656500,-0.058773398007,0.002378791002,0.038535300950
0.170771404100,-0.058792177932,0.002468066492,0.006781197124
0.168144151700,-0.058735894238,0.002545571655,0.010591658587
0.165516899400,-0.058755029246,0.002680746284,0.010200141446
0.162889647000,-0.058718045192,0.002764093478,-0.005555033412
0.160262394600,-0.058685927415,0.002892424231,0.000331777907
0.157635142200,-0.058681890822,0.003073224988,0.009769626645
0.155007889900,-0.058708882255,0.003018207854,0.006024851107
0.152380637500,-0.058656551102,0.003025174901,-0.026460917091
0.149753385100,-0.058506273342,0.003167154279,-0.083253576655
0.147126132800,-0.058185575862,0.003296931375,-0.146587150727
0.144498880400,-0.057732374658,0.003316177358,-0.177823824608
0.141871628000,-0.057280738545,0.003281067668,-0.139480445296
0.139244375600,-0.056979851699,0.003294349416,-0.133565669018
0.136617123300,-0.056595880386,0.003176229207,-0.144610864269
0.133989870900,-0.056164269023,0.003009845699,-0.070276285082
0.131362618500,-0.056066053501,0.002911569005,0.019264402525
0.128735366200,-0.056043283995,0.002802427706,0.040047124545
0.126108113800,-0.056086461093,0.002725036303,0.061057359848
0.123480861400,-0.056260022610,0.002612043446,0.109061932890
0.120853609000,-0.056526154450,0.002612627273,0.143963657071
0.118226356700,-0.056873204636,0.002505084348,0.188716924862
0.115599104300,-0.057354240000,0.002495771350,0.190772620005
0.112971851900,-0.057739400205,0.002436565028,0.154972834905
0.110344599600,-0.058039208125,0.002363882923,0.142731543677
0.107717347200,-0.058409854126,0.002458259019,0.160000581983
0.105090094800,-0.058838456078,0.002480429506,0.183358643358
0.102462842500,-0.059328618122,0.002426632620,0.220804924808
0.099835590100,-0.059927069863,0.002373551884,0.229726771070
0.097208337700,-0.060444280560,0.002363708339,0.233777217176
0.094581085300,-0.061071441468,0.002569483882,0.201074754996
0.091953833000,-0.061466611004,0.002682674870,0.103986310602
0.089326580600,-0.061581264216,0.002613224796,0.005950990941
0.086699328200,-0.061540431856,0.002605711041,-0.094606398497
0.084072075900,-0.061188620764,0.002631577980,-0.162298898139
0.081444823500,-0.060797802046,0.002604661073,-0.136527984534
0.078817571100,-0.060506672783,0.002602361707,-0.119085705357
0.076190318700,-0.060167717630,0.002614665055,-0.111253304647
0.073563066400,-0.059991561102,0.002601209967,-0.059946745910
0.070935814000,-0.059896742427,0.002694105710,-0.043634275643
0.068308561600,-0.059807653147,0.002835100434,-0.027823488109
0.065681309300,-0.059814602249,0.002815542663,-0.002892720034
0.063054056900,-0.059909281251,0.002805952009,0.018274216021
0.060426804500,-0.060071043945,0.002804923139,0.083168284382
0.057799552100,-0.060496190061,0.002759498865,0.160902559557
0.055172299800,-0.061044757022,0.002763756396,0.195359978007
0.052545047400,-0.061583220515,0.002793968140,0.161578955226
0.049917795000,-0.062004342556,0.002802017767,0.112654538624
0.047290542700,-0.062368040873,0.002679866890,0.104129176289
0.044663290300,-0.062722386443,0.002567541766,0.058144326808
0.042036037900,-0.062900237688,0.002406089530,0.010555848176
0.039408785500,-0.063025278841,0.002159451699,0.007192738107
0.036781533200,-0.063162762954,0.001987304562,-0.013887362012
0.034154280800,-0.063171767440,0.001894212811,-0.068713577241
0.031527028400,-0.063041710073,0.001762576734,-0.123970501425
0.028899776100,-0.062762199072,0.001728061630,-0.136288704683
0.026272523700,-0.062507112058,0.001608494313,-0.119391031124
0.023645271300,-0.062274777588,0.001688600435,-0.058068045066
0.021018019000,-0.062415349173,0.001693878860,-0.003030676459
0.018390766600,-0.062545243762,0.001633785851,-0.010019225210
0.015763514200,-0.062622872941,0.001554764355,0.002033685960
0.013136261800,-0.062748007888,0.001515190635,-0.001541448865
0.010509009500,-0.062743809070,0.001487294371,-0.028424620421
0.007881757100,-0.062682575620,0.001447929750,-0.103224517813
0.005254504700,-0.062289303730,0.001430608452,-0.159017995984
0.002627252400,-0.061941207175,0.001213766467,-1.003347406024
0.000000000000,-0.057120254070,0.001091759882,-1.841291688573
