0.391460603250,0.043629641782,0.000716193266,-1.020106605140
0.388833350880,0.046478823147,0.000514768707,-0.589136302356
0.386206098510,0.046943432742,0.000487112694,-0.008012695381
0.383578846140,0.046677343708,0.000391537038,-0.000612950462
0.380951593770,0.047012604723,0.000464008523,0.000059711410
0.378324341400,0.046669650134,0.000772182996,0.054266789137
0.375697089030,0.046799646501,0.000903556629,-0.195964445703
0.373069836660,0.047718429770,0.001118068471,-0.081800490319
0.370442584290,0.047248903025,0.001330672402,-0.282948012126
0.367815331920,0.049164042594,0.001512089875,-0.380475328659
0.365188079550,0.049160035181,0.001541463669,-0.119819909704
0.362560827170,0.049654364962,0.001686950132,-0.184240024236
0.359933574800,0.050046503008,0.002081768602,-0.111226117164
0.357306322430,0.050198403908,0.002131595036,-0.126274091959
0.354679070060,0.050694173025,0.002220972019,-0.157733252020
0.352051817690,0.050947136202,0.002196583494,-0.098849951474
0.349424565320,0.051124649102,0.002274807546,-0.085181115591
0.346797312950,0.051284964368,0.002240377033,0.167687877516
0.344170060580,0.050140583490,0.002123533747,-0.130859442523
0.341542808210,0.051794837596,0.002125665317,-0.340315259227
0.338915555840,0.051770605768,0.002159388912,-0.011137555310
0.336288303460,0.051755056012,0.002235457222,0.018072525398
0.333661051090,0.051608248520,0.002282550437,0.037088793010
0.331033798720,0.051501657534,0.002335161067,0.034192804437
0.328406546350,0.051363375578,0.002266632628,0.049092198109
0.325779293980,0.051176529681,0.002366970631,0.074094529539
0.323152041610,0.050961886295,0.002519016533,0.078875283274
0.320524789240,0.050754957061,0.002614699137,0.059094741315
0.317897536870,0.050586353740,0.002595001594,0.034261120141
0.315270284500,0.050554633277,0.002461424683,0.018856576457
0.312643032100,0.050463464582,0.002524588878,0.033324321560
0.310015779800,0.050323117897,0.002699378654,0.053731382110
0.307388527400,0.050145522899,0.002715593799,0.050077799558
0.304761275000,0.050060005739,0.002640995557,0.046898474685
0.302134022600,0.049890287293,0.002611837067,0.053489991613
0.299506770300,0.049759292324,0.002465512628,0.027481832320
0.296879517900,0.049675488260,0.002446953640,0.040289399079
0.294252265500,0.049470263364,0.002336278115,0.038659817322
0.291625013200,0.049446195556,0.002203710222,-0.046126478637
0.288997760800,0.049667315875,0.002234415193,-0.080617975100
0.286370508400,0.049848146279,0.002053715062,-0.100479749698
0.283743256000,0.050104787364,0.001969529146,-0.099855761367
0.281116003700,0.050247570808,0.001960173370,-0.079231071084
0.278488751300,0.050389514222,0.001936836407,-0.059098865481
0.275861498900,0.050502842854,0.001867220601,-0.026809210521
0.273234246600,0.050504546949,0.001719253759,0.000018488044
0.270606994200,0.050500358771,0.001514554373,-0.002473891054
0.267979741800,0.050544522607,0.001449135708,-0.026578020021
0.265352489400,0.050625926429,0.001315091395,-0.038607943866
0.262725237100,0.050694005491,0.001104744827,-0.055600650380
0.260097984700,0.050841711687,0.001093357381,-0.046468551438
0.257470732300,0.050878273803,0.001069322690,-0.006966913188
0.254843480000,0.050802689432,0.001043997440,0.024563989487
0.252216227600,0.050613913792,0.001048625715,0.063477622637
0.249588975200,0.050400287368,0.001014377551,0.062359261967
0.246961722900,0.050253477775,0.000946529409,0.054941075441
0.244334470500,0.050049997079,0.001112023451,0.068187062989
0.241707218100,0.049861195449,0.001110449215,0.087233460515
0.239079965700,0.049567537394,0.001083429841,0.096433160938
0.236452713400,0.049323587300,0.001140327059,0.089921550547
0.233825461000,0.049067036987,0.001163713424,0.092951476492
0.231198208600,0.048831709034,0.001079133820,0.073495974020
0.228570956300,0.048688845827,0.001056942622,0.065395947701
0.225943703900,0.048487992082,0.001053587365,0.082797935850
0.223316451500,0.048284265583,0.000966455023,0.064077023591
0.220689199100,0.048197740539,0.000861903208,0.065752705629
0.218061946800,0.047910704109,0.000735726392,0.127688201711
0.215434694400,0.047507025661,0.000634576833,0.136004095236
0.212807442000,0.047170799624,0.000482721505,0.124818810600
0.210180189700,0.046862514978,0.000458825669,0.120348761412
0.207552937300,0.046524220234,0.000414808534,0.100000828275
0.204925684900,0.046337099181,0.000479531440,0.045754750701
0.202298432500,0.046265766798,0.000525451297,0.009280766403
0.199671180200,0.046240999543,0.000434468081,0.002953627365
0.197043927800,0.046233392687,0.000577485963,-0.011223737077
0.194416675400,0.046308913527,0.000649658456,-0.045170644033
0.191789423100,0.046472297212,0.000701392321,-0.082764866786
0.189162170700,0.046710667382,0.000781284050,-0.092377083952
0.186534918300,0.046845150278,0.000772401162,-0.057125819458
0.183907666000,0.046897829391,0.000792280574,-0.082994001096
0.181280413600,0.047119335524,0.000799416247,-0.081761045544
0.178653161200,0.047187118764,0.000833814198,-0.025303425589
0.176025908800,0.047175374096,0.000971289669,-0.002815823753
0.173398656500,0.047179941289,0.001039578353,-0.014793178668
0.170771404100,0.047227721706,0.001129156805,-0.009680589586
0.168144151700,0.047197602168,0.001202998996,-0.004162491532
0.165516899400,0.047144600326,0.001204429795,0.009585862959
0.162889647000,0.047091726129,0.001195812827,0.021567081795
0.160262394600,0.047013143253,0.001228663495,-0.002307937215
0.157635142200,0.046965558786,0.001307411289,-0.016094075771
0.155007889900,0.046936186359,0.001387516885,0.002636303669
0.152380637500,0.046863602622,0.001393036896,-0.027321826298
0.149753385100,0.046975806284,0.001372941756,-0.060212534066
0.147126132800,0.047119352610,0.001299233894,-0.089468927966
0.144498880400,0.047388849679,0.001386201193,-0.132666114549
0.141871628000,0.047758079516,0.001363467713,-0.153865591641
0.139244375600,0.048166577644,0.001403179840,-0.190275833202
0.136617123300,0.048717318704,0.001459571998,-0.211844730508
0.133989870900,0.049202867198,0.001458437009,-0.176603213039
0.131362618500,0.049607583352,0.001418628688,-0.158788859864
0.128735366200,0.049971241530,0.001381127774,-0.131989166486
0.126108113800,0.050292407642,0.001377071986,-0.091452630075
0.123480861400,0.050474925659,0.001434473905,-0.015211463737
0.120853609000,0.050433625192,0.001391438142,0.055685766306
0.118226356700,0.050263629247,0.001314180890,0.100566830516
0.115599104300,0.050007621617,0.001222187111,0.115438573102
0.112971851900,0.049741331735,0.001035138187,0.141698096754
0.110344599600,0.049373360425,0.001032313293,0.181098973767
0.107717347200,0.048925545414,0.000957264945,0.189686948607
0.105090094800,0.048500998431,0.000881874948,0.172264294177
0.102462842500,0.048121652240,0.000778364163,0.151451221705
0.099835590100,0.047774030347,0.000718823041,0.179846697477
0.097208337700,0.047247287364,0.000678824954,0.175402103664
0.094581085300,0.046904584974,0.000581695870,0.159442066646
0.091953833000,0.046447065700,0.000623843982,0.175673680101
0.089326580600,0.045993936546,0.000700551007,0.106801787335
0.086699328200,0.045882761389,0.000589434943,0.026880844281
0.084072075900,0.045789853036,0.000448544719,0.013219538022
0.081444823500,0.045827476774,0.000384932661,-0.034752124389
0.078817571100,0.045953673449,0.000280447479,-0.086608087573
0.076190318700,0.046251398783,0.000211973661,-0.110675292009
0.073563066400,0.046480638782,0.000140598130,-0.093501094269
0.070935814000,0.046711087771,0.000052057649,-0.073752038720
0.068308561600,0.046894484958,0.000025723374,-0.092570223118
0.065681309300,0.047113343227,0.000055952766,-0.073504088375
0.063054056900,0.047166804542,0.000093930866,-0.005460806172
0.060426804500,0.046968240946,0.000219924785,0.065566785609
0.057799552100,0.046638163009,0.000175951056,0.113964450096
0.055172299800,0.046182431794,0.000059208412,0.160650203172
0.052545047400,0.045666686557,0.000209422099,0.169883304341
0.049917795000,0.045214951567,0.000187249776,0.114905695851
0.047290542700,0.044966724230,0.000084063230,0.079362859878
0.044663290300,0.044704432629,-0.000053221466,0.080563103344
0.042036037900,0.044489117380,-0.000086057559,0.095849615202
0.039408785500,0.044162548133,-0.000249407171,0.115206987138
0.036781533200,0.043852672661,-0.000293770423,0.109067612081
0.034154280800,0.043577187088,-0.000234049760,0.079349641897
0.031527028400,0.043436739881,-0.000165477957,-0.021138003876
0.028899776100,0.043703176661,-0.000061836021,-0.067138453053
0.026272523700,0.043842667793,-0.000106520192,-0.003840381238
0.023645271300,0.043852317046,-0.000116355455,0.032929067862
0.021018019000,0.043820112269,-0.000080760217,0.018447397064
0.018390766600,0.043876783421,-0.000039360308,0.012569499111
0.015763514200,0.043862745276,-0.000125575464,0.085275414716
0.013136261800,0.043577030144,-0.000391609379,0.039751210773
0.010509009500,0.043768457536,-0.000380166223,-0.038938417384
0.007881757100,0.043922789570,-0.000357968535,-0.076693299387
0.005254504700,0.044282923947,-0.000367098883,-0.179346504610
0.002627252400,0.044889799682,-0.000390642980,1.085386375779
0.000000000000,0.038592051967,-0.000373672871,2.361384682807
