0.391460603250,-0.033624175497,-0.000040576262,0.468573607736
0.388833350880,-0.034853374637,-0.000251254202,0.413215034195
0.386206098510,-0.035779166052,-0.000667697914,-0.252379448288
0.383578846140,-0.033506654393,-0.000642703768,-0.035086542216
0.380951593770,-0.035570131851,-0.000711865969,0.537251053073
0.378324341400,-0.036321344523,-0.000569939316,0.137462852219
0.375697089030,-0.036302505707,-0.000459757473,-0.006112050120
0.373069836660,-0.036212869327,-0.000356458695,0.040849121130
0.370442584290,-0.036473972028,-0.000069655636,0.110294731177
0.367815331920,-0.036738083920,0.000029374183,-0.190066142461
0.365188079550,-0.035468608360,0.000168686779,-0.129953712435
0.362560827170,-0.036049616405,0.000473770056,0.343376355460
0.359933574800,-0.037256212155,0.000884021657,0.207929771208
0.357306322430,-0.037119363818,0.001255929773,-0.108820575817
0.354679070060,-0.036681455952,0.001614205906,-0.191795469849
0.352051817690,-0.036152316071,0.001922563640,-0.226823147677
0.349424565320,-0.035607166946,0.002098940018,-0.175034603760
0.346797312950,-0.035397750697,0.002243142627,-0.081756322417
0.344170060580,-0.035171495785,0.002248790385,-0.059892767573
0.341542808210,-0.035130346535,0.002181590717,0.000390778118
0.338915555840,-0.035235394085,0.002173161633,0.020246773480
0.336288303460,-0.035367960279,0.002284352734,0.070361341295
0.333661051090,-0.035712225074,0.002303845591,0.120116670387
0.331033798720,-0.035982270906,0.002316337186,0.073085088477
0.328406546350,-0.036119863390,0.002471499697,0.071966308035
0.325779293980,-0.036378560270,0.002550727193,0.091606013713
0.323152041610,-0.036584804824,0.002546794952,0.066770776824
0.320524789240,-0.036717992447,0.002445473034,0.033021584335
0.317897536870,-0.036788651139,0.002364643263,0.026298319470
0.315270284500,-0.036833413088,0.002245053103,0.033172986045
0.312643032100,-0.036914267975,0.002245918492,0.040084376415
0.310015779800,-0.037026185340,0.002335087156,0.051830369357
0.307388527400,-0.037181305779,0.002330439651,0.048551580023
0.304761275000,-0.037278107430,0.002258082190,0.033388850563
0.302134022600,-0.037359689353,0.002338286811,0.076151043355
0.299506770300,-0.037657966864,0.002357461984,0.114426781343
0.296879517900,-0.037862549152,0.002400103834,0.081997727615
0.294252265500,-0.038040989626,0.002339106492,0.068690642102
0.291625013200,-0.038150862171,0.002262775406,0.035477279243
0.288997760800,-0.038159041678,0.002258479182,-0.005977604207
0.286370508400,-0.038157582455,0.002242479390,-0.030312187106
0.283743256000,-0.038077903123,0.002278211260,-0.029695976407
0.281116003700,-0.038068971011,0.002263841144,-0.031738453148
0.278488751300,-0.038049343450,0.002342060857,-0.011406231995
0.275861498900,-0.038188670198,0.002490587102,0.024513940312
0.273234246600,-0.038335497911,0.002592112887,-0.010668310607
0.270606994200,-0.038356307482,0.002517642448,-0.034387012708
0.267979741800,-0.038356394352,0.002428088276,-0.062716150126
0.265352489400,-0.038204928614,0.002372876654,-0.106763640612
0.262725237100,-0.037965780778,0.002316855230,-0.136686254029
0.260097984700,-0.037681012526,0.002305304371,-0.135495024324
0.257470732300,-0.037402242758,0.002335845599,-0.134999533555
0.254843480000,-0.037168731893,0.002421122492,-0.116110186779
0.252216227600,-0.037012929120,0.002556856461,-0.089025245562
0.249588975200,-0.036905483347,0.002503004098,-0.047932137573
0.246961722900,-0.036960451906,0.002436593794,-0.006318915786
0.244334470500,-0.037108606689,0.002352129631,0.011877341274
0.241707218100,-0.037274343333,0.002178139108,0.010906049130
0.239079965700,-0.037432248475,0.002176487781,0.021896013023
0.236452713400,-0.037630416708,0.002128736529,0.038229384551
0.233825461000,-0.037842229633,0.002006706283,0.018715496099
0.231198208600,-0.037887472490,0.001929525833,-0.009561830496
0.228570956300,-0.037949817302,0.001775192278,0.007865734968
0.225943703900,-0.038082688159,0.001736760161,0.027274714233
0.223316451500,-0.038183734390,0.001669909883,-0.000044871119
0.220689199100,-0.038109763080,0.001565346169,-0.041447704525
0.218061946800,-0.037972142278,0.001477988946,-0.024727300646
0.215434694400,-0.037989129215,0.001374846997,0.002071386261
0.212807442000,-0.037970389587,0.001332779591,-0.012390640605
0.210180189700,-0.037920584943,0.001238719871,-0.028423058172
0.207552937300,-0.037837773910,0.001227402650,-0.043692212562
0.204925684900,-0.037702201818,0.001140162739,-0.054620212434
0.202298432500,-0.037546806107,0.001011647926,-0.040366347170
0.199671180200,-0.037514766199,0.000917590129,-0.026500617462
0.197043927800,-0.037425190626,0.000948565507,-0.050168661498
0.194416675400,-0.037270810356,0.000912466853,-0.031684804426
0.191789423100,-0.037240681907,0.000842302433,-0.030223037753
0.189162170700,-0.037091440036,0.000886458382,-0.042847078320
0.186534918300,-0.037029061263,0.001049292441,-0.008404045829
0.183907666000,-0.036988169863,0.001101238793,-0.003587610101
0.181280413600,-0.036974803859,0.001185758107,0.010760230981
0.178653161200,-0.037041834573,0.001331315815,0.030163246208
0.176025908800,-0.037036560135,0.001338445383,0.016358364089
0.173398656500,-0.037038437233,0.001289444359,0.016358795124
0.170771404100,-0.037048288806,0.001337014950,0.012107604294
0.168144151700,-0.037052524203,0.001474427782,0.018622813220
0.165516899400,-0.037123630831,0.001566647981,0.021605171259
0.162889647000,-0.037175203469,0.001470650001,0.012083831198
0.160262394600,-0.037237006612,0.001580446646,0.037601809825
0.157635142200,-0.037376106090,0.001712273431,0.047512133210
0.155007889900,-0.037482269571,0.001793966830,0.010065103538
0.152380637500,-0.037484707895,0.001979503782,0.006592797374
0.149753385100,-0.037527616063,0.002001534715,0.026597261283
0.147126132800,-0.037595004618,0.001984588614,0.010406765340
0.144498880400,-0.037573330729,0.001995975906,-0.021151245386
0.141871628000,-0.037519464803,0.001972112377,-0.040964567648
0.139244375600,-0.037415455829,0.001980415080,-0.061378234908
0.136617123300,-0.037219243119,0.002013986884,-0.041878577549
0.133989870900,-0.037146668801,0.001946877142,-0.020965288893
0.131362618500,-0.037048055442,0.001913009631,-0.061324588496
0.128735366200,-0.036839861151,0.001973342780,-0.090990316337
0.126108113800,-0.036614247906,0.001954341703,-0.077872561422
0.123480861400,-0.036444018943,0.001863381833,-0.032163903588
0.120853609000,-0.036442815452,0.001847224582,0.004878606632
0.118226356700,-0.036467570654,0.001847738568,0.014125702926
0.115599104300,-0.036536043859,0.001859646996,0.062575118013
0.112971851900,-0.036800264922,0.001840726917,0.119354646380
0.110344599600,-0.037176000339,0.001960437484,0.139935062196
0.107717347200,-0.037509119344,0.002144371100,0.118931676655
0.105090094800,-0.037803750492,0.002176066052,0.124593184551
0.102462842500,-0.038161043545,0.002115930232,0.144526684639
0.099835590100,-0.038519814609,0.002072319669,0.165132830359
0.097208337700,-0.038886811341,0.002062486259,0.156010499491
0.094581085300,-0.039293105908,0.002225135090,0.149794923610
0.091953833000,-0.039636889779,0.002218608704,0.106374915035
0.089326580600,-0.039762880042,0.002190605736,0.073198110098
0.086699328200,-0.039864968459,0.002207633833,0.061686145339
0.084072075900,-0.039941593186,0.002360695968,0.011135892470
0.081444823500,-0.039910260900,0.002567206419,-0.004548398593
0.078817571100,-0.039950777942,0.002630912524,-0.015111658336
0.076190318700,-0.039846582552,0.002583600011,-0.082686568179
0.073563066400,-0.039580227312,0.002715715522,-0.102136817693
0.070935814000,-0.039360234395,0.002819524884,-0.123737138179
0.068308561600,-0.038996642060,0.002876552885,-0.140877047922
0.065681309300,-0.038717938183,0.002914392432,-0.090596960023
0.063054056900,-0.038599379259,0.002954106698,-0.073603562245
0.060426804500,-0.038385960741,0.003078829408,-0.090212955704
0.057799552100,-0.038233322284,0.003287345244,-0.040086854180
0.055172299800,-0.038243416367,0.003392219618,0.003807962918
0.052545047400,-0.038314186828,0.003462781128,0.010995964818
0.049917795000,-0.038361597397,0.003454672356,0.008268696280
0.047290542700,-0.038455662568,0.003507006935,0.054700023022
0.044663290300,-0.038699710746,0.003369745978,0.105685892550
0.042036037900,-0.039066305295,0.003407504079,0.099529471513
0.039408785500,-0.039328183872,0.003401666468,0.075854832039
0.036781533200,-0.039489505673,0.003323808819,0.093056400382
0.034154280800,-0.039884874739,0.003295980447,0.164073605316
0.031527028400,-0.040354308437,0.003188214446,0.151496657951
0.028899776100,-0.040684550398,0.003075458326,0.100414423222
0.026272523700,-0.040881519344,0.002868417586,0.044272332013
0.023645271300,-0.040934066437,0.002746449657,-0.026086694412
0.021018019000,-0.040794261336,0.002741222178,-0.014284557332
0.018390766600,-0.040840984001,0.002574782280,0.082654435575
0.015763514200,-0.041230866542,0.002306336024,0.119910544304
0.013136261800,-0.041493294801,0.002156016270,0.084531692484
0.010509009500,-0.041733225172,0.002039912402,0.070397787235
0.007881757100,-0.041961731499,0.001847780854,0.056089105945
0.005254504700,-0.042050077315,0.001541295479,-0.024391427531
0.002627252400,-0.041862491397,0.001233662035,-0.819970027967
0.000000000000,-0.037688273275,0.000574452216,-1.560799854091
