0.391460603250,-0.053965787758,-0.000104185001,0.266167558401
0.388833350880,-0.054755912749,-0.000467593431,0.255570117569
0.386206098510,-0.054980250560,-0.000402195520,0.133417733923
0.383578846140,-0.055385248213,-0.000123759818,-0.163603586686
0.380951593770,-0.054225929436,0.000030198681,-0.132430880715
0.378324341400,-0.054725724046,0.000305563225,-0.042181648436
0.375697089030,-0.054054604916,0.000730629631,0.069591938176
0.373069836660,-0.055119938304,0.000916788361,0.321391914283
0.370442584290,-0.055680227138,0.001117551096,0.386186091252
0.367815331920,-0.057288415990,0.001353520089,0.252397812612
0.365188079550,-0.056940333426,0.001309394526,-0.146462414280
0.362560827170,-0.056492296932,0.001441292038,-0.248138640438
0.359933574800,-0.055647915626,0.001615185961,-0.036655333727
0.357306322430,-0.056318243774,0.001678947285,0.174660463125
0.354679070060,-0.056607778677,0.001734384401,0.034107267755
0.352051817690,-0.056573705336,0.001737866701,-0.034624151642
0.349424565320,-0.056498868507,0.001818520733,-0.069930692457
0.346797312950,-0.056304464214,0.001918857331,-0.061585329717
0.344170060580,-0.056213356336,0.001955059859,-0.026686646696
0.341542808210,-0.056146598275,0.001947625814,-0.015830240082
0.338915555840,-0.056115886900,0.002126385250,-0.008366089758
0.336288303460,-0.056171505416,0.002306826445,0.029790391188
0.333661051090,-0.056361015645,0.002345399047,0.089829799755
0.331033798720,-0.056731318131,0.002403019355,0.132473297788
0.328406546350,-0.057112723222,0.002488426812,0.141553659540
0.325779293980,-0.057465775591,0.002543691742,0.111762881011
0.323152041610,-0.057683913664,0.002665922331,0.066021080633
0.320524789240,-0.057858710893,0.002817143809,0.072198720174
0.317897536870,-0.058117310321,0.002765246314,0.061410335425
0.315270284500,-0.058227975783,0.002823223360,0.045636276709
0.312643032100,-0.058423244334,0.002801866263,0.047820726176
0.310015779800,-0.058599072349,0.002850107540,-0.025964388779
0.307388527400,-0.058466653414,0.002932966964,-0.090515884762
0.304761275000,-0.058304868993,0.002944824486,-0.083869718698
0.302134022600,-0.058166896364,0.002910515577,-0.036006934803
0.299506770300,-0.058135405869,0.002910470054,0.009849441094
0.296879517900,-0.058156432316,0.002860530525,-0.007586316034
0.294252265500,-0.058076155483,0.002806029943,-0.029990186090
0.291625013200,-0.058009172696,0.002813319553,-0.019394960980
0.288997760800,-0.058009154128,0.002880232885,-0.031426601671
0.286370508400,-0.057880603233,0.002779867229,-0.017994034641
0.283743256000,-0.057924809353,0.002883796416,0.038100648891
0.281116003700,-0.058038826187,0.003029638767,0.021205014793
0.278488751300,-0.058094146862,0.003026755137,-0.009692714267
0.275861498900,-0.058049835457,0.003133130504,-0.015620331923
0.273234246600,-0.058027821876,0.003302692283,-0.010320071271
0.270606994200,-0.058012549496,0.003371570039,-0.014107861010
0.267979741800,-0.057961033433,0.003526306861,-0.038979725093
0.265352489400,-0.057866507327,0.003688026258,-0.042547296410
0.262725237100,-0.057875733052,0.003682513963,-0.023957785861
0.260097984700,-0.057920328312,0.003557087369,-0.036638468137
0.257470732300,-0.057903493715,0.003263357475,-0.047407158964
0.254843480000,-0.057892153539,0.003031863435,-0.079216682361
0.252216227600,-0.057711513091,0.002921352860,-0.129920399684
0.249588975200,-0.057487883121,0.002801607024,-0.098341097273
0.246961722900,-0.057453558574,0.002687033282,-0.037722026169
0.244334470500,-0.057514814207,0.002627513202,-0.009309591415
0.241707218100,-0.057608705728,0.002602514787,0.028677769906
0.239079965700,-0.057858054742,0.002469763974,0.067058932655
0.236452713400,-0.058170303771,0.002448923108,0.077655959045
0.233825461000,-0.058466814085,0.002454384559,0.064104817435
0.231198208600,-0.058637339841,0.002367140454,0.057293247555
0.228570956300,-0.058814678791,0.002314993729,0.041197961275
0.225943703900,-0.058915586329,0.002228435968,-0.002272787990
0.223316451500,-0.058876797946,0.002203979140,-0.010046696868
0.220689199100,-0.058868110278,0.002201202485,0.002861442402
0.218061946800,-0.058933145566,0.002159093138,-0.015069840422
0.215434694400,-0.058802873315,0.002070622256,-0.062380148613
0.212807442000,-0.058609815071,0.002043213842,-0.044296908586
0.210180189700,-0.058549571576,0.002171791915,-0.014884195488
0.207552937300,-0.058474022424,0.002283771172,-0.001631246489
0.204925684900,-0.058475361073,0.002322675017,0.014374929404
0.202298432500,-0.058514682857,0.002339046219,-0.001058090935
0.199671180200,-0.058463369425,0.002394017830,-0.006024707322
0.197043927800,-0.058442070793,0.002466096556,0.003559340566
0.194416675400,-0.058444344692,0.002477751648,0.048243668686
0.191789423100,-0.058669889531,0.002461100347,0.073072609859
0.189162170700,-0.058815065377,0.002395999907,0.066625591858
0.186534918300,-0.058992066742,0.002366454510,0.073960948328
0.183907666000,-0.059210467535,0.002406187039,0.026763287805
0.181280413600,-0.059156070410,0.002412627912,-0.020180193886
0.178653161200,-0.059125991434,0.002446500574,-0.033734624394
0.176025908800,-0.058970924543,0.002512841917,-0.077897168028
0.173398656500,-0.058738398151,0.002545854207,-0.105191783957
0.170771404100,-0.058465186250,0.002493599498,-0.131075029730
0.168144151700,-0.058099262985,0.002458899202,-0.139727653026
0.165516899400,-0.057768531737,0.002415417095,-0.135394369068
0.162889647000,-0.057431470729,0.002390567015,-0.141802823169
0.160262394600,-0.057075666904,0.002431659564,-0.118003081722
0.157635142200,-0.056817687130,0.002435032934,-0.043759977234
0.155007889900,-0.056829525742,0.002348213864,0.018731041349
0.152380637500,-0.056935663457,0.002200791760,0.041846036010
0.149753385100,-0.057129769307,0.002140810413,0.092014585859
0.147126132800,-0.057502529323,0.002096177541,0.112519810634
0.144498880400,-0.057756181069,0.002060122246,0.068068959782
0.141871628000,-0.057879744560,0.001977570384,0.057604318346
0.139244375600,-0.058130512596,0.001945631338,0.098027023595
0.136617123300,-0.058485468745,0.002056133166,0.092700295202
0.133989870900,-0.058712331099,0.002031158046,0.094008382655
0.131362618500,-0.059050985160,0.002077723130,0.133478239156
0.128735366200,-0.059408874793,0.002216037289,0.114230901851
0.126108113800,-0.059630340178,0.002491818456,0.093319375294
0.123480861400,-0.059839659565,0.002767518807,0.077928479680
0.120853609000,-0.059995424457,0.003086023498,0.081256103634
0.118226356700,-0.060173789187,0.003342915659,0.053504145865
0.115599104300,-0.060179442621,0.003553933129,0.005059771857
0.112971851900,-0.060062907353,0.003639054590,-0.051835039204
0.110344599600,-0.059876456478,0.003778504739,-0.048880056761
0.107717347200,-0.059783570585,0.003871124899,-0.024184748050
0.105090094800,-0.059683282337,0.004038698180,-0.027568736912
0.102462842500,-0.059635835546,0.004161966985,-0.026751480657
0.099835590100,-0.059598953836,0.004280991094,-0.019749206688
0.097208337700,-0.059645075096,0.004462657390,0.006954435565
0.094581085300,-0.059770546867,0.004583301930,0.032027308763
0.091953833000,-0.059941170680,0.004672018997,0.032012062244
0.089326580600,-0.060062544668,0.004811018597,0.026422079729
0.086699328200,-0.060231847301,0.004947098619,-0.169142123331
0.084072075900,-0.059371459594,0.004817419070,0.139311391108
0.081444823500,-0.060597752523,0.005149615446,0.270869803079
0.078817571100,-0.060887652148,0.005213099615,0.080608747308
0.076190318700,-0.061065017403,0.005124435106,0.018600644831
0.073563066400,-0.061067877017,0.005099788703,0.007732956060
0.070935814000,-0.061228940027,0.005092606630,0.033773356047
0.068308561600,-0.061373012716,0.005011057298,0.022792564366
0.065681309300,-0.061397642301,0.004850003098,0.005560807556
0.063054056900,-0.061402611397,0.004702384900,-0.002116289485
0.060426804500,-0.061409669032,0.004749472450,-0.021464308389
0.057799552100,-0.061324178510,0.004784483527,-0.002595064699
0.055172299800,-0.061392640049,0.004664811524,0.025346096246
0.052545047400,-0.061406674477,0.004600273609,0.059853163362
0.049917795000,-0.061578474386,0.004480131612,0.087885632007
0.047290542700,-0.061788874262,0.004381402873,0.082353255426
0.044663290300,-0.061903866746,0.004258575606,0.067888674840
0.042036037900,-0.062023117799,0.004137278408,0.074790855463
0.039408785500,-0.062226509582,0.003877046660,0.128709583961
0.036781533200,-0.062600604633,0.003717048521,0.221522686073
0.034154280800,-0.063253006871,0.003622441224,0.275289477845
0.031527028400,-0.063894301096,0.003371683945,0.275452027321
0.028899776100,-0.064565166289,0.003071180567,0.251835743774
0.026272523700,-0.065158348096,0.002822034695,0.166807088329
0.023645271300,-0.065460183480,0.002823704488,0.089838264053
0.021018019000,-0.065681591400,0.002629276681,0.070572153726
0.018390766600,-0.065913043572,0.002343429285,0.050338439503
0.015763514200,-0.065889819639,0.002107698753,-0.015867061301
0.013136261800,-0.065715406520,0.001944049436,-0.061241379834
0.010509009500,-0.065419251428,0.001823221373,-0.087129425532
0.007881757100,-0.065198324457,0.001665918840,-0.146915172763
0.005254504700,-0.064628253582,0.001617519397,-0.440582541017
0.002627252400,-0.062886088772,0.001464129846,-2.043964674952
0.000000000000,-0.053836587709,0.001142743681,-3.435836863657
