0.391460603250,-0.057726822280,-0.000510889708,0.243776087094
0.388833350880,-0.058311657707,-0.000836299273,-0.037725283549
0.386206098510,-0.057415958876,-0.001110683404,-0.361026194431
0.383578846140,-0.056443947805,-0.001138966521,-0.442859531867
0.380951593770,-0.054909224548,-0.000988503822,0.123287791269
0.378324341400,-0.056984725156,-0.000833589652,0.522810158011
0.375697089030,-0.057600620190,-0.000577111549,0.373122850472
0.373069836660,-0.058908574931,-0.000339232267,0.339505186376
0.370442584290,-0.059383184575,-0.000069880208,0.014585517092
0.367815331920,-0.058989408669,0.000238425280,-0.043073292993
0.365188079550,-0.059191020605,0.000584165992,-0.055101052232
0.362560827170,-0.058721450001,0.000909793621,-0.174697013833
0.359933574800,-0.058315911475,0.001224304329,-0.110924870336
0.357306322430,-0.058174790287,0.001594178309,-0.093088255445
0.354679070060,-0.057882528525,0.002048326189,-0.152932473311
0.352051817690,-0.057513098794,0.002369327119,-0.152211787004
0.349424565320,-0.057233265157,0.002410202183,-0.102401722838
0.346797312950,-0.057150905647,0.002496557163,-0.036728300723
0.344170060580,-0.057189991634,0.002536919546,-0.007965311071
0.341542808210,-0.057208174080,0.002577833429,-0.005007725956
0.338915555840,-0.057218607015,0.002586043962,-0.010682340094
0.336288303460,-0.057314758695,0.002491506961,0.002007657528
0.333661051090,-0.057369444410,0.002531015548,0.038200216447
0.331033798720,-0.057473737118,0.002751238530,0.052313718645
0.328406546350,-0.057683376587,0.002758889956,0.081529854162
0.325779293980,-0.057909547851,0.002854306855,0.074777855758
0.323152041610,-0.058107173569,0.002834395554,0.082748380014
0.320524789240,-0.058413590513,0.002807054510,0.080469125086
0.317897536870,-0.058560954362,0.002807682969,0.039547689433
0.315270284500,-0.058689405696,0.002887750343,0.034486407526
0.312643032100,-0.058766085357,0.002892896077,0.046898967586
0.310015779800,-0.058937647038,0.002976971086,0.049371661747
0.307388527400,-0.059010604148,0.003033484038,0.048547869099
0.304761275000,-0.059190062254,0.002963847710,0.062826405571
0.302134022600,-0.059376580598,0.003040006285,0.037823613669
0.299506770300,-0.059447581418,0.002995618365,0.025061022680
0.296879517900,-0.059541087586,0.003047543928,0.034544405258
0.294252265500,-0.059662483344,0.003168364396,0.026044102490
0.291625013200,-0.059689492269,0.003201303232,0.043054886945
0.288997760800,-0.059953689395,0.003238440808,0.094813371752
0.286370508400,-0.060201855280,0.003216873557,0.080234341316
0.283743256000,-0.060355805309,0.003326002933,0.019351693311
0.281116003700,-0.060339086771,0.003360450902,-0.042841746860
0.278488751300,-0.060175710498,0.003294176805,-0.076267131363
0.275861498900,-0.059959703677,0.003083253146,-0.093484399662
0.273234246600,-0.059714244775,0.002949655889,-0.055150742863
0.270606994200,-0.059651162155,0.002835012691,-0.002385923108
0.267979741800,-0.059700020954,0.002502100774,0.021534860486
0.265352489400,-0.059712557174,0.002280583495,0.005255818240
0.262725237100,-0.059617610003,0.002395065550,-0.003172492547
0.260097984700,-0.059585512962,0.002495917459,-0.008165801826
0.257470732300,-0.059577057581,0.002490825948,-0.012028999504
0.254843480000,-0.059568266976,0.002602123790,-0.022741656213
0.252216227600,-0.059503108803,0.002764879484,-0.028344482580
0.249588975200,-0.059435137232,0.002843632316,0.006428431100
0.246961722900,-0.059519206762,0.002895312706,0.052449684227
0.244334470500,-0.059784035738,0.003010726438,0.087588711616
0.241707218100,-0.060051923000,0.003040952055,0.094873269157
0.239079965700,-0.060262488626,0.002897095374,0.066029265332
0.236452713400,-0.060394247354,0.002811412566,0.033943961672
0.233825461000,-0.060507051931,0.002699795524,0.033486357561
0.231198208600,-0.060650405665,0.002491644481,0.023210489285
0.228570956300,-0.060704168669,0.002202057138,-0.000277585806
0.225943703900,-0.060723200801,0.001995835861,-0.007777508177
0.223316451500,-0.060773964253,0.001892524367,0.009727415149
0.220689199100,-0.060854596725,0.001809095987,0.042312337702
0.218061946800,-0.061007163776,0.001620387469,0.031289485400
0.215434694400,-0.061031266960,0.001496575223,0.018511284939
0.212807442000,-0.061109975758,0.001575186235,0.061539191046
0.210180189700,-0.061370471464,0.001554301624,0.061225367302
0.207552937300,-0.061438002701,0.001555894476,-0.007141325549
0.204925684900,-0.061342613168,0.001523076952,-0.041211767508
0.202298432500,-0.061239976519,0.001612924008,-0.041345475390
0.199671180200,-0.061165436288,0.001661632043,-0.053577264361
0.197043927800,-0.061012067012,0.001806422855,-0.027879757567
0.194416675400,-0.060905082315,0.001810787378,-0.012195216463
0.191789423100,-0.060835226915,0.001663111146,0.015972146525
0.189162170700,-0.060942501850,0.001719951814,0.028886672965
0.186534918300,-0.060974960772,0.001804018235,0.025420193829
0.183907666000,-0.060999348401,0.001772804464,0.032929870739
0.181280413600,-0.061059593149,0.001742140639,0.029337552399
0.178653161200,-0.061123381124,0.001850030484,0.027032304740
0.176025908800,-0.061159657643,0.001991317912,0.007756611772
0.173398656500,-0.061160425425,0.002103891090,0.003524410009
0.170771404100,-0.061173020523,0.002188736289,0.008844534494
0.168144151700,-0.061171969486,0.002187437622,-0.003972911519
0.165516899400,-0.061101186602,0.002450966459,-0.003125892676
0.162889647000,-0.061073029128,0.002623839500,0.009037305850
0.160262394600,-0.061096799352,0.002757648958,0.020523801113
0.157635142200,-0.061131232482,0.002945010873,0.016804222296
0.155007889900,-0.061101625355,0.002857856524,0.011175875124
0.152380637500,-0.061115173261,0.002825267936,-0.018279206538
0.149753385100,-0.060913048200,0.002953318104,-0.072716111801
0.147126132800,-0.060649081500,0.002849104996,-0.062043327004
0.144498880400,-0.060468612228,0.002622624572,-0.081228211043
0.141871628000,-0.060082236395,0.002455040077,-0.113588160928
0.139244375600,-0.059707828050,0.002400027305,-0.088632907743
0.136617123300,-0.059517311288,0.002307832840,-0.059346957204
0.133989870900,-0.059310230234,0.002247162722,-0.051692415720
0.131362618500,-0.059121819667,0.002233593723,-0.039274393734
0.128735366200,-0.059012313960,0.002214119322,0.021401213976
0.126108113800,-0.059194303918,0.002145900505,0.084595124026
0.123480861400,-0.059399815842,0.002092351808,0.079555928368
0.120853609000,-0.059577295998,0.002170122859,0.085622013846
0.118226356700,-0.059877592634,0.002250547111,0.148988444316
0.115599104300,-0.060365024139,0.002131464335,0.182142291795
0.112971851900,-0.060830629515,0.002120021534,0.176259045453
0.110344599600,-0.061270087183,0.002198939843,0.167834871244
0.107717347200,-0.061767987707,0.002258753814,0.177882824217
0.105090094800,-0.062251780542,0.002228280042,0.132733241108
0.102462842500,-0.062544176057,0.002384802674,0.120636184237
0.099835590100,-0.062999442518,0.002551241791,0.153533981508
0.097208337700,-0.063426535170,0.002684903644,0.103147236671
0.094581085300,-0.063686208086,0.002629475949,0.045136994225
0.091953833000,-0.063776206871,0.002815502535,-0.002610320455
0.089326580600,-0.063747027698,0.002898759930,-0.058570948205
0.086699328200,-0.063585611632,0.002929508603,-0.120287449293
0.084072075900,-0.063270243864,0.003084867706,-0.123166296042
0.081444823500,-0.063078184628,0.003293340783,-0.130815794878
0.078817571100,-0.062719931903,0.003319743964,-0.146760219876
0.076190318700,-0.062450967540,0.003364345729,-0.121149576940
0.073563066400,-0.062207876147,0.003430284584,-0.092418084166
0.070935814000,-0.062087675675,0.003617107768,-0.054372045486
0.068308561600,-0.062018996432,0.003541545740,-0.020064685614
0.065681309300,-0.062148828594,0.003611007615,0.040247151274
0.063054056900,-0.062439716087,0.003761381538,0.082702277308
0.060426804500,-0.062770561826,0.003762357528,0.109095248178
0.057799552100,-0.063190003055,0.003740866239,0.123537399658
0.055172299800,-0.063613097667,0.003813112949,0.109832255060
0.052545047400,-0.063934556823,0.003788466625,0.032812055953
0.049917795000,-0.064016335199,0.003932049478,0.003442836180
0.047290542700,-0.064293900497,0.004014041822,0.049334487508
0.044663290300,-0.064640395719,0.003897908810,0.060137869538
0.042036037900,-0.064879006925,0.003820362999,0.056199345774
0.039408785500,-0.065166143764,0.003724449103,0.027092443205
0.036781533200,-0.065272285777,0.003769973248,-0.074292566317
0.034154280800,-0.065046223822,0.003613429475,-0.130994229065
0.031527028400,-0.064799746307,0.003527446298,-0.088141571233
0.028899776100,-0.064863273359,0.003426019057,-0.059172710920
0.026272523700,-0.064789890966,0.003144531064,-0.090374190815
0.023645271300,-0.064698876997,0.003066911832,-0.069780479210
0.021018019000,-0.064676284321,0.002997052008,-0.001885855787
0.018390766600,-0.064936616459,0.002762964443,0.094506355526
0.015763514200,-0.065311466692,0.002468173418,0.077587519342
0.013136261800,-0.065504649907,0.002207099625,0.044420870948
0.010509009500,-0.065677465983,0.001857212072,-0.002434302723
0.007881757100,-0.065638664079,0.001749619463,-0.057314487157
0.005254504700,-0.065519216657,0.001646942633,-0.075363638458
0.002627252400,-0.065389135780,0.001625493264,-0.281855149451
0.000000000000,-0.064170110809,0.001492057189,-0.461028556939
