0.391460603250,0.026180696669,0.000417138404,0.047108080118
0.388833350880,0.026000797842,0.000250345422,0.291491937659
0.386206098510,0.024653905089,0.000221141838,0.311366187485
0.383578846140,0.024383872137,0.000097447111,-0.043171060166
0.380951593770,0.024875767443,0.000261249134,-0.099772527941
0.378324341400,0.024892786557,0.000513716165,-0.130325230080
0.375697089030,0.025621174765,0.000693250138,-0.140580435293
0.373069836660,0.025658930554,0.000815880157,-0.134750557349
0.370442584290,0.026327645859,0.000944532169,-0.312244180480
0.367815331920,0.027280051224,0.001051330872,-0.190245085698
0.365188079550,0.027320909554,0.001199413031,-0.122584253502
0.362560827170,0.027961192807,0.001337816354,-0.243450820101
0.359933574800,0.028561976033,0.001552792050,-0.206113668987
0.357306322430,0.028950284430,0.001686099957,-0.130510595212
0.354679070060,0.029259623177,0.001908827609,0.023906428017
0.352051817690,0.029161599975,0.001886225229,-0.083947661336
0.349424565320,0.029616610880,0.001625664225,-0.137450867496
0.346797312950,0.029717386385,0.001678815469,-0.108263600333
0.344170060580,0.029938445879,0.001789785237,-0.115394785815
0.341542808210,0.030142919860,0.001824831384,-0.073246269803
0.338915555840,0.030184513038,0.001988554512,-0.037416328955
0.336288303460,0.030191545763,0.002070431770,-0.006655461760
0.333661051090,0.030121072142,0.002148614063,0.017262917055
0.331033798720,0.030004810578,0.002092552293,0.039438665192
0.328406546350,0.029814490669,0.002152546848,0.074710401768
0.325779293980,0.029520558518,0.002372124608,0.077610196570
0.323152041610,0.029283038307,0.002438799207,0.037658579801
0.320524789240,0.029253858300,0.002373759234,0.014510931525
0.317897536870,0.029132731132,0.002370529333,0.029104973520
0.315270284500,0.029017578937,0.002361033889,0.017432336384
0.312643032100,0.028940919885,0.002413854688,0.004619081161
0.310015779800,0.028883453424,0.002453848972,0.011130096602
0.307388527400,0.028799323677,0.002518389039,0.021806135242
0.304761275000,0.028687619308,0.002495986285,0.022673129442
0.302134022600,0.028624340709,0.002407837125,0.055430240384
0.299506770300,0.028429469726,0.002419939630,0.059498428465
0.296879517900,0.028282335194,0.002428742651,0.017450212217
0.294252265500,0.028277527571,0.002347111534,-0.022247039098
0.291625013200,0.028300469740,0.002151367869,-0.051411241782
0.288997760800,0.028389214327,0.002006076843,-0.060664123781
0.286370508400,0.028518137660,0.001939855167,-0.068150059083
0.283743256000,0.028679216707,0.001911217891,-0.088816999862
0.281116003700,0.028891609100,0.001890921545,-0.091307889672
0.278488751300,0.029083663496,0.001942183239,-0.097731815836
0.275861498900,0.029306121687,0.001884579734,-0.099925659009
0.273234246600,0.029451448649,0.001720641480,-0.067575654254
0.270606994200,0.029487979369,0.001575900673,-0.056507579757
0.267979741800,0.029460779723,0.001354394378,-0.038409725270
0.265352489400,0.029440669585,0.001195454414,-0.037559434959
0.262725237100,0.029466974239,0.000974167089,-0.029532708461
0.260097984700,0.029435527470,0.001008088695,-0.011549869831
0.257470732300,0.029387113367,0.000908600356,0.009237993786
0.254843480000,0.029223384787,0.000874497161,0.068635922525
0.252216227600,0.028888892173,0.000952502241,0.112277119559
0.249588975200,0.028609640038,0.001006432754,0.096391078953
0.246961722900,0.028306937698,0.001016755325,0.099029902968
0.244334470500,0.028051567470,0.001099764808,0.078420053890
0.241707218100,0.027861654392,0.001157630155,0.068323264538
0.239079965700,0.027704851224,0.001228112252,0.066681587802
0.236452713400,0.027532344133,0.001241510837,0.043967856013
0.233825461000,0.027437054464,0.001255829006,0.034016103734
0.231198208600,0.027298891480,0.001210027116,0.048247940319
0.228570956300,0.027120410171,0.001152366019,0.038493916341
0.225943703900,0.027064525124,0.001117469211,0.048884148148
0.223316451500,0.026833524088,0.001015150538,0.099894375420
0.220689199100,0.026546366506,0.000973851050,0.121816132143
0.218061946800,0.026201659133,0.000901361246,0.149621329093
0.215434694400,0.025792237981,0.000882197031,0.140160452166
0.212807442000,0.025495844233,0.000831769941,0.144061329874
0.210180189700,0.025055163326,0.000799660782,0.145712807119
0.207552937300,0.024743842724,0.000761766813,0.109175029587
0.204925684900,0.024521703761,0.000764454322,0.064714980561
0.202298432500,0.024383855562,0.000775769048,0.045946317434
0.199671180200,0.024297549782,0.000839366226,0.028821884085
0.197043927800,0.024231050066,0.000915467953,-0.008447804317
0.194416675400,0.024359631318,0.000973036682,-0.048452084008
0.191789423100,0.024502833819,0.001001918303,-0.057655480237
0.189162170700,0.024669896258,0.001011005534,-0.050111312778
0.186534918300,0.024784088127,0.001039924531,-0.035572141464
0.183907666000,0.024879865296,0.001125889642,-0.052388039591
0.181280413600,0.025072508422,0.001241326252,-0.049496737832
0.178653161200,0.025147804847,0.001184530609,-0.033913994493
0.176025908800,0.025210417621,0.001161631071,-0.017776433315
0.173398656500,0.025222419331,0.001283212888,-0.025106724821
0.170771404100,0.025358367030,0.001356000823,-0.041012040819
0.168144151700,0.025406609653,0.001368774495,0.005612903017
0.165516899400,0.025290181968,0.001357576702,0.017838945850
0.162889647000,0.025220685135,0.001374271128,-0.019901304723
0.160262394600,0.025294567840,0.001343762575,-0.028346883569
0.157635142200,0.025281942941,0.001321387571,-0.011759819586
0.155007889900,0.025244353221,0.001327798942,-0.016619666429
0.152380637500,0.025242704607,0.001354810469,-0.048129113693
0.149753385100,0.025329032831,0.001384956971,-0.089833364687
0.147126132800,0.025534598268,0.001503629342,-0.109142659503
0.144498880400,0.025737546392,0.001573343334,-0.131277808157
0.141871628000,0.026077517930,0.001534279121,-0.166836558643
0.139244375600,0.026497260626,0.001588841173,-0.192874573478
0.136617123300,0.027016247570,0.001692655416,-0.227717033713
0.133989870900,0.027528549550,0.001737409376,-0.212950838518
0.131362618500,0.028002245702,0.001772159523,-0.167865321511
0.128735366200,0.028366114529,0.001714149902,-0.108745546374
0.126108113800,0.028497526282,0.001718264387,-0.046752996868
0.123480861400,0.028514886108,0.001836219073,-0.030891448433
0.120853609000,0.028542992438,0.001831388339,-0.021600215754
0.118226356700,0.028486797067,0.001772231749,0.023459589747
0.115599104300,0.028276042493,0.001712375450,0.061570194966
0.112971851900,0.028036442455,0.001582256744,0.105671805578
0.110344599600,0.027609521842,0.001407514996,0.133134056581
0.107717347200,0.027180026721,0.001272286039,0.129505212848
0.105090094800,0.026818369330,0.001276148535,0.092340919368
0.102462842500,0.026567926268,0.001195283802,0.078894500394
0.099835590100,0.026283578279,0.001196032733,0.101529652236
0.097208337700,0.025903828053,0.001211414669,0.157252634156
0.094581085300,0.025356885846,0.001344441972,0.162414080986
0.091953833000,0.024980696768,0.001283475240,0.130107138986
0.089326580600,0.024599759788,0.001232531277,0.127866397396
0.086699328200,0.024255303545,0.001222677982,0.077386893700
0.084072075900,0.024136383713,0.001065786624,0.008015480168
0.081444823500,0.024201823640,0.000793351036,-0.059422231700
0.078817571100,0.024460261244,0.000691291346,-0.098193581391
0.076190318700,0.024735158184,0.000598935383,-0.069124620729
0.073563066400,0.024830140087,0.000525193751,-0.064935277080
0.070935814000,0.025062937667,0.000639446182,-0.089985255607
0.068308561600,0.025327195379,0.000548660732,-0.076452429107
0.065681309300,0.025506139101,0.000487599622,-0.021868813413
0.063054056900,0.025450725719,0.000310262839,0.046332526521
0.060426804500,0.025252772900,0.000382193601,0.077187873263
0.057799552100,0.025070181510,0.000443299472,0.102814353431
0.055172299800,0.024720903546,0.000501511915,0.145452495619
0.052545047400,0.024291702910,0.000578790115,0.161932580700
0.049917795000,0.023816303538,0.000499646641,0.174993991348
0.047290542700,0.023316203491,0.000387430669,0.171595746722
0.044663290300,0.022894874126,0.000292953593,0.127234351462
0.042036037900,0.022642522724,0.000190976442,0.089824589285
0.039408785500,0.022367468219,0.000133799323,0.115182787336
0.036781533200,0.022015585639,0.000082870644,0.097519438518
0.034154280800,0.021846381007,0.000024234326,0.013170302161
0.031527028400,0.021944623405,0.000094456384,-0.010792541418
0.028899776100,0.021916441180,0.000255634312,0.016771710288
0.026272523700,0.021904577211,0.000241463113,0.059849769605
0.023645271300,0.021650650737,0.000263856857,0.030327518247
0.021018019000,0.021759282897,0.000278296056,-0.062186923814
0.018390766600,0.021926110470,0.000221508418,-0.043404673841
0.015763514200,0.021888039592,0.000278644491,0.008773501451
0.013136261800,0.021749694236,0.000106195355,-0.001654641146
0.010509009500,0.021849874326,0.000087636078,-0.077457883625
0.007881757100,0.022104847133,0.000025684306,-0.098610283902
0.005254504700,0.022350834493,-0.000089894432,-0.107893931635
0.002627252400,0.022666928430,-0.000064599970,0.468513764137
0.000000000000,0.019826192626,-0.000005899643,1.074289785724
