0.391460603250,-0.045012650111,-0.000328919260,-0.618642325338
0.388833350880,-0.043532162440,-0.000931169441,-0.307110404510
0.386206098510,-0.043671308994,-0.001268034848,0.369094406464
0.383578846140,-0.045383692278,-0.001234667831,0.560035929353
0.380951593770,-0.046416336281,-0.001122449403,0.365384780308
0.378324341400,-0.047183035450,-0.000905741624,0.239707445047
0.375697089030,-0.047588520099,-0.000674118139,0.129597852543
0.373069836660,-0.047804014705,-0.000332447699,0.031894097667
0.370442584290,-0.047736684564,-0.000026856919,-0.122102663020
0.367815331920,-0.047152683698,0.000316171109,-0.198329607974
0.365188079550,-0.046695025611,0.000820405375,-0.169536443465
0.362560827170,-0.046248874335,0.001157342339,-0.145065255503
0.359933574800,-0.045943148228,0.001588492765,-0.088926422861
0.357306322430,-0.045765812583,0.002000153720,-0.055941785598
0.354679070060,-0.045712707958,0.002372515647,-0.049877827588
0.352051817690,-0.045576316706,0.002585192087,-0.065564437471
0.349424565320,-0.045389372141,0.002599692716,-0.072263820654
0.346797312950,-0.045256607420,0.002742284379,-0.022809148008
0.344170060580,-0.045334822528,0.002877809480,0.001530365920
0.341542808210,-0.045333012990,0.002842368753,-0.007499669589
0.338915555840,-0.045326069235,0.002777595362,0.032260604637
0.336288303460,-0.045498450578,0.002808459598,0.060084162876
0.333661051090,-0.045643475714,0.002974676362,0.039098690617
0.331033798720,-0.045720181148,0.002951204672,0.041405547679
0.328406546350,-0.045901517464,0.002996039285,0.087609425410
0.325779293980,-0.046192448551,0.002936240544,0.087459664431
0.323152041610,-0.046335599912,0.002909254997,0.036705313428
0.320524789240,-0.046336100231,0.002972585280,0.005536645831
0.317897536870,-0.046393777226,0.003050337007,0.034535552472
0.315270284500,-0.046540891389,0.003035860778,0.072676163535
0.312643032100,-0.046803157919,0.002982135262,0.082049415578
0.310015779800,-0.046963193109,0.002982318816,0.093809173994
0.307388527400,-0.047266060723,0.003003317808,0.111358481444
0.304761275000,-0.047505379783,0.003038376924,0.061600945206
0.302134022600,-0.047567738704,0.002997978237,0.029395607932
0.299506770300,-0.047578446175,0.003021708134,0.003040035692
0.296879517900,-0.047559356352,0.003093744507,0.003630754073
0.294252265500,-0.047618885252,0.003164442362,0.046886417906
0.291625013200,-0.047814670111,0.003312462847,0.096614079356
0.288997760800,-0.048104005785,0.003466283245,0.117110637253
0.286370508400,-0.048405744580,0.003397761705,0.121080509391
0.283743256000,-0.048680537147,0.003393709393,0.060798374464
0.281116003700,-0.048766852163,0.003478971030,0.006751060263
0.278488751300,-0.048751014820,0.003480160257,-0.008359446061
0.275861498900,-0.048704271436,0.003303093462,0.002906307472
0.273234246600,-0.048727957423,0.002973978594,-0.005514976476
0.270606994200,-0.048670773065,0.002755734112,-0.029972258643
0.267979741800,-0.048618077561,0.002617220623,-0.026184655947
0.265352489400,-0.048594797512,0.002405874668,-0.040469639087
0.262725237100,-0.048499519279,0.002507453120,-0.061261434235
0.260097984700,-0.048378374828,0.002662804134,-0.085701186776
0.257470732300,-0.048161477790,0.002686210645,-0.107022719136
0.254843480000,-0.047951764380,0.002555664859,-0.085543998226
0.252216227600,-0.047794339774,0.002616189339,-0.033235760892
0.249588975200,-0.047839077852,0.002741661180,0.008984413255
0.246961722900,-0.047922490687,0.002722665272,0.035053126291
0.244334470500,-0.048056135356,0.002710150237,0.059219798116
0.241707218100,-0.048232191599,0.002763737689,0.016887088676
0.239079965700,-0.048193581335,0.002727982895,-0.007489947758
0.236452713400,-0.048215439875,0.002719445450,0.002869967376
0.233825461000,-0.048217634502,0.002699604214,-0.000243614567
0.231198208600,-0.048190564609,0.002492733635,0.002229864192
0.228570956300,-0.048203839574,0.002244002506,-0.009300965768
0.225943703900,-0.048128505757,0.002028188562,-0.037626463121
0.223316451500,-0.048001696666,0.001857000972,-0.041360762743
0.220689199100,-0.047962868563,0.001574272651,-0.025162123139
0.218061946800,-0.047915530705,0.001360013211,-0.001878373524
0.215434694400,-0.047998648639,0.001273320416,0.042467539459
0.212807442000,-0.048159238797,0.001251517071,0.028669694737
0.210180189700,-0.048171854162,0.001162266944,0.004365365269
0.207552937300,-0.048210731511,0.001248941333,0.004741505684
0.204925684900,-0.048232743922,0.001199826573,-0.014661597578
0.202298432500,-0.048169831921,0.001119815800,-0.062746445053
0.199671180200,-0.047970245746,0.001122418321,-0.096733062406
0.197043927800,-0.047665736061,0.001186786249,-0.113667722260
0.194416675400,-0.047382376240,0.001254992187,-0.075121059075
0.191789423100,-0.047292919418,0.001296203939,-0.024373798918
0.189162170700,-0.047310151778,0.001380577351,-0.003465741332
0.186534918300,-0.047317374860,0.001422710923,-0.009572960562
0.183907666000,-0.047370247476,0.001478228723,0.010674935792
0.181280413600,-0.047482284667,0.001589546536,0.041361811928
0.178653161200,-0.047590027654,0.001686419559,0.007383413276
0.176025908800,-0.047575450997,0.001781262686,-0.027789462487
0.173398656500,-0.047511986558,0.001926676319,-0.003474362619
0.170771404100,-0.047545478658,0.002018836713,0.018252218336
0.168144151700,-0.047615356694,0.002268606274,0.030289513491
0.165516899400,-0.047756280345,0.002471698376,0.014324210779
0.162889647000,-0.047765881865,0.002626942015,-0.029571584113
0.160262394600,-0.047674637055,0.002782139952,-0.029114634456
0.157635142200,-0.047722254755,0.002826224374,-0.000388900986
0.155007889900,-0.047830440806,0.002904847154,0.002722880549
0.152380637500,-0.047829486207,0.002909082957,-0.032507473298
0.149753385100,-0.047766867058,0.002700081792,-0.061559513227
0.147126132800,-0.047629688636,0.002627390380,-0.096303319582
0.144498880400,-0.047367893449,0.002471564765,-0.107050542891
0.141871628000,-0.047166740604,0.002438396827,-0.060835771530
0.139244375600,-0.047134978148,0.002359490972,-0.057027043747
0.136617123300,-0.046961909596,0.002217484546,-0.077533624220
0.133989870900,-0.046774131979,0.002175848806,-0.037715857058
0.131362618500,-0.046777835497,0.002110135321,0.008380299499
0.128735366200,-0.046868166972,0.002128892515,0.025039926422
0.126108113800,-0.046983036413,0.002198538573,0.045109515802
0.123480861400,-0.047092064185,0.002254175588,0.037965288923
0.120853609000,-0.047126695430,0.002200495103,0.058696868289
0.118226356700,-0.047400183147,0.002206514678,0.112834597656
0.115599104300,-0.047735135543,0.002360339130,0.125762190001
0.112971851900,-0.048005314737,0.002545160988,0.130904587436
0.110344599600,-0.048376992355,0.002595538754,0.132469387262
0.107717347200,-0.048695130057,0.002634307161,0.116666814106
0.105090094800,-0.049032067974,0.002658553203,0.130417086757
0.102462842500,-0.049443475681,0.002809854931,0.159725151880
0.099835590100,-0.049933909312,0.002889169217,0.181617099461
0.097208337700,-0.050343685491,0.002877489165,0.111743699183
0.094581085300,-0.050490217489,0.003013486809,0.048363471203
0.091953833000,-0.050594990612,0.002990410204,-0.014901501791
0.089326580600,-0.050452112852,0.003148904466,-0.091138584445
0.086699328200,-0.050164185222,0.003428235532,-0.150647236481
0.084072075900,-0.049704967439,0.003602753580,-0.194538625246
0.081444823500,-0.049214145395,0.003610073574,-0.200021011412
0.078817571100,-0.048807717857,0.003717292593,-0.135883410135
0.076190318700,-0.048598541808,0.003739047087,-0.029344451428
0.073563066400,-0.048685793066,0.003769744592,0.025002434742
0.070935814000,-0.048704685425,0.003886039666,0.020244091515
0.068308561600,-0.048805334668,0.003998011963,0.052147024702
0.065681309300,-0.049035695131,0.004035631276,0.052593528792
0.063054056900,-0.049100956595,0.004107048247,0.027892833983
0.060426804500,-0.049165567264,0.004179171201,0.071271139902
0.057799552100,-0.049436736844,0.004128179538,0.115344411381
0.055172299800,-0.049669002876,0.004036563427,0.097260778158
0.052545047400,-0.049855534186,0.004140053201,0.078795094246
0.049917795000,-0.050070229697,0.004200420030,0.077609393767
0.047290542700,-0.050293871928,0.004210581237,0.098390713832
0.044663290300,-0.050542739197,0.004143841187,0.136413565630
0.042036037900,-0.050911045689,0.003984538891,0.127742325567
0.039408785500,-0.051108389231,0.003890956642,0.072502603414
0.036781533200,-0.051181422394,0.003892262370,0.042844839421
0.034154280800,-0.051250931310,0.003766320297,0.022942940397
0.031527028400,-0.051258214905,0.003575680590,0.038575303478
0.028899776100,-0.051392865696,0.003414605066,0.060513248317
0.026272523700,-0.051524246672,0.003419177840,0.050434369014
0.023645271300,-0.051614199921,0.003191542058,-0.131971424805
0.021018019000,-0.050805229652,0.003093477509,0.018103777632
0.018390766600,-0.052125035444,0.002900888081,0.311279030092
0.015763514200,-0.052456111580,0.002863246648,0.124535515290
0.013136261800,-0.052759207194,0.002612648674,0.145573952273
0.010509009500,-0.053217782291,0.002177836037,0.137885902420
0.007881757100,-0.053502907585,0.001850228076,0.084030663698
0.005254504700,-0.053649211276,0.001691025591,-0.091807924550
0.002627252400,-0.052949343376,0.001457286166,-0.895242078577
0.000000000000,-0.048892074618,0.001103155724,-1.561034443615
