0.391460603250,0.040808619137,0.001283035704,-0.289262078827
0.388833350880,0.041449941148,0.001346356269,-0.280850120335
0.386206098510,0.042193510248,0.001256742770,-0.158319911474
0.383578846140,0.042396657433,0.001135764232,-0.067717996442
0.380951593770,0.042664699262,0.001121438858,0.198736693963
0.378324341400,0.041474029029,0.001374679485,0.305355865453
0.375697089030,0.041117425258,0.001533107971,-0.032665676015
0.373069836660,0.041631708788,0.001600535220,-0.420148047809
0.370442584290,0.043273363948,0.001553849738,-0.437336795818
0.367815331920,0.043871620844,0.001566701676,-0.198101783887
0.365188079550,0.044265398197,0.001720684025,-0.166817042202
0.362560827170,0.044691380170,0.001727250146,-0.148656610531
0.359933574800,0.045028103433,0.001727375411,-0.100616971410
0.357306322430,0.045239336963,0.001755486050,-0.099734911958
0.354679070060,0.045589029444,0.001872291079,-0.142611481323
0.352051817690,0.045921659044,0.002036109812,-0.148697918063
0.349424565320,0.046189401561,0.002245870774,-0.087767023803
0.346797312950,0.046223255039,0.002371258128,-0.029948930849
0.344170060580,0.046221647422,0.002317419680,-0.063127032313
0.341542808210,0.046428578371,0.002376896525,-0.059482283634
0.338915555840,0.046485274782,0.002480959177,-0.020352269183
0.336288303460,0.046451395728,0.002401131453,-0.002023594340
0.333661051090,0.046444939150,0.002391900205,-0.002563144333
0.331033798720,0.046377356811,0.002455526336,0.038187431340
0.328406546350,0.046156385290,0.002446239554,0.062921337425
0.325779293980,0.045944204355,0.002416158098,0.057576887574
0.323152041610,0.045812359237,0.002440334219,0.028882624491
0.320524789240,0.045689756787,0.002373496343,0.044767465904
0.317897536870,0.045514230105,0.002372939565,0.054207644087
0.315270284500,0.045401820554,0.002482513638,0.009549186093
0.312643032100,0.045444487768,0.002506448086,-0.013886691153
0.310015779800,0.045461371262,0.002564493873,0.015289078125
0.307388527400,0.045385947588,0.002703962463,0.053152082353
0.304761275000,0.045181024077,0.002818022990,0.077242898349
0.302134022600,0.044985696211,0.002788704141,0.051313749195
0.299506770300,0.044865401131,0.002688186578,0.004157178472
0.296879517900,0.044811370878,0.002704323182,0.013134590365
0.294252265500,0.044648458868,0.002672918685,0.012356789980
0.291625013200,0.044588147634,0.002583536912,-0.000647970557
0.288997760800,0.044507756981,0.002604680980,-0.020471923224
0.286370508400,0.044540574348,0.002644433233,-0.113050227298
0.283743256000,0.044941789782,0.002603197857,-0.132367159598
0.281116003700,0.045119683601,0.002726065035,-0.089266053691
0.278488751300,0.045259298785,0.002621044842,-0.094181245292
0.275861498900,0.045377133369,0.002356998206,-0.070537849874
0.273234246600,0.045474522989,0.002115648350,-0.052283951651
0.270606994200,0.045484409267,0.001833755241,-0.007245482929
0.267979741800,0.045407723901,0.001635596504,0.024602004254
0.265352489400,0.045311454444,0.001509740841,0.008304349622
0.262725237100,0.045309619442,0.001310259493,0.008048948038
0.260097984700,0.045200471498,0.001214139612,0.058382779158
0.257470732300,0.044990049743,0.001199677853,0.053380416487
0.254843480000,0.044907275606,0.001138343581,0.006449461707
0.252216227600,0.044939375761,0.001095565462,0.015039438444
0.249588975200,0.044788517872,0.001151517655,0.048036979403
0.246961722900,0.044650986980,0.001104644426,0.010638863909
0.244334470500,0.044645686357,0.001151234297,0.017547495458
0.241707218100,0.044512045136,0.001245234537,0.051930759849
0.239079965700,0.044367931883,0.001128618335,0.039128921158
0.236452713400,0.044301155313,0.000998235363,0.040896469502
0.233825461000,0.044118842825,0.000876731683,0.103430757050
0.231198208600,0.043769156691,0.000819228677,0.142293752501
0.228570956300,0.043445947475,0.000760402934,0.150518540976
0.225943703900,0.043027512723,0.000795478033,0.189708424535
0.223316451500,0.042516843417,0.000853432045,0.194653628046
0.220689199100,0.042095217014,0.000814752443,0.161021405192
0.218061946800,0.041748505779,0.000789158335,0.137487720216
0.215434694400,0.041436948067,0.000784265726,0.098986848205
0.212807442000,0.041281156240,0.000827925108,0.026677220156
0.210180189700,0.041328628533,0.000831653225,-0.024836467890
0.207552937300,0.041413583339,0.000848619062,-0.027350450126
0.204925684900,0.041518889623,0.000740342170,-0.063854563872
0.202298432500,0.041764178654,0.000774733338,-0.075585833016
0.199671180200,0.041951698900,0.000792183361,-0.058129908026
0.197043927800,0.042103505023,0.000953640702,-0.033345494157
0.194416675400,0.042162663072,0.001022029698,0.019729627235
0.191789423100,0.042062558703,0.001076216906,0.044914380444
0.189162170700,0.041951897980,0.001167307080,0.045357620715
0.186534918300,0.041887477672,0.001356715172,0.048222953056
0.183907666000,0.041782019489,0.001635394206,0.050839561031
0.181280413600,0.041660057720,0.001674523919,0.011689130242
0.178653161200,0.041720380093,0.001722592397,-0.036573541031
0.176025908800,0.041843344412,0.001810405663,-0.031973882338
0.173398656500,0.041898781037,0.001903468432,-0.044380125735
0.170771404100,0.042077383763,0.001861576593,-0.046675194464
0.168144151700,0.042136606144,0.001803248643,-0.018833908687
0.165516899400,0.042190267473,0.001895772454,-0.058985823994
0.162889647000,0.042432392432,0.001875608469,-0.106554854845
0.160262394600,0.042665192610,0.001917611339,-0.115907059695
0.157635142200,0.043051007058,0.001989920013,-0.160233628227
0.155007889900,0.043522274799,0.002098638045,-0.172462574990
0.152380637500,0.043943581329,0.002125545326,-0.173185645166
0.149753385100,0.044425251596,0.002011622850,-0.193377172797
0.147126132800,0.044966967651,0.002029121276,-0.178763935234
0.144498880400,0.045401246393,0.001997061830,-0.123166431949
0.141871628000,0.045662886418,0.001985966217,-0.041791942203
0.139244375600,0.045741941505,0.001891362311,0.029795517441
0.136617123300,0.045653350909,0.001715153766,0.088639249740
0.133989870900,0.045404774769,0.001623870124,0.114750329255
0.131362618500,0.045182040419,0.001626130506,0.109544552727
0.128735366200,0.044989087800,0.001585922971,0.098688062629
0.126108113800,0.044802554019,0.001460015838,0.132548621565
0.123480861400,0.044461661350,0.001431383894,0.160226323680
0.120853609000,0.044113275520,0.001345785582,0.149959985625
0.118226356700,0.043780860252,0.001160009904,0.159863938235
0.115599104300,0.043376569827,0.001136832051,0.201186987924
0.112971851900,0.042807015563,0.001182799496,0.276988126693
0.110344599600,0.041980371164,0.001137957575,0.300742378901
0.107717347200,0.041287435411,0.001108457041,0.228815970915
0.105090094800,0.040865203107,0.001121839342,0.165926336794
0.102462842500,0.040486073936,0.001166290831,0.127022047333
0.099835590100,0.040243223268,0.001205011496,0.047543541097
0.097208337700,0.040291530116,0.001141497953,-0.045084282069
0.094581085300,0.040504298062,0.001070544436,-0.087308911663
0.091953833000,0.040724915739,0.001017482995,-0.127906026188
0.089326580600,0.041100554069,0.000948022756,-0.129519800465
0.086699328200,0.041355371333,0.001028171571,-0.080842644706
0.084072075900,0.041408418743,0.001000595277,-0.054746790254
0.081444823500,0.041535825538,0.000991390799,-0.094317535300
0.078817571100,0.041785455418,0.000891196987,-0.101740100829
0.076190318700,0.041904152684,0.000796100889,-0.043112829546
0.073563066400,0.041870572474,0.000870662254,-0.000438864060
0.070935814000,0.041818396879,0.000807299104,-0.011095461243
0.068308561600,0.041838799901,0.000839533309,0.008958503428
0.065681309300,0.041657969949,0.000908721426,0.116365402972
0.063054056900,0.041207507944,0.000893779222,0.140899107683
0.060426804500,0.040925729581,0.000850540505,0.089005544897
0.057799552100,0.040700162041,0.000813020254,0.105948262269
0.055172299800,0.040292934804,0.000738211580,0.094193075039
0.052545047400,0.040135357337,0.000739111442,0.080882031938
0.049917795000,0.039864120456,0.000655251628,0.115148114109
0.047290542700,0.039553685567,0.000640501632,0.100651648887
0.044663290300,0.039323192698,0.000624146838,0.057843737997
0.042036037900,0.039218629281,0.000448612053,-0.005880785361
0.039408785500,0.039326345390,0.000259448349,-0.070469479774
0.036781533200,0.039496513964,0.000080347007,-0.096377228131
0.034154280800,0.039677091726,-0.000045311469,-0.069279932594
0.031527028400,0.039657901495,-0.000042572388,-0.027952458646
0.028899776100,0.039551705140,0.000035520607,-0.141563656464
0.026272523700,0.040218475893,0.000121980385,-0.030916104759
0.023645271300,0.039612700565,0.000100934335,0.351023420288
0.021018019000,0.038296059229,0.000022426458,0.090708443283
0.018390766600,0.039203591735,0.000149841189,-0.131425456305
0.015763514200,0.038896525824,0.000197379556,0.050468092072
0.013136261800,0.038797815845,0.000108500618,-0.030498001374
0.010509009500,0.038931189857,0.000126730919,-0.105121665539
0.007881757100,0.039228625263,0.000154011207,-0.158613588600
0.005254504700,0.039673176954,0.000002892706,-0.170209957534
0.002627252400,0.040113608617,-0.000082781076,0.028363480371
0.000000000000,0.039527149944,-0.000232136886,0.226846274376
