0.391460603250,-0.022822305528,0.000298457661,-0.758716162559
0.388833350880,-0.020893966053,-0.000172421812,-0.106808404003
0.386206098510,-0.022180924491,-0.000332462276,0.419694342482
0.383578846140,-0.023055333607,-0.000368915943,0.290237429893
0.380951593770,-0.023709936101,-0.000440461740,0.108632830529
0.378324341400,-0.023653746554,-0.000312683716,-0.002144195535
0.375697089030,-0.023760767063,-0.000122457541,0.124976089575
0.373069836660,-0.024352908657,-0.000039148455,0.203608465346
0.370442584290,-0.024815651947,0.000038352081,0.083052668673
0.367815331920,-0.024726973118,0.000194485619,0.062987109831
0.365188079550,-0.025096717994,0.000490799922,0.103267243280
0.362560827170,-0.025268352230,0.000875352166,0.017594634281
0.359933574800,-0.025226111320,0.001196114824,-0.073272337863
0.357306322430,-0.024864239826,0.001478208983,-0.150799870315
0.354679070060,-0.024413529781,0.001962191271,-0.192537255901
0.352051817690,-0.023838909922,0.002393097664,-0.201220234484
0.349424565320,-0.023380567639,0.002448096302,-0.123268956677
0.346797312950,-0.023288032220,0.002375672134,-0.026563247454
0.344170060580,-0.023281325276,0.002497272661,-0.016713752427
0.341542808210,-0.023255107662,0.002425618274,-0.092338952541
0.338915555840,-0.022884044900,0.002460683995,0.026901740146
0.336288303460,-0.023437074983,0.002605794241,0.136878914119
0.333661051090,-0.023718638249,0.002628604305,0.072215523352
0.331033798720,-0.023917147686,0.002572358171,0.071499617891
0.328406546350,-0.024153883616,0.002570406841,0.091340073093
0.325779293980,-0.024529937396,0.002640250307,0.083015295911
0.323152041610,-0.024697334032,0.002644644532,0.046715109537
0.320524789240,-0.024810885786,0.002673761993,0.040509896922
0.317897536870,-0.024910490815,0.002603264316,0.038808543037
0.315270284500,-0.025022522160,0.002552705930,0.019422975472
0.312643032100,-0.025056645342,0.002493342700,0.003699390237
0.310015779800,-0.025069129405,0.002494380255,0.013611087289
0.307388527400,-0.025153514696,0.002536514766,0.035909247992
0.304761275000,-0.025275863959,0.002532754050,0.036553570397
0.302134022600,-0.025367530005,0.002495155420,0.033166159750
0.299506770300,-0.025464225606,0.002515806671,0.056126968387
0.296879517900,-0.025666331293,0.002531967793,0.049670031800
0.294252265500,-0.025757075992,0.002500381988,0.010583948699
0.291625013200,-0.025805393980,0.002521586987,0.005144897818
0.288997760800,-0.025907166097,0.002551824039,0.003047431711
0.286370508400,-0.025973751760,0.002476110480,-0.020041120303
0.283743256000,-0.025978805320,0.002579013927,-0.061335697587
0.281116003700,-0.025816242836,0.002643890472,-0.058053408047
0.278488751300,-0.025885058131,0.002614933258,-0.002313451553
0.275861498900,-0.026041832628,0.002794567775,-0.010975303603
0.273234246600,-0.026109551381,0.002872588073,-0.009733368985
0.270606994200,-0.026276816636,0.002903590061,-0.008993093408
0.267979741800,-0.026328553873,0.002757354704,-0.057118299389
0.265352489400,-0.026200099912,0.002610367517,-0.107880133543
0.262725237100,-0.025957637539,0.002574193137,-0.130875720471
0.260097984700,-0.025650322203,0.002655886820,-0.139662263886
0.257470732300,-0.025383757131,0.002647686058,-0.120423222538
0.254843480000,-0.025153360009,0.002602331074,-0.106166702796
0.252216227600,-0.024935951634,0.002795586311,-0.075778093822
0.249588975200,-0.024855157132,0.002930903370,-0.006721603962
0.246961722900,-0.024996124664,0.002806080349,0.022199436232
0.244334470500,-0.025112914758,0.002586037218,0.005248829297
0.241707218100,-0.025203258089,0.002617730151,0.008952409464
0.239079965700,-0.025346080334,0.002670418980,0.008058184491
0.236452713400,-0.025453697195,0.002490068900,-0.014019067922
0.233825461000,-0.025509913954,0.002385691400,-0.010497500498
0.231198208600,-0.025609187121,0.002293364685,0.016546604753
0.228570956300,-0.025742526614,0.002059752567,0.024848202093
0.225943703900,-0.025845572028,0.001872245830,0.003412987666
0.223316451500,-0.025891373782,0.001752969624,-0.001568007841
0.220689199100,-0.025918410878,0.001675154799,0.007975826067
0.218061946800,-0.025922694753,0.001677461132,-0.003428738887
0.215434694400,-0.025930074331,0.001566445924,-0.041329964317
0.212807442000,-0.025785130303,0.001450246337,-0.086840093757
0.210180189700,-0.025585022298,0.001387028892,-0.068213388575
0.207552937300,-0.025587230058,0.001270057863,-0.029099504014
0.204925684900,-0.025592441367,0.001215941902,-0.051839718863
0.202298432500,-0.025393568124,0.001175394974,-0.075154403250
0.199671180200,-0.025269109254,0.001036532952,-0.060971227816
0.197043927800,-0.025135663973,0.000934755388,-0.059760524171
0.194416675400,-0.025015653731,0.000964336279,-0.049522804783
0.191789423100,-0.024959231155,0.001021637231,-0.058227904425
0.189162170700,-0.024797063425,0.000975956314,-0.067226147144
0.186534918300,-0.024669172986,0.001013863853,-0.035841266324
0.183907666000,-0.024625999875,0.001089354159,-0.030479132768
0.181280413600,-0.024553565964,0.001235632360,-0.031256565514
0.178653161200,-0.024526131879,0.001262239242,-0.014584002035
0.176025908800,-0.024548578590,0.001259573476,-0.014277068424
0.173398656500,-0.024545349016,0.001395051562,-0.008981030356
0.170771404100,-0.024539456659,0.001446273755,0.007400822232
0.168144151700,-0.024590913741,0.001405523793,0.014923593701
0.165516899400,-0.024643660967,0.001484263398,0.011381277277
0.162889647000,-0.024715421005,0.001489724443,0.028612418665
0.160262394600,-0.024841033444,0.001508801343,0.062584469633
0.157635142200,-0.025031666759,0.001545787546,0.046414825520
0.155007889900,-0.025087299965,0.001611467680,0.010629265419
0.152380637500,-0.025108895887,0.001892040733,0.001341299978
0.149753385100,-0.025130814760,0.002045237117,0.006963497613
0.147126132800,-0.025237464902,0.002015890578,0.033248333569
0.144498880400,-0.025299888406,0.002012881451,0.000602674109
0.141871628000,-0.025231845622,0.001959112355,-0.033717307947
0.139244375600,-0.025131968669,0.001991806544,-0.052602879888
0.136617123300,-0.024971399836,0.002034169602,-0.061530880000
0.133989870900,-0.024834107436,0.001938799309,-0.070482366297
0.131362618500,-0.024621124900,0.001905155049,-0.073978541967
0.128735366200,-0.024438095276,0.001868721555,-0.059383180637
0.126108113800,-0.024293753424,0.001807932700,-0.044208500223
0.123480861400,-0.024212011213,0.001877866935,-0.019101835296
0.120853609000,-0.024191464334,0.001797583286,0.010820210320
0.118226356700,-0.024257521361,0.001719220177,0.049017978096
0.115599104300,-0.024419043488,0.001688340737,0.069911155435
0.112971851900,-0.024567028166,0.001785306761,0.102703830029
0.110344599600,-0.024882674724,0.001906415541,0.149352367046
0.107717347200,-0.025265661106,0.001872233103,0.151523798060
0.105090094800,-0.025608268377,0.001981024395,0.161835743816
0.102462842500,-0.026032864888,0.002108431950,0.184265720389
0.099835590100,-0.026518375083,0.002077889763,0.153282167837
0.097208337700,-0.026791715491,0.002032918574,0.101047132775
0.094581085300,-0.027032845839,0.002011851053,0.083459667358
0.091953833000,-0.027222557996,0.001967932440,0.066168594223
0.089326580600,-0.027341475913,0.001996971428,0.055825234442
0.086699328200,-0.027461602180,0.002132610742,0.055220342455
0.084072075900,-0.027503233267,0.002239607052,0.047208117624
0.081444823500,-0.027598139758,0.002344873138,0.009295917939
0.078817571100,-0.027558229386,0.002406779472,-0.081504503470
0.076190318700,-0.027210461178,0.002592938348,-0.092226637951
0.073563066400,-0.027035100819,0.002641517949,-0.083778220740
0.070935814000,-0.026788542766,0.002683568571,-0.113970353322
0.068308561600,-0.026526108422,0.002808545202,-0.129380574190
0.065681309300,-0.026211456307,0.003079454945,-0.112780473309
0.063054056900,-0.026006815797,0.003098152134,-0.106988318964
0.060426804500,-0.025721905168,0.003132580976,-0.085302290987
0.057799552100,-0.025643976725,0.003352474739,-0.042469353519
0.055172299800,-0.025561721724,0.003452229933,-0.033262629095
0.052545047400,-0.025508990905,0.003470827029,0.000509141023
0.049917795000,-0.025660660166,0.003556249930,0.042747989512
0.047290542700,-0.025864097432,0.003515822531,0.055326116072
0.044663290300,-0.026057559199,0.003509033531,0.075468690255
0.042036037900,-0.026364509531,0.003534286425,0.118879173108
0.039408785500,-0.026742489610,0.003467721707,0.143923818298
0.036781533200,-0.027100694544,0.003322631557,0.133972011408
0.034154280800,-0.027450083127,0.003333597621,0.144079175533
0.031527028400,-0.027822848219,0.003201721496,0.135417294317
0.028899776100,-0.028103830179,0.003156985564,0.091609421322
0.026272523700,-0.028308136425,0.003026156732,0.006757660869
0.023645271300,-0.028189294017,0.002595982302,-0.039188874290
0.021018019000,-0.028084385797,0.002506072318,0.018035081334
0.018390766600,-0.028311891341,0.002532192427,0.096378732391
0.015763514200,-0.028629599300,0.002407059912,0.099375729775
0.013136261800,-0.028822733884,0.002214982748,0.114552295460
0.010509009500,-0.029182764522,0.001971057217,0.125323846034
0.007881757100,-0.029411656693,0.001636777186,0.066632679097
0.005254504700,-0.029492806610,0.001424086863,-0.025449077867
0.002627252400,-0.029282982305,0.001208545953,-0.245569016492
0.000000000000,-0.028249072966,0.001117546933,-0.421201429842
