0.391460603250,-0.005033052567,0.000251321709,0.681187428870
0.388833350880,-0.006651363729,0.000114998108,0.705681923541
0.386206098510,-0.008617578466,-0.000072539392,0.476908517647
0.383578846140,-0.009057914351,0.000027956802,-0.014330121788
0.380951593770,-0.008644597924,0.000061326872,-0.110778072686
0.378324341400,-0.008428293842,0.000235608368,-0.141234382732
0.375697089030,-0.007844856955,0.000560948457,-0.190412059196
0.373069836660,-0.007409060753,0.000775055484,-0.110190948513
0.370442584290,-0.007281846189,0.000874442988,-0.226233206438
0.367815331920,-0.006383469940,0.000913470076,-0.383795480837
0.365188079550,-0.005230683551,0.001036995281,-0.085875320946
0.362560827170,-0.005899619655,0.001091300664,0.154464019874
0.359933574800,-0.005903929954,0.001221862602,-0.055434126806
0.357306322430,-0.005656385297,0.001295091534,-0.121113912291
0.354679070060,-0.005400994878,0.001388372793,-0.128936104267
0.352051817690,-0.005143944652,0.001372083004,-0.103367523611
0.349424565320,-0.004947925891,0.001482370068,-0.084242965657
0.346797312950,-0.004830770280,0.001546424649,-0.087203671542
0.344170060580,-0.004691392365,0.001730105725,-0.109964516995
0.341542808210,-0.004490004604,0.001814040831,-0.078701796324
0.338915555840,-0.004443848777,0.001755139503,-0.030736849331
0.336288303460,-0.004476661295,0.001787012550,-0.002872377552
0.333661051090,-0.004562094839,0.001938807317,0.014914409253
0.331033798720,-0.004700511027,0.002054328208,0.030189913738
0.328406546350,-0.004894984761,0.002042105306,0.037820130117
0.325779293980,-0.005025561779,0.002079308556,0.036745722044
0.323152041610,-0.005144630367,0.002203866075,0.022955849391
0.320524789240,-0.005264539557,0.002250538925,0.022534597773
0.317897536870,-0.005394605687,0.002286313642,0.031844728710
0.315270284500,-0.005582406218,0.002333367045,0.044997026433
0.312643032100,-0.005718905049,0.002323187271,0.020079958137
0.310015779800,-0.005775440974,0.002345972855,0.023376771237
0.307388527400,-0.005935562177,0.002444187110,0.044031725522
0.304761275000,-0.006086325215,0.002494313977,0.006019829811
0.302134022600,-0.006065052498,0.002413356169,-0.028835325759
0.299506770300,-0.006004929760,0.002491164060,-0.020674902383
0.296879517900,-0.006031025663,0.002432512375,-0.000378810716
0.294252265500,-0.006106312789,0.002287808227,-0.014166517129
0.291625013200,-0.006070697407,0.002262365980,-0.036785185414
0.288997760800,-0.005946198893,0.002198440284,-0.059201679796
0.286370508400,-0.005813075626,0.002191072467,-0.068894314276
0.283743256000,-0.005676662591,0.002148717976,-0.071873696127
0.281116003700,-0.005467126139,0.002135275690,-0.099885331079
0.278488751300,-0.005242428824,0.001951652304,-0.071218275681
0.275861498900,-0.005166114333,0.001848780042,-0.069333225185
0.273234246600,-0.005009741182,0.001797451183,-0.053618130141
0.270606994200,-0.004973524946,0.001556536072,-0.000477422716
0.267979741800,-0.005002777148,0.001350505864,0.016584250116
0.265352489400,-0.004997476422,0.001197169138,0.024345493010
0.262725237100,-0.005067535081,0.001102930090,0.044566688518
0.260097984700,-0.005187679443,0.001035581983,0.048774714352
0.257470732300,-0.005308535446,0.000992618270,0.076157138258
0.254843480000,-0.005536093555,0.001022104781,0.104846931154
0.252216227600,-0.005878595374,0.001160510256,0.112060594780
0.249588975200,-0.006220394455,0.001214407300,0.087968148971
0.246961722900,-0.006455678403,0.001278128322,0.072118061522
0.244334470500,-0.006687182769,0.001296675420,0.063869347697
0.241707218100,-0.006859655968,0.001370437721,0.044915865354
0.239079965700,-0.006950229201,0.001471782176,0.026614165234
0.236452713400,-0.007093122604,0.001482752267,0.039081178608
0.233825461000,-0.007195849064,0.001535613672,0.039906806408
0.231198208600,-0.007307526766,0.001504138959,0.058635475984
0.228570956300,-0.007509750423,0.001468762785,0.066842215887
0.225943703900,-0.007677441182,0.001434346214,0.060339485987
0.223316451500,-0.007850328017,0.001379468429,0.097970738499
0.220689199100,-0.008141043816,0.001326793994,0.130881836674
0.218061946800,-0.008478558096,0.001284384269,0.156505194327
0.215434694400,-0.008925955445,0.001298416363,0.188099640254
0.212807442000,-0.009455558129,0.001398505931,0.170989492930
0.210180189700,-0.009798687196,0.001282945173,0.122933084806
0.207552937300,-0.010091053846,0.001173973340,0.088297694997
0.204925684900,-0.010252090663,0.001112870586,0.069759867712
0.202298432500,-0.010441721275,0.001181869028,0.067842530469
0.199671180200,-0.010560479424,0.001246263813,0.021765498115
0.197043927800,-0.010495960483,0.001335183551,-0.021248672534
0.194416675400,-0.010374811123,0.001500187438,-0.024880916403
0.191789423100,-0.010295088177,0.001602662311,-0.011025656244
0.189162170700,-0.010183862535,0.001633209230,-0.047655037967
0.186534918300,-0.009964277812,0.001645436380,-0.051714249941
0.183907666000,-0.009866877626,0.001727438194,-0.038128235985
0.181280413600,-0.009726432158,0.001694612792,-0.037265510723
0.178653161200,-0.009656449710,0.001695327673,-0.025065820600
0.176025908800,-0.009576576030,0.001793788747,-0.020917465033
0.173398656500,-0.009529686338,0.001870066693,-0.010655915948
0.170771404100,-0.009565299348,0.001797374108,-0.003237567029
0.168144151700,-0.009575843870,0.001837045145,-0.009155744859
0.165516899400,-0.009557586330,0.001874899119,-0.017593579469
0.162889647000,-0.009514142161,0.001852451016,-0.035552221261
0.160262394600,-0.009415657939,0.001929425778,-0.025996648164
0.157635142200,-0.009425964789,0.002020577395,0.000380390564
0.155007889900,-0.009501675334,0.001836175183,-0.014994660575
0.152380637500,-0.009485062464,0.001901469738,-0.053116039848
0.149753385100,-0.009394434260,0.001973568352,-0.082928429548
0.147126132800,-0.009177171059,0.001952316451,-0.132579006780
0.144498880400,-0.008830761654,0.001992955324,-0.151940900250
0.141871628000,-0.008480320565,0.002124225652,-0.204288934014
0.139244375600,-0.007916960918,0.002266102993,-0.238388467925
0.136617123300,-0.007431560424,0.002320061224,-0.202487638419
0.133989870900,-0.007019810047,0.002313294411,-0.181356876304
0.131362618500,-0.006612225367,0.002260935071,-0.147050364881
0.128735366200,-0.006383892851,0.002325250139,-0.101489648066
0.126108113800,-0.006230710090,0.002215409383,-0.059809296034
0.123480861400,-0.006203985444,0.002242895413,-0.020521938425
0.120853609000,-0.006236605205,0.002301823966,0.028282426036
0.118226356700,-0.006492758600,0.002449398072,0.061489051757
0.115599104300,-0.006750853182,0.002325204152,0.062684898874
0.112971851900,-0.007054779159,0.002074316558,0.074642724091
0.110344599600,-0.007400919734,0.001997318581,0.087764311005
0.107717347200,-0.007707433372,0.001902662773,0.064069929731
0.105090094800,-0.007922396815,0.001801425524,0.046320227390
0.102462842500,-0.008195540353,0.001985119833,0.104644547205
0.099835590100,-0.008627320934,0.001915791070,0.144073444787
0.097208337700,-0.009082181462,0.001798332810,0.163188028417
0.094581085300,-0.009634460617,0.001891485433,0.189668491607
0.091953833000,-0.010188276187,0.001968281549,0.136904889607
0.089326580600,-0.010447872505,0.001954947610,0.080648813168
0.086699328200,-0.010651208982,0.001829821032,0.046821287164
0.084072075900,-0.010697093063,0.001607888117,-0.012958513438
0.081444823500,-0.010589696683,0.001477126280,-0.041553327875
0.078817571100,-0.010488160847,0.001507067647,-0.041647034239
0.076190318700,-0.010374348852,0.001610555960,-0.076015408273
0.073563066400,-0.010091830988,0.001570903092,-0.134860394519
0.070935814000,-0.009699242879,0.001391424254,-0.118328871678
0.068308561600,-0.009505581191,0.001316175298,-0.048535575803
0.065681309300,-0.009450081094,0.001244823839,-0.018770711916
0.063054056900,-0.009441800409,0.001266608623,0.020166334300
0.060426804500,-0.009596071894,0.001259721194,0.072556613555
0.057799552100,-0.009849486526,0.001160295010,0.111437685581
0.055172299800,-0.010215814478,0.001274407338,0.150553101354
0.052545047400,-0.010667495496,0.001316428140,0.169730960672
0.049917795000,-0.011123164797,0.001354189013,0.172101478814
0.047290542700,-0.011587663156,0.001250101122,0.165103650584
0.044663290300,-0.012023859988,0.001113395510,0.144161407047
0.042036037900,-0.012419369725,0.000903629616,0.118219675411
0.039408785500,-0.012682719671,0.000840583699,0.061744903441
0.036781533200,-0.012776831478,0.000847991285,0.032728493600
0.034154280800,-0.012868300448,0.000943550252,0.043701618281
0.031527028400,-0.012989054738,0.000938317836,0.059264361363
0.028899776100,-0.013147800698,0.000984057805,0.045945191214
0.026272523700,-0.013174138170,0.000986346489,-0.085353901971
0.023645271300,-0.012622875211,0.001030327553,-0.095885298680
0.021018019000,-0.012623255671,0.000967943494,0.066332937313
0.018390766600,-0.012965019241,0.000862849913,0.102967076880
0.015763514200,-0.013169583815,0.000693119318,0.056410626163
0.013136261800,-0.013298260594,0.000611782784,0.020508883084
0.010509009500,-0.013275125762,0.000586430418,-0.067098844999
0.007881757100,-0.012948429432,0.000454156843,-0.161826409776
0.005254504700,-0.012472932127,0.000370712335,-0.249826676373
0.002627252400,-0.011695536721,0.000332934133,-0.612026362042
0.000000000000,-0.009283971625,0.000151395395,-0.930652415124
