0.391460603250,0.055674771979,0.000443272691,-0.339714502414
0.388833350880,0.056479952324,-0.000006423982,0.028904164564
0.386206098510,0.055356424598,-0.000203319821,0.197974854346
0.383578846140,0.055160022043,-0.000300809600,-0.101003938826
0.380951593770,0.055830625999,-0.000166713738,0.059557934850
0.378324341400,0.054862511464,0.000276350037,-0.253037228999
0.375697089030,0.057151476158,0.000637107234,-0.283544398498
0.373069836660,0.056430373235,0.000781857393,0.360623474314
0.370442584290,0.055263682494,0.001014673201,-0.243324369900
0.367815331920,0.057693005031,0.001191500719,-0.625623215445
0.365188079550,0.058514644018,0.001311383674,-0.327541052118
0.362560827170,0.059373947694,0.001485617361,-0.296734923731
0.359933574800,0.060034128041,0.001631052362,-0.190493922186
0.357306322430,0.060333773457,0.001775565783,-0.124674199506
0.354679070060,0.060853586548,0.002279475750,-0.162230172498
0.352051817690,0.061190634853,0.002525704953,-0.031930122940
0.349424565320,0.060927777260,0.002376142035,-0.089923671660
0.346797312950,0.061465435818,0.002252027840,-0.282039071988
0.344170060580,0.061989510222,0.002316832602,-0.107088110451
0.341542808210,0.061913394756,0.002272960155,-0.004602852098
0.338915555840,0.061923010838,0.002257472633,-0.012877447158
0.336288303460,0.061915419827,0.002325138647,0.032683056485
0.333661051090,0.061702284431,0.002404948807,0.081092110391
0.331033798720,0.061430591960,0.002531931096,0.079048954794
0.328406546350,0.061270163467,0.002483205538,0.047591743585
0.325779293980,0.061157507901,0.002438140529,0.067176376473
0.323152041610,0.060902771344,0.002456239702,0.101969860795
0.320524789240,0.060625337399,0.002610765256,0.094960554951
0.317897536870,0.060459917823,0.002706766742,0.044908866541
0.315270284500,0.060395038075,0.002667199210,0.055331554309
0.312643032100,0.060212350915,0.002729992135,0.226002998353
0.310015779800,0.059248236174,0.002654925914,0.085846332121
0.307388527400,0.059626333566,0.002721229853,-0.095228139566
0.304761275000,0.059655579663,0.002736991654,-0.008694649815
0.302134022600,0.059673387462,0.002669314724,0.018227272972
0.299506770300,0.059554786874,0.002643554409,0.036324298678
0.296879517900,0.059415822736,0.002589841140,0.038945649044
0.294252265500,0.059290370071,0.002415957834,0.026354305800
0.291625013200,0.059173911162,0.002362952293,-0.004070124039
0.288997760800,0.059223522968,0.002297169076,-0.033303314511
0.286370508400,0.059313508162,0.002172857271,-0.051392091980
0.283743256000,0.059426046832,0.002106323371,-0.050104807488
0.281116003700,0.059478868137,0.002084990713,-0.029956392490
0.278488751300,0.059518922528,0.002041498914,-0.016560366367
0.275861498900,0.059522268736,0.002027955161,-0.019974388924
0.273234246600,0.059557934017,0.001980664717,-0.034852316157
0.270606994200,0.059601200302,0.001901360185,-0.042987726601
0.267979741800,0.059666136811,0.001751169989,-0.063769285363
0.265352489400,0.059798619377,0.001676178007,-0.089965641595
0.262725237100,0.060050093595,0.001588886126,-0.100808994865
0.260097984700,0.060308455366,0.001522222908,-0.064381388701
0.257470732300,0.060379608525,0.001530557363,-0.010558300282
0.254843480000,0.060353463039,0.001586662629,0.010609463819
0.252216227600,0.060284963122,0.001599299729,0.030984996411
0.249588975200,0.060131219020,0.001623198638,0.054330246012
0.246961722900,0.059933816931,0.001572861635,0.054837258760
0.244334470500,0.059776673881,0.001421897999,0.068623008755
0.241707218100,0.059466914109,0.001339838934,0.100825036941
0.239079965700,0.059123080733,0.001383144731,0.081294471228
0.236452713400,0.058902163531,0.001371770269,0.035080177441
0.233825461000,0.058755818268,0.001275837746,0.027897794842
0.231198208600,0.058665579469,0.001197607212,0.020858383491
0.228570956300,0.058599117819,0.001096375863,0.018662708168
0.225943703900,0.058527026970,0.001051530816,0.015688886469
0.223316451500,0.058490755956,0.000952840507,-0.008247533299
0.220689199100,0.058535709955,0.000761222173,0.007669903683
0.218061946800,0.058422694150,0.000536575615,0.070723442646
0.215434694400,0.058164095062,0.000461513316,0.091472080918
0.212807442000,0.057974322882,0.000458579320,0.097134835287
0.210180189700,0.057735919677,0.000443889323,0.128416480441
0.207552937300,0.057455935334,0.000545423336,0.101931405962
0.204925684900,0.057333493841,0.000665671898,0.059274827028
0.202298432500,0.057258817981,0.000698005414,0.036182038040
0.199671180200,0.057265259468,0.000704037767,0.001414466526
0.197043927800,0.057312351714,0.000718094025,0.002716733522
0.194416675400,0.057395533464,0.000814062469,-0.019924850691
0.191789423100,0.057593672502,0.000959243462,-0.032681169264
0.189162170700,0.057730997462,0.000917886994,-0.038377845983
0.186534918300,0.057850235237,0.000854815973,-0.020054436691
0.183907666000,0.057886500327,0.000876818563,-0.001848820163
0.181280413600,0.057918813856,0.000807262343,-0.013745074928
0.178653161200,0.058007287827,0.000782991250,-0.018421206326
0.176025908800,0.058066099220,0.000864857823,-0.005182693128
0.173398656500,0.058102650623,0.000855061956,0.006498335190
0.170771404100,0.058115219940,0.000868463326,0.008672109347
0.168144151700,0.058107516416,0.000994361409,0.029064544016
0.165516899400,0.058079810268,0.001017623387,0.040862118626
0.162889647000,0.058047850062,0.001042037185,0.070699394390
0.160262394600,0.057858161694,0.001230918329,0.072375885558
0.157635142200,0.057812609546,0.001414010771,0.031351873943
0.155007889900,0.057885737069,0.001474797729,0.041433971541
0.152380637500,0.057750437975,0.001413832401,0.063450910167
0.149753385100,0.057626809099,0.001394156842,0.039611193351
0.147126132800,0.057616718548,0.001434004909,-0.028321329737
0.144498880400,0.057819416403,0.001480101729,-0.104349515997
0.141871628000,0.058193476733,0.001530866977,-0.151704950977
0.139244375600,0.058652467474,0.001454547700,-0.167262370324
0.136617123300,0.059112815211,0.001483284371,-0.156614771991
0.133989870900,0.059541054485,0.001548013895,-0.104003671491
0.131362618500,0.059805218132,0.001514677376,-0.073434959386
0.128735366200,0.060074834053,0.001297236664,-0.103446386316
0.126108113800,0.060415253836,0.001073376568,-0.102702044168
0.123480861400,0.060710826150,0.000959233630,-0.035457656922
0.120853609000,0.060715007402,0.000719272387,0.072474656548
0.118226356700,0.060458785686,0.000603285307,0.130129728157
0.115599104300,0.060173909226,0.000579307992,0.148156904377
0.112971851900,0.059844392905,0.000459769920,0.192882882484
0.110344599600,0.059309580157,0.000351984240,0.224250333265
0.107717347200,0.058823970674,0.000355168378,0.238835604003
0.105090094800,0.058226572113,0.000298029795,0.214422146425
0.102462842500,0.057859083138,0.000293184516,0.155016908042
0.099835590100,0.057603772477,0.000413731753,0.147642232736
0.097208337700,0.057252242591,0.000397542397,0.144193962500
0.094581085300,0.056912062889,0.000285496504,0.170282843613
0.091953833000,0.056451441696,0.000366664426,0.172040223279
0.089326580600,0.056055710174,0.000484662626,0.120789311511
0.086699328200,0.055841613348,0.000464852462,0.061006722931
0.084072075900,0.055761831009,0.000388442123,0.008666595216
0.081444823500,0.055816292062,0.000408764800,-0.027233202151
0.078817571100,0.055921711703,0.000173834454,-0.044129570272
0.076190318700,0.056089115056,0.000209900401,-0.063116265946
0.073563066400,0.056383384646,0.000296575625,-0.123198712374
0.070935814000,0.056846723876,0.000256172808,-0.138436122308
0.068308561600,0.057120257242,0.000425980993,-0.094548314641
0.065681309300,0.057321550917,0.000422389654,-0.072212307321
0.063054056900,0.057442528601,0.000198225373,-0.006853586620
0.060426804500,0.057304267854,0.000192617794,0.081535682335
0.057799552100,0.056994598314,0.000350091910,0.122456049327
0.055172299800,0.056664745401,0.000372301449,0.145565340116
0.052545047400,0.056204197227,0.000421858819,0.148230095132
0.049917795000,0.055865749258,0.000455709036,0.146253510813
0.047290542700,0.055394156114,0.000484223364,0.166937658473
0.044663290300,0.054970007696,0.000348444582,0.239645743891
0.042036037900,0.054153420550,0.000273533304,0.356988837208
0.039408785500,0.053047026849,0.000266211837,0.006511185112
0.036781533200,0.054031545084,0.000066701886,-0.146231777166
0.034154280800,0.053615405988,-0.000038850513,0.050372191911
0.031527028400,0.053621925536,-0.000082499246,-0.081720324655
0.028899776100,0.053902096129,-0.000120180589,-0.100423991837
0.026272523700,0.054088834149,-0.000164197583,-0.102095360073
0.023645271300,0.054334194918,-0.000266980393,-0.111407688337
0.021018019000,0.054556923221,-0.000286138889,-0.068915273687
0.018390766600,0.054582660896,-0.000216192159,-0.051571590885
0.015763514200,0.054614034968,-0.000301598652,-0.023288976184
0.013136261800,0.054447759914,-0.000340247233,0.009578975104
0.010509009500,0.054422898682,-0.000329581635,-0.073395828359
0.007881757100,0.054734052597,-0.000293979083,-0.147735205877
0.005254504700,0.055039702117,-0.000340244143,-0.177771629027
0.002627252400,0.055446215902,-0.000384119359,0.510729260858
0.000000000000,0.052266414198,-0.000324701506,1.203846250112
