0.391460603250,-0.046403361382,-0.000231894124,0.445369936324
0.388833350880,-0.047432699818,-0.000180067631,0.591866504934
0.386206098510,-0.049465738083,-0.000190191043,0.456865665647
0.383578846140,-0.049714098406,0.000032389441,0.045967854096
0.380951593770,-0.049607173526,0.000267762382,-0.192211876586
0.378324341400,-0.048640219542,0.000321370587,-0.217572874550
0.375697089030,-0.048377628728,0.000412019320,0.097880485516
0.373069836660,-0.049091356667,0.000546924928,0.197518633700
0.370442584290,-0.049423262555,0.000805750878,-0.120425137494
0.367815331920,-0.048545529250,0.000880496731,0.083483796341
0.365188079550,-0.049877507211,0.000987602831,0.224043849408
0.362560827170,-0.049684445557,0.001193491427,-0.051778304985
0.359933574800,-0.049474820058,0.001575309852,-0.038765709309
0.357306322430,-0.049147606639,0.001725830726,-0.092756150095
0.354679070060,-0.048933817371,0.001844008837,-0.075945263031
0.352051817690,-0.048749022631,0.001896238159,-0.094578940609
0.349424565320,-0.048472295028,0.001987401550,-0.121269622563
0.346797312950,-0.048149830605,0.002066293497,-0.109910918863
0.344170060580,-0.047904311691,0.002045857944,-0.070296980338
0.341542808210,-0.047796054022,0.002150153429,-0.022158289100
0.338915555840,-0.047886399481,0.002215410912,0.027391197102
0.336288303460,-0.048000183640,0.002279911011,0.011622755451
0.333661051090,-0.048012391639,0.002344478135,0.009257163124
0.331033798720,-0.048054699567,0.002342487811,0.035853295965
0.328406546350,-0.048187671438,0.002343944872,0.081535003095
0.325779293980,-0.048467035824,0.002413123773,0.099663038981
0.323152041610,-0.048723191919,0.002615966590,0.072315961592
0.320524789240,-0.048884698661,0.002710696753,0.070194586108
0.317897536870,-0.049117783138,0.002589910561,0.093597394076
0.315270284500,-0.049392220677,0.002532731496,0.075636156456
0.312643032100,-0.049538140378,0.002683187727,0.036336209046
0.310015779800,-0.049553458121,0.002674863174,0.035060892255
0.307388527400,-0.049729931189,0.002726019759,0.047903095817
0.304761275000,-0.049835071468,0.002620984011,0.048571807554
0.302134022600,-0.050002050072,0.002615141856,0.042578972187
0.299506770300,-0.050120706963,0.002677553761,0.005255861561
0.296879517900,-0.050105247327,0.002631800749,-0.033458769185
0.294252265500,-0.050041278752,0.002629634352,-0.038507216533
0.291625013200,-0.049984289293,0.002658805387,-0.025929363599
0.288997760800,-0.049951246244,0.002594608994,-0.016503973781
0.286370508400,-0.049946185793,0.002569373409,0.010276651737
0.283743256000,-0.050084471450,0.002528716497,0.031612754209
0.281116003700,-0.050109591338,0.002474613637,-0.022399700744
0.278488751300,-0.049967852070,0.002424609210,-0.081292299804
0.275861498900,-0.049694950185,0.002301822785,-0.104333020374
0.273234246600,-0.049468925964,0.002105192009,-0.051924613313
0.270606994200,-0.049404381512,0.001970583978,-0.019508277044
0.267979741800,-0.049370650478,0.001708601584,-0.007315496488
0.265352489400,-0.049295834988,0.001601627517,-0.018694167156
0.262725237100,-0.049330876139,0.001622120887,-0.006059368263
0.260097984700,-0.049362359177,0.001668634798,0.003756039977
0.257470732300,-0.049419576503,0.001583343980,0.014380706815
0.254843480000,-0.049576900522,0.001629053523,0.038168565384
0.252216227600,-0.049756599072,0.001616824602,0.015215162653
0.249588975200,-0.049824879378,0.001565431194,0.010386653328
0.246961722900,-0.049933235311,0.001661252346,0.054226401190
0.244334470500,-0.050147915782,0.001682030962,0.082204662866
0.241707218100,-0.050375122763,0.001730476464,0.073912043143
0.239079965700,-0.050537646757,0.001793807759,0.073158059307
0.236452713400,-0.050780837952,0.001842736395,0.073724102196
0.233825461000,-0.050934959251,0.001786814849,0.052604887348
0.231198208600,-0.051083044742,0.001728292978,0.059487125149
0.228570956300,-0.051279670270,0.001665195549,0.078991933094
0.225943703900,-0.051483388927,0.001566492120,0.074939742950
0.223316451500,-0.051677244018,0.001481086675,0.061863055086
0.220689199100,-0.051840036548,0.001417877501,0.066713896370
0.218061946800,-0.052035652930,0.001393348376,0.115373192346
0.215434694400,-0.052488896569,0.001396437267,0.157688213177
0.212807442000,-0.052926972705,0.001369996987,0.113206588572
0.210180189700,-0.053156246177,0.001303356129,0.068386852970
0.207552937300,-0.053388602400,0.001364623074,0.057992788230
0.204925684900,-0.053543310699,0.001408101228,0.025145360878
0.202298432500,-0.053613838671,0.001498011359,-0.013732496033
0.199671180200,-0.053583987091,0.001533479605,-0.039737639941
0.197043927800,-0.053503413968,0.001613133959,-0.077469712525
0.194416675400,-0.053326489142,0.001789307746,-0.101385922375
0.191789423100,-0.053110623800,0.001934224603,-0.090593392506
0.189162170700,-0.052950806978,0.002012521130,-0.071286366468
0.186534918300,-0.052828879913,0.002079528603,-0.055108554477
0.183907666000,-0.052776721552,0.002170139757,-0.021652281249
0.181280413600,-0.052813045449,0.002186590988,-0.020549023692
0.178653161200,-0.052734566849,0.002210353677,-0.034984267839
0.176025908800,-0.052718497128,0.002275772594,-0.005876492551
0.173398656500,-0.052828032471,0.002370037505,0.007522761532
0.170771404100,-0.052853141966,0.002430002787,-0.006584142527
0.168144151700,-0.052859574379,0.002580803285,-0.019498964112
0.165516899400,-0.052816015340,0.002727306972,-0.013792259112
0.162889647000,-0.052843582906,0.002768890561,0.074664349768
0.160262394600,-0.053326381719,0.002719434272,0.050522646606
0.157635142200,-0.052921004454,0.002811351869,-0.077289224477
0.155007889900,-0.053004988241,0.002775534386,-0.030778019317
0.152380637500,-0.052860397286,0.002862620892,-0.077872938087
0.149753385100,-0.052672636166,0.002966974738,-0.108186747336
0.147126132800,-0.052381022754,0.002984953758,-0.180362499405
0.144498880400,-0.051868085461,0.002949290120,-0.181289693182
0.141871628000,-0.051481226533,0.003012535786,-0.163740488795
0.139244375600,-0.051098347310,0.003081922940,-0.172840720882
0.136617123300,-0.050680952001,0.003184731788,-0.177174585700
0.133989870900,-0.050235234114,0.003140513587,-0.163257208725
0.131362618500,-0.049893583963,0.003027618294,-0.103611887682
0.128735366200,-0.049702215860,0.003022687038,-0.023561849307
0.126108113800,-0.049737669082,0.003005089744,0.070497055704
0.123480861400,-0.049974697089,0.002943803527,0.129846191859
0.120853609000,-0.050274177681,0.002923353655,0.126628510005
0.118226356700,-0.050491117337,0.002849377132,0.155166526185
0.115599104300,-0.050947573308,0.002790982841,0.176760535486
0.112971851900,-0.051359109899,0.002613273210,0.147350843671
0.110344599600,-0.051686368395,0.002594002543,0.152534420187
0.107717347200,-0.052012776693,0.002573533576,0.169373169751
0.105090094800,-0.052436118281,0.002584027698,0.167759762354
0.102462842500,-0.052819744198,0.002589623240,0.156117546519
0.099835590100,-0.053212981170,0.002552169109,0.200037139548
0.097208337700,-0.053823782517,0.002562086182,-0.048785352622
0.094581085300,-0.052904071757,0.002503987362,0.230832907064
0.091953833000,-0.054757038981,0.002677628952,0.398187402666
0.089326580600,-0.055048498451,0.002575850448,0.059569653197
0.086699328200,-0.055105180617,0.002377434148,-0.023619068101
0.084072075900,-0.054972369398,0.002340604540,-0.068433082948
0.081444823500,-0.054820527204,0.002302705327,-0.099460656001
0.078817571100,-0.054561474104,0.002327020989,-0.123558179532
0.076190318700,-0.054334249926,0.002258968169,-0.117489042376
0.073563066400,-0.054109413747,0.002231838764,-0.115915560833
0.070935814000,-0.053858083044,0.002112731969,-0.108540338431
0.068308561600,-0.053683770608,0.002100881914,-0.049035852984
0.065681309300,-0.053716793906,0.002280512280,0.001956843211
0.063054056900,-0.053802598783,0.002381409903,0.046373396275
0.060426804500,-0.054042161534,0.002326884326,0.114502071849
0.057799552100,-0.054479121649,0.002321106637,0.147924295728
0.055172299800,-0.054855159554,0.002329560485,0.158493586027
0.052545047400,-0.055384735677,0.002249679271,0.166032205102
0.049917795000,-0.055820204170,0.002236308007,0.109035842802
0.047290542700,-0.056108606103,0.002062962544,0.081911254449
0.044663290300,-0.056385311927,0.001993213675,0.112347101414
0.042036037900,-0.056706368566,0.001832108883,0.073300729167
0.039408785500,-0.056835177705,0.001637336331,0.049009328422
0.036781533200,-0.057017822065,0.001452718799,0.052825823392
0.034154280800,-0.057153513904,0.001447463927,0.009965603101
0.031527028400,-0.057076019792,0.001325222094,-0.025741708696
0.028899776100,-0.057010939671,0.001235627651,-0.014813820909
0.026272523700,-0.056949356622,0.001299984341,-0.048372494074
0.023645271300,-0.056819104975,0.001327387392,-0.019668077274
0.021018019000,-0.056875741665,0.001383067087,0.050589027066
0.018390766600,-0.056985692157,0.001463837973,0.064435529104
0.015763514200,-0.057110802773,0.001229875435,0.019359087097
0.013136261800,-0.057084840116,0.001058154321,-0.041695720023
0.010509009500,-0.056895572907,0.001017579110,-0.077841476170
0.007881757100,-0.056682039327,0.001008380804,-0.103361535888
0.005254504700,-0.056392301222,0.000939462204,-0.134243228492
0.002627252400,-0.056008509311,0.000854797083,-1.396015371909
0.000000000000,-0.049128483001,0.000782235007,-2.670332347631
