0.391460603250,0.005449557020,-0.000203561479,-0.041447832146
0.388833350880,0.005555265726,-0.000615397783,0.200656897325
0.386206098510,0.004345671191,-0.000903966183,0.559356026152
0.383578846140,0.002544926382,-0.000733791382,0.824070502398
0.380951593770,-0.000002609650,-0.000673695656,0.086361076938
0.378324341400,0.002117479512,-0.000583104689,-0.399783682241
0.375697089030,0.002083111383,-0.000298819087,-0.007767272372
0.373069836660,0.002124109757,0.000137476333,-0.112343537318
0.370442584290,0.002624120189,0.000518153731,-0.177399106915
0.367815331920,0.003065797737,0.000805464129,0.026210748921
0.365188079550,0.002540851148,0.001103729790,-0.122582886776
0.362560827170,0.003806023669,0.001460786632,-0.291029018925
0.359933574800,0.004190664190,0.001726247868,-0.152715532321
0.357306322430,0.004589642021,0.002160527407,-0.117249478130
0.354679070060,0.004849214531,0.002497156134,-0.070541730526
0.352051817690,0.005002672122,0.002654466336,-0.090604441597
0.349424565320,0.005123334362,0.002826413728,-0.048905328647
0.346797312950,0.005198565330,0.002874829817,-0.001172122102
0.344170060580,0.005116671398,0.002991535818,0.039460787364
0.341542808210,0.005010182757,0.003021523283,0.059781360355
0.338915555840,0.004869736422,0.003131408632,0.067264515311
0.336288303460,0.004719964051,0.003043077968,0.078281623472
0.333661051090,0.004480883517,0.002914152795,0.092113734082
0.331033798720,0.004281662785,0.002870815591,0.078408322987
0.328406546350,0.004142907439,0.002835932988,0.069367086812
0.325779293980,0.003996236108,0.002756652578,0.080285479994
0.323152041610,0.003795180088,0.002695483745,0.082500145108
0.320524789240,0.003659054232,0.002718103651,0.059738922558
0.317897536870,0.003608182728,0.002741598444,0.048538949184
0.315270284500,0.003482664870,0.002736608216,0.064889979766
0.312643032100,0.003358966408,0.002716203724,0.029003379456
0.310015779800,0.003340263172,0.002671309057,0.018716903714
0.307388527400,0.003264252959,0.002537058976,0.036884002262
0.304761275000,0.003139548905,0.002570570236,0.034560449248
0.302134022600,0.003098724232,0.002583991338,0.033210213619
0.299506770300,0.003033448838,0.002708307593,0.044516551534
0.296879517900,0.002959262152,0.002824195529,0.054972061373
0.294252265500,0.002819497938,0.002944852358,0.100262641449
0.291625013200,0.002533788045,0.003063065814,0.146355109447
0.288997760800,0.002167374485,0.003102329171,0.139607041884
0.286370508400,0.001879735504,0.003171333694,0.094440751193
0.283743256000,0.001738206008,0.003181765817,0.056282929272
0.281116003700,0.001620153444,0.003220207704,0.050349764512
0.278488751300,0.001518778867,0.003279519823,0.042945343818
0.275861498900,0.001447022924,0.003155793346,0.013978372749
0.273234246600,0.001412639589,0.003019910831,0.001360258280
0.270606994200,0.001354713020,0.002875265122,-0.034795815945
0.267979741800,0.001369591799,0.002708010950,-0.087771472523
0.265352489400,0.001554422953,0.002713496614,-0.140857103547
0.262725237100,0.001843116793,0.002742184273,-0.150072159596
0.260097984700,0.002116585891,0.002743855467,-0.124503911392
0.257470732300,0.002292207569,0.002715952783,-0.113278249974
0.254843480000,0.002491179761,0.002644115526,-0.103293969348
0.252216227600,0.002640192890,0.002575500934,-0.055952870037
0.249588975200,0.002612144762,0.002555323506,-0.018551443618
0.246961722900,0.002580148880,0.002600653901,-0.004611474985
0.244334470500,0.002553456019,0.002770188993,0.003872631003
0.241707218100,0.002486676347,0.002882316266,0.000480570692
0.239079965700,0.002472406924,0.002821186353,-0.024455402260
0.236452713400,0.002504564832,0.002600920722,-0.053575156091
0.233825461000,0.002544171115,0.002557972380,-0.061606522539
0.231198208600,0.002630267805,0.002362524603,-0.095113669577
0.228570956300,0.002868075731,0.002151534595,-0.126574230489
0.225943703900,0.003155436248,0.001944245613,-0.118132776016
0.223316451500,0.003309278208,0.001790845468,-0.066539464708
0.220689199100,0.003271392964,0.001758578125,-0.015156856661
0.218061946800,0.003168130080,0.001630615745,-0.008912157612
0.215434694400,0.003101512505,0.001532484255,-0.009966124024
0.212807442000,0.002995929231,0.001379981128,0.006492051244
0.210180189700,0.002825869219,0.001206144291,-0.005583225406
0.207552937300,0.002787077355,0.001158279914,-0.041837682649
0.204925684900,0.002864160188,0.001109592154,-0.063208249907
0.202298432500,0.002988040978,0.001039936035,-0.098723212542
0.199671180200,0.003256072434,0.000967434908,-0.137023961790
0.197043927800,0.003566538040,0.001016097947,-0.140057988729
0.194416675400,0.003825657962,0.001154568807,-0.100774464336
0.191789423100,0.003934876190,0.001162340785,-0.028066029537
0.189162170700,0.003862877874,0.001121693086,0.000171215031
0.186534918300,0.003794838717,0.001220041387,-0.020208715736
0.183907666000,0.003801559450,0.001417048898,-0.028543167262
0.181280413600,0.003788704591,0.001496775921,-0.020292743372
0.178653161200,0.003793251336,0.001582293696,-0.052147000033
0.176025908800,0.003939519579,0.001612185651,-0.059136882021
0.173398656500,0.003982170022,0.001746044385,-0.021384155882
0.170771404100,0.003929731486,0.002025817962,-0.010419600958
0.168144151700,0.003933489369,0.002250333056,-0.008141203994
0.165516899400,0.003915570601,0.002333205526,0.022367161164
0.162889647000,0.003794992830,0.002441288077,0.055188618439
0.160262394600,0.003645634439,0.002452592872,0.050764153851
0.157635142200,0.003558802796,0.002451079925,0.039949690363
0.155007889900,0.003482588274,0.002375757816,0.044274762631
0.152380637500,0.003380076760,0.002272040730,0.042598577669
0.149753385100,0.003266584395,0.002096889914,0.011245506250
0.147126132800,0.003300936434,0.001980431968,-0.047239306594
0.144498880400,0.003518566702,0.001887927352,-0.069145489528
0.141871628000,0.003662746937,0.001829249702,-0.070559173400
0.139244375600,0.003850071605,0.001796078529,-0.076801910975
0.136617123300,0.004005785834,0.001690779740,-0.073428063633
0.133989870900,0.004185743986,0.001605135730,-0.056086605546
0.131362618500,0.004298035852,0.001638658925,-0.013208006579
0.128735366200,0.004216854720,0.001619139895,0.020678359279
0.126108113800,0.004096807787,0.001575131635,0.016607504996
0.123480861400,0.004001579517,0.001641132319,0.038029962627
0.120853609000,0.003737007225,0.001671132973,0.079414679489
0.118226356700,0.003463865574,0.001714519951,0.057553551697
0.115599104300,0.003284300779,0.001873049960,0.057878933096
0.112971851900,0.003018384416,0.001927393511,0.074153776907
0.110344599600,0.002718621730,0.001972857737,0.037916137819
0.107717347200,0.002681130101,0.001991043312,0.050552530229
0.105090094800,0.002376230252,0.002089704678,0.129479948565
0.102462842500,0.001948736552,0.002132822707,0.138743094950
0.099835590100,0.001615924510,0.002152313526,0.090410765277
0.097208337700,0.001470186791,0.002165831535,0.016468414512
0.094581085300,0.001499419798,0.002157503589,-0.049823636404
0.091953833000,0.001659019705,0.002319444977,-0.072304777193
0.089326580600,0.001846622402,0.002491952491,-0.125413241178
0.086699328200,0.002310567899,0.002673083682,-0.181904807350
0.084072075900,0.002814236993,0.002809205025,-0.149795192437
0.081444823500,0.003086161039,0.002686664616,-0.083636883681
0.078817571100,0.003233414252,0.002822206265,-0.025955209017
0.076190318700,0.003156866844,0.003013925372,0.036853806526
0.073563066400,0.002985456010,0.003076990289,0.043936730422
0.070935814000,0.002908416825,0.003108538139,0.051139548157
0.068308561600,0.002721243166,0.003152607478,0.035239018128
0.065681309300,0.002718864724,0.003077678754,-0.006628846813
0.063054056900,0.002759304362,0.003038443073,0.015956537345
0.060426804500,0.002664758207,0.003014209217,0.043139551356
0.057799552100,0.002589931694,0.002962426516,0.070150295355
0.055172299800,0.002366879636,0.002992550754,0.071837001712
0.052545047400,0.002197605100,0.002965738729,0.101406947035
0.049917795000,0.001899819164,0.003048529978,0.092585559110
0.047290542700,0.001730251546,0.003099027533,0.107135094453
0.044663290300,0.001340701220,0.003045808117,0.124935004592
0.042036037900,0.001060579191,0.002887565422,0.107149871275
0.039408785500,0.000845943788,0.002799390949,0.101446474209
0.036781533200,0.000580149760,0.002692012300,0.079260352471
0.034154280800,0.000481449720,0.002493165350,0.046733758648
0.031527028400,0.000409015386,0.002416447992,0.057756967178
0.028899776100,0.000256526691,0.002467295642,0.102691185007
0.026272523700,-0.000022978557,0.002286831683,0.073516778251
0.023645271300,-0.000053753469,0.001599286896,0.026140934183
0.021018019000,-0.000109999085,0.001396691604,0.117691780375
0.018390766600,-0.000581854132,0.001569598798,0.197416382953
0.015763514200,-0.001007640147,0.001383015185,0.183637183187
0.013136261800,-0.001440123467,0.001192298128,0.162610115807
0.010509009500,-0.001832435529,0.000910859984,0.112447440945
0.007881757100,-0.002019043666,0.000726803543,0.052551381783
0.005254504700,-0.002136551937,0.000644033841,-0.024621972258
0.002627252400,-0.001968677534,0.000442052543,-0.151647705620
0.000000000000,-0.001378263802,0.000295548687,-0.216193550371
