0.391460603250,-0.054274800152,-0.000325913669,0.509700207996
0.388833350880,-0.055672871872,-0.000299296734,0.231907096175
0.386206098510,-0.055567817144,-0.000178947742,-0.118399299386
0.383578846140,-0.055167790418,-0.000030329886,-0.164611047029
0.380951593770,-0.054744374537,0.000095687881,0.036601907232
0.378324341400,-0.055371166738,0.000154192790,0.692657590823
0.375697089030,-0.058426728073,0.000624503447,0.441280272035
0.373069836660,-0.057785956710,0.000854140974,0.031408394278
0.370442584290,-0.058740046820,0.001152476288,0.131963177179
0.367815331920,-0.058598353726,0.001411813320,-0.209777364643
0.365188079550,-0.057700149105,0.001383192464,-0.196821814736
0.362560827170,-0.057502511932,0.001498097020,-0.071714742797
0.359933574800,-0.057367859801,0.001666551066,-0.118828817854
0.357306322430,-0.056922639818,0.001750633451,0.061869383500
0.354679070060,-0.057794912303,0.001886082322,0.248701705752
0.352051817690,-0.058286285154,0.001952556280,0.102489256710
0.349424565320,-0.058404825230,0.001932154515,-0.018835878486
0.346797312950,-0.058253954012,0.001989402141,-0.079020025245
0.344170060580,-0.058109227207,0.002008050782,-0.049875449244
0.341542808210,-0.058050929394,0.002115460802,-0.028824490429
0.338915555840,-0.057980479330,0.002271915441,-0.004267378740
0.336288303460,-0.058086953292,0.002369293702,0.042320120584
0.333661051090,-0.058311929430,0.002461183459,0.090393041339
0.331033798720,-0.058589137286,0.002611910027,0.135085800837
0.328406546350,-0.059039484868,0.002727788399,0.163706750733
0.325779293980,-0.059440514430,0.002755510008,0.128544095078
0.323152041610,-0.059742283432,0.002788294385,0.094307144752
0.320524789240,-0.059956423780,0.002762873617,0.047847420251
0.317897536870,-0.060059732212,0.002833928139,0.041146407697
0.315270284500,-0.060194234249,0.002893267159,0.047613983639
0.312643032100,-0.060381547388,0.003048276876,0.028072506701
0.310015779800,-0.060434001197,0.003041577209,-0.025639388341
0.307388527400,-0.060296383122,0.002956449743,-0.071985415230
0.304761275000,-0.060122949971,0.002932983901,-0.070164463982
0.302134022600,-0.060000828835,0.003018542928,-0.037324297322
0.299506770300,-0.059976615614,0.003021355569,-0.002537506279
0.296879517900,-0.060025838657,0.002951017100,-0.018224670696
0.294252265500,-0.059923379092,0.002908820259,-0.059702362485
0.291625013200,-0.059770214055,0.002874837295,-0.044019332039
0.288997760800,-0.059684439183,0.002925560676,-0.009787034875
0.286370508400,-0.059691122141,0.002895719204,0.026056746766
0.283743256000,-0.059702638019,0.003009554564,0.017209682282
0.281116003700,-0.059749151086,0.003113848704,0.026193979351
0.278488751300,-0.059844293237,0.003179705503,0.040778254147
0.275861498900,-0.059943658697,0.003227751884,0.015347273947
0.273234246600,-0.059837439677,0.003383027662,-0.050873395846
0.270606994200,-0.059664893135,0.003633926252,-0.051653084525
0.267979741800,-0.059605486741,0.003847583308,-0.047213017486
0.265352489400,-0.059571271663,0.003980485456,-0.046269366151
0.262725237100,-0.059512291834,0.004122062682,-0.055938150138
0.260097984700,-0.059409098124,0.003871805201,-0.050742367478
0.257470732300,-0.059372240364,0.003697539829,-0.021659559806
0.254843480000,-0.059411809085,0.003528528564,-0.028444388562
0.252216227600,-0.059384367400,0.003274648151,-0.058023261051
0.249588975200,-0.059252840135,0.003139989575,-0.069285306152
0.246961722900,-0.059161596668,0.002972800647,-0.037144715217
0.244334470500,-0.059236403382,0.002744912066,0.013159753245
0.241707218100,-0.059363849880,0.002663386841,0.076247370769
0.239079965700,-0.059727738320,0.002642582508,0.113643690064
0.236452713400,-0.060022890635,0.002618038355,0.124623827023
0.233825461000,-0.060367145098,0.002629834728,0.114876377861
0.231198208600,-0.060687526909,0.002592823847,0.068661364671
0.228570956300,-0.060786446379,0.002503816428,0.011445535960
0.225943703900,-0.060759207796,0.002421068049,0.007293438136
0.223316451500,-0.060801413164,0.002278241587,0.002810584106
0.220689199100,-0.060738446929,0.002216814506,-0.023350380367
0.218061946800,-0.060654280979,0.002227877885,-0.039569191496
0.215434694400,-0.060510051481,0.002171808616,-0.057328355533
0.212807442000,-0.060301431483,0.002177048545,-0.065487007317
0.210180189700,-0.060108594329,0.002254309321,-0.041116380606
0.207552937300,-0.060092322253,0.002285662002,0.015483353984
0.204925684900,-0.060198045937,0.002356469062,0.029275495751
0.202298432500,-0.060243184801,0.002417274988,0.007938345135
0.199671180200,-0.060247226309,0.002538783184,0.008663607941
0.197043927800,-0.060304558350,0.002584642845,0.035596110874
0.194416675400,-0.060465200734,0.002541124522,0.054320727810
0.191789423100,-0.060634235182,0.002542211210,0.064273615074
0.189162170700,-0.060805547839,0.002498545567,0.077490437652
0.186534918300,-0.061072695661,0.002530996700,0.064404578907
0.183907666000,-0.061187933301,0.002529786992,0.008716625813
0.181280413600,-0.061202516747,0.002653048077,-0.033030906384
0.178653161200,-0.061137817942,0.002728898911,-0.062882364717
0.176025908800,-0.061021462945,0.002756939295,-0.091599037072
0.173398656500,-0.060826342309,0.002852369563,-0.118140926438
0.170771404100,-0.060612823321,0.002826338694,-0.143125642408
0.168144151700,-0.060297224007,0.002809847400,-0.162223705348
0.165516899400,-0.059932661341,0.002713157080,-0.179406360591
0.162889647000,-0.059503797422,0.002506963711,-0.194042377306
0.160262394600,-0.059028101041,0.002490899926,-0.154794931643
0.157635142200,-0.058711819352,0.002583797774,-0.081049767117
0.155007889900,-0.058657888393,0.002550493224,0.012807709799
0.152380637500,-0.058761651169,0.002373331358,0.058195479422
0.149753385100,-0.058959118492,0.002220745633,0.086400832319
0.147126132800,-0.059286414652,0.002133917982,0.098216414581
0.144498880400,-0.059558444756,0.002163138047,0.087055208852
0.141871628000,-0.059764510369,0.002207016948,0.075124817519
0.139244375600,-0.059995402250,0.002149524034,0.087651935245
0.136617123300,-0.060282897527,0.002212728409,0.092717380677
0.133989870900,-0.060590083981,0.002287339172,0.074375052825
0.131362618500,-0.060780294255,0.002318254294,0.051314242041
0.128735366200,-0.060863286659,0.002452757036,0.051961779607
0.126108113800,-0.061076012582,0.002697062757,0.089155805826
0.123480861400,-0.061338600916,0.002986110862,0.095091579779
0.120853609000,-0.061569867832,0.003217831395,0.059797030027
0.118226356700,-0.061629188602,0.003351620509,-0.000925938089
0.115599104300,-0.061620265938,0.003578998047,-0.033004787472
0.112971851900,-0.061486114797,0.003790890454,-0.029180782031
0.110344599600,-0.061444710814,0.003789613632,-0.041227942122
0.107717347200,-0.061298684335,0.003972821247,-0.048944218024
0.105090094800,-0.061200939294,0.004242931466,-0.024024983044
0.102462842500,-0.061123238911,0.004475353530,-0.046803426971
0.099835590100,-0.061041013491,0.004557591378,-0.038897469558
0.097208337700,-0.061085342094,0.004725228023,-0.001066175280
0.094581085300,-0.061190311365,0.005041411826,0.029169215827
0.091953833000,-0.061412141912,0.005088144677,0.080832118909
0.089326580600,-0.061680026141,0.005169713328,0.090826578512
0.086699328200,-0.061911288475,0.005129411032,0.080130570158
0.084072075900,-0.062193287322,0.005040560830,0.096096656242
0.081444823500,-0.062435066912,0.005019130208,0.086813171277
0.078817571100,-0.062624565176,0.005161292706,0.046728517025
0.076190318700,-0.062647473054,0.005215155726,0.061536603637
0.073563066400,-0.062929732099,0.005235328645,0.084417666424
0.070935814000,-0.063121183969,0.005149715813,0.023726281147
0.068308561600,-0.063034920712,0.005069612037,0.020689697364
0.065681309300,-0.063164599431,0.005021262328,0.042980706290
0.063054056900,-0.063219504628,0.005034071550,0.020082642875
0.060426804500,-0.063237046763,0.004941734188,0.018921482374
0.057799552100,-0.063283750445,0.004661512845,0.013461760057
0.055172299800,-0.063281459486,0.004565242127,0.005066155971
0.052545047400,-0.063267930963,0.004528482818,0.043871790600
0.049917795000,-0.063367228508,0.004349149939,0.064305524039
0.047290542700,-0.063539418067,0.004226804508,0.071400753136
0.044663290300,-0.063659325779,0.004094241819,0.056173717854
0.042036037900,-0.063749046680,0.003990998681,0.073743242904
0.039408785500,-0.063897266587,0.003818625722,0.156907413518
0.036781533200,-0.064376371076,0.003567318809,0.290519154882
0.034154280800,-0.065211937134,0.003345418590,0.306823500881
0.031527028400,-0.065833657168,0.003231419536,0.276085084695
0.028899776100,-0.066519556188,0.003101572472,0.275934156103
0.026272523700,-0.067101780191,0.002918765562,0.192927044415
0.023645271300,-0.067380484070,0.002761450595,0.124321042568
0.021018019000,-0.067607206614,0.002445106728,0.114730162398
0.018390766600,-0.067804732667,0.002234060510,0.073017934760
0.015763514200,-0.067822201358,0.002042108687,0.025975194262
0.013136261800,-0.067787308470,0.001874322436,-0.042367403708
0.010509009500,-0.067471781428,0.001782057735,-0.130461613962
0.007881757100,-0.067058678606,0.001707235482,-0.174654595234
0.005254504700,-0.066522675614,0.001604310695,-0.543333495836
0.002627252400,-0.064158673142,0.001417382638,-0.899657614990
0.000000000000,-0.061700274306,0.001184273031,-0.935163107186
