0.391460603250,0.055464810197,0.000554888814,-0.167855016343
0.388833350880,0.055992138378,0.000575825021,0.210385256883
0.386206098510,0.054393892482,0.000625045326,0.307813476009
0.383578846140,0.054406439077,0.000636077387,-0.293923472038
0.380951593770,0.055942997573,0.000905907942,-0.273734038353
0.378324341400,0.055722881886,0.001092329641,0.136579467101
0.375697089030,0.055159639053,0.001231322475,-0.018158649459
0.373069836660,0.055707137891,0.001346161312,-0.441880896071
0.370442584290,0.057519079921,0.001742454505,-0.535734363469
0.367815331920,0.058391387317,0.001803656875,-0.403846223922
0.365188079550,0.059513858427,0.002062950134,-0.302374294860
0.362560827170,0.059933645825,0.002349647817,-0.068525551826
0.359933574800,0.059902626215,0.002382767122,-0.130738743138
0.357306322430,0.060889817670,0.002388990810,-0.257378219562
0.354679070060,0.061359329026,0.002350092524,-0.154366769609
0.352051817690,0.061736865706,0.002162047055,-0.075352931184
0.349424565320,0.061773085931,0.001984905346,-0.045026562299
0.346797312950,0.061962399720,0.002092689432,-0.079991466711
0.344170060580,0.062195099621,0.002127138034,-0.071115254608
0.341542808210,0.062281504194,0.002335883319,-0.018440260285
0.338915555840,0.062243580655,0.002509909284,0.006884907811
0.336288303460,0.062199499906,0.002592516929,0.021090215949
0.333661051090,0.062086838130,0.002796862439,0.025904565398
0.331033798720,0.061997986416,0.002969689992,0.042961151730
0.328406546350,0.061793498184,0.003035217302,0.100067112712
0.325779293980,0.061403301658,0.003069595987,0.163540579027
0.323152041610,0.060903882089,0.003206925240,0.432431262176
0.320524789240,0.059018238624,0.003194171924,0.044008205164
0.317897536870,0.060201095332,0.003306052700,-0.165855440396
0.315270284500,0.059853174313,0.003276599032,0.108498878151
0.312643032100,0.059641249035,0.003271213047,0.070470107245
0.310015779800,0.059457908491,0.003229119940,0.047453347720
0.307388527400,0.059336517882,0.003264134482,0.042672487983
0.304761275000,0.059195450709,0.003213633010,0.041397043978
0.302134022600,0.059082744442,0.003202389887,-0.001606584385
0.299506770300,0.059146041992,0.003235928808,-0.068505259498
0.296879517900,0.059409884840,0.003248134335,-0.094731467354
0.294252265500,0.059667441676,0.003160520101,-0.069072772001
0.291625013200,0.059787859180,0.003126138305,-0.029973961054
0.288997760800,0.059840583523,0.003141936083,-0.036172601561
0.286370508400,0.060013486251,0.003079867044,-0.014865259162
0.283743256000,0.059962464892,0.002959977628,0.035081014216
0.281116003700,0.059887154931,0.002871887777,0.012348852077
0.278488751300,0.059919830817,0.002878429634,-0.006671287824
0.275861498900,0.059913336490,0.002854405759,0.015669734458
0.273234246600,0.059850536836,0.002772197837,-0.015710586994
0.270606994200,0.059960366222,0.002750009077,-0.052019409601
0.267979741800,0.060052889082,0.002792855234,-0.035463982819
0.265352489400,0.060063928319,0.002775134018,-0.046212308511
0.262725237100,0.060132603368,0.002873573459,-0.045096930420
0.260097984700,0.060194571021,0.002941393926,-0.014796572799
0.257470732300,0.060062603630,0.002942963053,0.006285456021
0.254843480000,0.060009699969,0.002890233879,-0.033987381739
0.252216227600,0.060063961846,0.002737272350,-0.049199593303
0.249588975200,0.060070843232,0.002645217338,-0.057414248892
0.246961722900,0.060154645279,0.002477800961,-0.078101001992
0.244334470500,0.060252293906,0.002249833420,-0.088295919262
0.241707218100,0.060416902410,0.002063281330,-0.075774445702
0.239079965700,0.060500719055,0.001885968233,0.015318747013
0.236452713400,0.060303703961,0.001748218581,0.066272354678
0.233825461000,0.060127906407,0.001739456425,0.066698462239
0.231198208600,0.059827177929,0.001639279098,0.116545880833
0.228570956300,0.059477780457,0.001593883121,0.117892345941
0.225943703900,0.059166191064,0.001546565833,0.109261085847
0.223316451500,0.058910726911,0.001468223386,0.075349633442
0.220689199100,0.058786879027,0.001373212840,0.009409856545
0.218061946800,0.058844102330,0.001262927902,-0.036374552823
0.215434694400,0.058927453865,0.001087592074,-0.034948495311
0.212807442000,0.058981806551,0.001042590866,-0.061516168381
0.210180189700,0.059253375641,0.001025953161,-0.107876151421
0.207552937300,0.059585593110,0.000981172696,-0.082672583472
0.204925684900,0.059760402954,0.000967084172,-0.023430965357
0.202298432500,0.059780957993,0.000936962776,-0.003397696031
0.199671180200,0.059832098413,0.000996115305,0.015967055658
0.197043927800,0.059777114044,0.001090273730,0.093627722428
0.194416675400,0.059437111384,0.001193052588,0.121521827852
0.191789423100,0.059250834635,0.001158702904,0.071759585120
0.189162170700,0.059097877180,0.001255348790,0.077280189384
0.186534918300,0.058890817357,0.001375026751,0.077778892704
0.183907666000,0.058761570946,0.001418886997,0.060576653458
0.181280413600,0.058627004089,0.001529948200,0.039260308799
0.178653161200,0.058572936639,0.001610206365,-0.018756084134
0.176025908800,0.058733311184,0.001612829522,-0.072045570298
0.173398656500,0.058916475838,0.001654516291,-0.058864940337
0.170771404100,0.059041716306,0.001583560339,-0.070878971718
0.168144151700,0.059308678857,0.001476275746,-0.128308567440
0.165516899400,0.059736186502,0.001317047505,-0.159898418150
0.162889647000,0.060130563471,0.001262389600,-0.161751277521
0.160262394600,0.060525281410,0.001190027167,-0.143115852512
0.157635142200,0.060836946302,0.001054605666,-0.122831087777
0.155007889900,0.061153317686,0.000984285388,-0.116180985259
0.152380637500,0.061421631181,0.000933349457,-0.047706377456
0.149753385100,0.061411097144,0.000892942968,0.022929603610
0.147126132800,0.061328272285,0.000785726273,0.042626483190
0.144498880400,0.061180650510,0.000656793776,0.066729078631
0.141871628000,0.060993303751,0.000564150616,0.075258089537
0.139244375600,0.060763388982,0.000458404418,0.070380797764
0.136617123300,0.060617209497,0.000312023391,0.081786400587
0.133989870900,0.060327916737,0.000251272163,0.081030740278
0.131362618500,0.060084358424,0.000156566693,0.107931779068
0.128735366200,0.059704949889,0.000214959514,0.103031154186
0.126108113800,0.059486770083,0.000403305374,0.078021987265
0.123480861400,0.059202520867,0.000565346652,0.101755550218
0.120853609000,0.058812802935,0.000789609028,0.108221839517
0.118226356700,0.058507747189,0.001016215019,0.072833816384
0.115599104300,0.058368624065,0.001224236198,0.050860849261
0.112971851900,0.058221090833,0.001460811844,0.024784643944
0.110344599600,0.058194649087,0.001651720669,-0.017686327980
0.107717347200,0.058351490812,0.001735670368,-0.070293476949
0.105090094800,0.058571507613,0.001715338329,-0.080276616969
0.102462842500,0.058794237091,0.001818787041,-0.032740520852
0.099835590100,0.058840937329,0.001955876132,-0.015577928490
0.097208337700,0.058947257239,0.002118445182,-0.026371796797
0.094581085300,0.058991386700,0.002240308910,0.009323766848
0.091953833000,0.058877017237,0.002335798684,0.020707033630
0.089326580600,0.058869579143,0.002447891963,0.041161243777
0.086699328200,0.058726819777,0.002548471418,0.069353551815
0.084072075900,0.058491614607,0.002698785761,0.049015690485
0.081444823500,0.058451230077,0.002724475342,0.016504680742
0.078817571100,0.058352983623,0.002709177320,0.049437761588
0.076190318700,0.058125846502,0.002772123723,0.072065721207
0.073563066400,0.057971924676,0.002870996343,0.073200436795
0.070935814000,0.057718970532,0.002879642286,0.071806659221
0.068308561600,0.057549820349,0.002943471044,0.032355012163
0.065681309300,0.057532070831,0.003035215181,0.010907232678
0.063054056900,0.057504410891,0.002894380254,0.039938528346
0.060426804500,0.057353258053,0.002773635422,0.020029041553
0.057799552100,0.057411112517,0.002623926226,-0.013298778381
0.055172299800,0.057441897934,0.002622560141,0.006278885071
0.052545047400,0.057417029167,0.002500492236,0.019963112751
0.049917795000,0.057361899775,0.002377594246,-0.007919273447
0.047290542700,0.057459508346,0.002424416213,-0.000882476111
0.044663290300,0.057480440339,0.002516098173,0.048629397149
0.042036037900,0.057349842383,0.002359270572,0.078334892546
0.039408785500,0.057174092191,0.002290255403,0.085777805295
0.036781533200,0.056963387459,0.002217506162,0.116324165746
0.034154280800,0.056620189648,0.002156111358,0.148806176565
0.031527028400,0.056260755236,0.002125839275,0.165009159434
0.028899776100,0.055789896686,0.001827394742,0.186662478799
0.026272523700,0.055226885682,0.001500928717,0.458121227178
0.023645271300,0.053242285146,0.001028186364,0.321440323323
0.021018019000,0.053504727210,0.000825482578,-0.095234801682
0.018390766600,0.053698616198,0.000812389361,0.000524632967
0.015763514200,0.053530693098,0.000692971850,0.015772269676
0.013136261800,0.053670264661,0.000502437813,-0.060323503052
0.010509009500,0.053865150484,0.000228939929,-0.083226565103
0.007881757100,0.054191687214,0.000202552310,-0.133682201965
0.005254504700,0.054574836423,0.000205355250,-0.181935756742
0.002627252400,0.055086252843,0.000151507734,2.147407674033
0.000000000000,0.043255688477,-0.000038804077,4.529323668079
