0.391460603250,0.042491199180,0.001317388337,-1.305075694098
0.388833350880,0.045900314906,0.001047319293,-0.457077516874
0.386206098510,0.045070061049,0.001128768887,0.515269692423
0.383578846140,0.043292191248,0.001260685012,0.518643375799
0.380951593770,0.042494015079,0.001366955723,-0.070297816649
0.378324341400,0.043696223552,0.001569097518,-0.157622226636
0.375697089030,0.043319093749,0.001596686151,0.107909938914
0.373069836660,0.043090840587,0.001667756359,-0.170389903961
0.370442584290,0.044157891866,0.001881944104,-0.283428627757
0.367815331920,0.044995869977,0.001783769241,-0.246915943371
0.365188079550,0.045632519761,0.001764394911,-0.209891285412
0.362560827170,0.046153823252,0.001739308238,-0.185698390176
0.359933574800,0.046615870680,0.001765014250,-0.147501165155
0.357306322430,0.046930503622,0.001931295523,-0.142806925247
0.354679070060,0.047318252276,0.002049551417,-0.148820932632
0.352051817690,0.047609686520,0.002208777217,-0.114894123651
0.349424565320,0.047758368826,0.002305994223,-0.076995770464
0.346797312950,0.047910977838,0.002327810571,-0.053742678933
0.344170060580,0.047968846001,0.002358630388,-0.015621964012
0.341542808210,0.047950535013,0.002518204000,-0.025031491823
0.338915555840,0.048006910583,0.002586222759,-0.028956271535
0.336288303460,0.047985212329,0.002610426578,-0.002597500517
0.333661051090,0.047947112704,0.002635218280,0.015446999214
0.331033798720,0.047867229655,0.002500380711,0.039855623177
0.328406546350,0.047685354086,0.002484793159,0.054277364500
0.325779293980,0.047544944004,0.002596413977,0.034070257169
0.323152041610,0.047430537625,0.002455827690,0.051167149901
0.320524789240,0.047282217499,0.002438784750,0.071697501872
0.317897536870,0.047145527933,0.002532717862,0.047227396096
0.315270284500,0.047028948519,0.002528992982,0.014715298842
0.312643032100,0.047027066034,0.002661084943,-0.005207670420
0.310015779800,0.047007862472,0.002736830781,-0.002191530256
0.307388527400,0.046923651939,0.002778674132,0.018484639377
0.304761275000,0.046812823609,0.002837217236,0.037362350526
0.302134022600,0.046656974708,0.002770669857,0.058347725406
0.299506770300,0.046403087928,0.002706374048,0.055822375463
0.296879517900,0.046250682675,0.002613835820,0.021313300112
0.294252265500,0.046168528464,0.002628126922,0.001049181147
0.291625013200,0.046103093667,0.002734380849,-0.038816613882
0.288997760800,0.046212851181,0.002790450002,-0.068928376181
0.286370508400,0.046310357372,0.002761416597,-0.052339181230
0.283743256000,0.046300056946,0.002734022329,-0.054634205552
0.281116003700,0.046431429592,0.002700464966,-0.092409287332
0.278488751300,0.046647126711,0.002576560755,-0.071940613351
0.275861498900,0.046764919472,0.002448503705,-0.045022676571
0.273234246600,0.046837803178,0.002260824473,-0.066589557630
0.270606994200,0.046983192455,0.001945429205,-0.053991149378
0.267979741800,0.047043393827,0.001750528949,-0.003242742713
0.265352489400,0.046911684484,0.001610392320,0.029791412404
0.262725237100,0.046821794067,0.001471458275,0.025638658514
0.260097984700,0.046717521598,0.001363611778,0.047581317718
0.257470732300,0.046516830370,0.001344109869,0.034103355379
0.254843480000,0.046438219671,0.001261776717,0.001448886078
0.252216227600,0.046368020288,0.001183081310,0.009098072386
0.249588975200,0.046283535721,0.001178659948,0.020430724160
0.246961722900,0.046197746456,0.001150694519,0.041321509641
0.244334470500,0.046056656881,0.001126582411,0.012139087103
0.241707218100,0.046094668840,0.001027298811,-0.005547017685
0.239079965700,0.046077808154,0.001037848587,0.052932440526
0.236452713400,0.045860057761,0.000942477915,0.073049417562
0.233825461000,0.045722956439,0.000889686510,0.052734629792
0.231198208600,0.045570927569,0.000847808475,0.078427079592
0.228570956300,0.045315464727,0.000804212841,0.148094381722
0.225943703900,0.044854161673,0.000781249188,0.195090473448
0.223316451500,0.044388040530,0.000753960504,0.189004399489
0.220689199100,0.043969322610,0.000813590245,0.175404874356
0.218061946800,0.043620382966,0.000798659651,0.141300959362
0.215434694400,0.043303298198,0.000697375357,0.110942288083
0.212807442000,0.043098714483,0.000794736939,0.053351152974
0.210180189700,0.043065618011,0.000761194235,0.001468855021
0.207552937300,0.043170273472,0.000727926375,-0.027525676041
0.204925684900,0.043259765560,0.000767196769,-0.022859763246
0.202298432500,0.043304960596,0.000805156804,-0.043029910676
0.199671180200,0.043495183881,0.000859400779,-0.069842022892
0.197043927800,0.043654497959,0.000933203600,-0.033547879951
0.194416675400,0.043732727150,0.000998388016,0.008128256524
0.191789423100,0.043719245407,0.001076923341,0.043980555235
0.189162170700,0.043595253908,0.001164193694,0.080787199641
0.186534918300,0.043418099447,0.001340591485,0.062621256741
0.183907666000,0.043362242091,0.001482895197,0.028945906774
0.181280413600,0.043356022913,0.001646499917,0.035938794821
0.178653161200,0.043272545268,0.001695567188,0.047328482156
0.176025908800,0.043178883663,0.001807360466,-0.002419128209
0.173398656500,0.043326183149,0.001863901586,-0.071499975539
0.170771404100,0.043541893779,0.001888483076,-0.072168262838
0.168144151700,0.043696395650,0.001961063165,-0.064285770355
0.165516899400,0.043866988118,0.001871039340,-0.090090382184
0.162889647000,0.044140679781,0.001925811214,-0.117847430370
0.160262394600,0.044486204100,0.001914621172,-0.127419809745
0.157635142200,0.044801455183,0.001918070752,-0.146757293064
0.155007889900,0.045248373694,0.002085389375,-0.158136430139
0.152380637500,0.045655802182,0.002154071814,-0.148643234008
0.149753385100,0.046109579961,0.002046134839,-0.150314633859
0.147126132800,0.046528870514,0.002039674402,-0.104857078349
0.144498880400,0.046712953940,0.002064678836,-0.003178418363
0.141871628000,0.046652379986,0.002148477456,-0.020422112376
0.139244375600,0.047041017611,0.001941203211,-0.063814917586
0.136617123300,0.047066915983,0.001870511016,0.046473460040
0.133989870900,0.046934392237,0.001740101076,0.103131917607
0.131362618500,0.046720711820,0.001578072001,0.124966325631
0.128735366200,0.046507616596,0.001527196027,0.135464156301
0.126108113800,0.046251878335,0.001496056481,0.107462836094
0.123480861400,0.046162242528,0.001502493878,0.091090792442
0.120853609000,0.045929551784,0.001363804196,0.165661613633
0.118226356700,0.045462355349,0.001171722169,0.223928995778
0.115599104300,0.044952778431,0.000937405477,0.214618910650
0.112971851900,0.044497390226,0.000874269652,0.238360374028
0.110344599600,0.043816534760,0.000956198196,0.327523946344
0.107717347200,0.042867983182,0.001060553807,0.300564006688
0.105090094800,0.042341729601,0.001039995208,0.193005953798
0.102462842500,0.041853556264,0.001124305991,0.134608346397
0.099835590100,0.041614682720,0.001140287431,0.040930376688
0.097208337700,0.041621826372,0.001167174224,-0.048123198980
0.094581085300,0.041819547573,0.001000172287,-0.114672442093
0.091953833000,0.042148261321,0.000936830981,-0.133427286831
0.089326580600,0.042413906997,0.000988676642,-0.093263128143
0.086699328200,0.042535147046,0.000919244211,-0.081455989124
0.084072075900,0.042668138245,0.000948656526,-0.101194478567
0.081444823500,0.042903268158,0.001024790588,-0.087941962243
0.078817571100,0.043001867333,0.001061784901,-0.063724469749
0.076190318700,0.043108697713,0.001076161096,-0.058526787726
0.073563066400,0.043202498376,0.000937891450,-0.036076058976
0.070935814000,0.043212115425,0.000908330122,-0.014166404907
0.068308561600,0.043110234958,0.000855090281,0.006006225953
0.065681309300,0.042991865512,0.000764814598,0.049216784826
0.063054056900,0.042688692638,0.000788601137,0.089336769018
0.060426804500,0.042415431195,0.000850001694,0.093735572700
0.057799552100,0.042089468656,0.000772458060,0.102955255459
0.055172299800,0.041796811072,0.000753312967,0.077286538977
0.052545047400,0.041651368190,0.000700983764,0.088590681945
0.049917795000,0.041280180101,0.000595585194,0.104679763126
0.047290542700,0.041018601908,0.000546911002,0.043590653015
0.044663290300,0.040953397627,0.000527674835,-0.016295361879
0.042036037900,0.040999899214,0.000421189346,-0.024505470170
0.039408785500,0.040956141720,0.000280849844,-0.010359314165
0.036781533200,0.040932021074,0.000154443628,-0.036906069005
0.034154280800,0.040989446276,0.000054898771,-0.053772440634
0.031527028400,0.041036928496,-0.000112715916,-0.083610298390
0.028899776100,0.041246622506,0.000031770033,-0.083115094898
0.026272523700,0.041281468529,0.000212060303,-0.025502400054
0.023645271300,0.041229401503,0.000164903066,-0.001135308757
0.021018019000,0.041092411414,0.000246486026,0.062983536471
0.018390766600,0.040706373795,0.000233833580,0.106563438018
0.015763514200,0.040402912331,0.000105759777,0.053168167537
0.013136261800,0.040307649576,0.000029093643,-0.028340052704
0.010509009500,0.040458618962,-0.000005849271,-0.102601340312
0.007881757100,0.040788182799,0.000013374727,-0.155740863840
0.005254504700,0.041198348828,0.000069412356,-0.202670840190
0.002627252400,0.041767546213,0.000054530227,0.040648856876
0.000000000000,0.040979890184,0.000338502037,0.288878233984
