0.391460603250,0.001529633389,-0.000244480893,0.279811863764
0.388833350880,0.000842497533,-0.000630455074,0.165108092619
0.386206098510,0.000720939026,-0.000825428564,-0.160163240131
0.383578846140,0.001670688715,-0.000823391113,-0.043960910635
0.380951593770,0.000964586403,-0.000716579194,0.062375382730
0.378324341400,0.001254217788,-0.000591041392,0.185082848895
0.375697089030,-0.000027762666,-0.000320883445,0.205841327784
0.373069836660,0.000155085100,0.000156926586,-0.106198464732
0.370442584290,0.000495854743,0.000466114493,-0.141643627863
0.367815331920,0.000816518148,0.000720239139,-0.147065007298
0.365188079550,0.001220789823,0.001113232076,-0.196117186511
0.362560827170,0.001761719544,0.001454317383,-0.173987439024
0.359933574800,0.002064277929,0.001905502993,-0.083963607485
0.357306322430,0.002258028337,0.002369406413,-0.038813445341
0.354679070060,0.002383307734,0.002617794708,-0.031650448039
0.352051817690,0.002527332644,0.002740242529,-0.022825652689
0.349424565320,0.002544562910,0.002867728517,0.021665473434
0.346797312950,0.002504075179,0.002874338981,0.003727406197
0.344170060580,0.002568174171,0.002998982833,-0.003471449721
0.341542808210,0.002579791371,0.003059093468,0.017790838382
0.338915555840,0.002511809776,0.002939220869,0.040784722003
0.336288303460,0.002308362915,0.002913953348,0.075685691957
0.333661051090,0.002145810360,0.002897257247,0.196030974199
0.331033798720,0.001356972616,0.002870743390,0.072658124762
0.328406546350,0.001834085649,0.002790543086,-0.042676115436
0.325779293980,0.001668960661,0.002735804617,0.068202403510
0.323152041610,0.001508758105,0.002687589658,0.061836408526
0.320524789240,0.001375513248,0.002743512248,0.076372220897
0.317897536870,0.001238250162,0.002581829195,0.065059627695
0.315270284500,0.001161105597,0.002582767768,0.056355470497
0.312643032100,0.001042800994,0.002645236675,0.071519707867
0.310015779800,0.000893272284,0.002657908681,0.045357432166
0.307388527400,0.000857046721,0.002656312762,0.018667982951
0.304761275000,0.000858103250,0.002608410842,0.025132346739
0.302134022600,0.000782773795,0.002576645782,0.034079614501
0.299506770300,0.000695915782,0.002693865734,0.046913921982
0.296879517900,0.000582837639,0.002895361223,0.061441590091
0.294252265500,0.000446806978,0.002974712030,0.095773315819
0.291625013200,0.000177154127,0.002970031289,0.118642699786
0.288997760800,-0.000122854302,0.002941566253,0.111807995956
0.286370508400,-0.000428357205,0.003079676993,0.101085048350
0.283743256000,-0.000648663505,0.003148025711,0.050960503623
0.281116003700,-0.000700422809,0.003177368434,0.013539977253
0.278488751300,-0.000781294918,0.003188268393,0.016018870398
0.275861498900,-0.000893479260,0.003115678750,0.041725108498
0.273234246600,-0.001101415253,0.003076518940,-0.007762086012
0.270606994200,-0.001027338877,0.002974124850,-0.059552601258
0.267979741800,-0.000887758098,0.002948123291,-0.100815118516
0.265352489400,-0.000741917898,0.002765267888,-0.124995666320
0.262725237100,-0.000482504038,0.002713949378,-0.149667054378
0.260097984700,-0.000217710140,0.002759556268,-0.124943273441
0.257470732300,-0.000006634163,0.002712862375,-0.085254559856
0.254843480000,0.000057720476,0.002607540356,-0.046997296676
0.252216227600,0.000082326352,0.002618036974,-0.056317855437
0.249588975200,0.000203554261,0.002704257411,-0.070052130234
0.246961722900,0.000265766729,0.002741371123,-0.048069181075
0.244334470500,0.000219826154,0.002770426900,-0.024165631557
0.241707218100,0.000260116011,0.002882124769,-0.026385570139
0.239079965700,0.000219479760,0.002907940668,-0.010037076814
0.236452713400,0.000205335474,0.002816215447,-0.037383650916
0.233825461000,0.000291051261,0.002626238732,-0.058225588038
0.231198208600,0.000373567271,0.002359755896,-0.078981486519
0.228570956300,0.000540881004,0.002156201022,-0.105070234961
0.225943703900,0.000770291841,0.002030699695,-0.105009046845
0.223316451500,0.000950467994,0.001852741616,-0.075937094776
0.220689199100,0.001029423144,0.001611045150,-0.050672060996
0.218061946800,0.001048247101,0.001507349965,-0.019165569632
0.215434694400,0.000963177387,0.001426822833,0.012806811823
0.212807442000,0.000789228585,0.001317637094,0.017268789520
0.210180189700,0.000661838111,0.001203855429,0.008813764781
0.207552937300,0.000583692574,0.001232187772,-0.013124897134
0.204925684900,0.000577936312,0.001152906585,-0.037618182958
0.202298432500,0.000646519670,0.001120289678,-0.084281194464
0.199671180200,0.000849816995,0.001177076003,-0.122585106815
0.197043927800,0.001119623347,0.001105134611,-0.135013829104
0.194416675400,0.001374047064,0.000952065239,-0.102024179044
0.191789423100,0.001476247695,0.001060291145,-0.080145912215
0.189162170700,0.001616592992,0.001186994769,-0.069755734252
0.186534918300,0.001654916701,0.001210374855,-0.017874472286
0.183907666000,0.001557894555,0.001310154114,-0.018386936777
0.181280413600,0.001616224953,0.001343272801,-0.047073821102
0.178653161200,0.001692897281,0.001441565091,-0.047420798068
0.176025908800,0.001716999729,0.001638721771,-0.043563898166
0.173398656500,0.001757087452,0.001804060476,-0.043595340319
0.170771404100,0.001799869683,0.001990884494,-0.025456527883
0.168144151700,0.001767953819,0.002155638909,-0.005460707722
0.165516899400,0.001749115209,0.002338313870,0.008709168493
0.162889647000,0.001639550990,0.002481504431,0.032576830185
0.160262394600,0.001517123537,0.002392970818,0.038310647024
0.157635142200,0.001413876322,0.002436407406,0.043338303989
0.155007889900,0.001286637861,0.002507073063,0.043349129759
0.152380637500,0.001192061193,0.002367262306,0.008385366450
0.149753385100,0.001205291918,0.002288667866,-0.022663811707
0.147126132800,0.001272833257,0.002195884432,-0.043188160289
0.144498880400,0.001407008864,0.001990881386,-0.049459713769
0.141871628000,0.001507272447,0.001892547609,-0.055128123929
0.139244375600,0.001649545577,0.001794232863,-0.081896068767
0.136617123300,0.001877021793,0.001608596457,-0.069473432672
0.133989870900,0.001962943486,0.001479726356,-0.025850258969
0.131362618500,0.001922640481,0.001552343523,-0.002900881782
0.128735366200,0.001806869472,0.001706800352,0.002931913408
0.126108113800,0.001751424081,0.001750708061,-0.013948629099
0.123480861400,0.001763076291,0.001753580036,0.039959856119
0.120853609000,0.001489563444,0.001821889737,0.081607316252
0.118226356700,0.001286128694,0.001900724559,0.044763865841
0.115599104300,0.001181426874,0.001971481967,0.047752708326
0.112971851900,0.000943629930,0.001988606702,0.091772964426
0.110344599600,0.000644074312,0.002053164927,0.120608232948
0.107717347200,0.000284451757,0.002151140063,0.117128236791
0.105090094800,-0.000017796635,0.002218214336,0.126531571228
0.102462842500,-0.000428946254,0.002274899306,0.138385484977
0.099835590100,-0.000770624179,0.002281067230,0.114943125538
0.097208337700,-0.001046698190,0.002226961026,0.074039533312
0.094581085300,-0.001144988470,0.002257496645,-0.021318275966
0.091953833000,-0.000886194423,0.002428042427,-0.085569825643
0.089326580600,-0.000712011897,0.002646578634,-0.116807070933
0.086699328200,-0.000279175854,0.002733751855,-0.175946705484
0.084072075900,0.000205013652,0.002832460297,-0.181503346458
0.081444823500,0.000658779960,0.002899588740,-0.114157726106
0.078817571100,0.000764830725,0.002868881771,-0.016454738798
0.076190318700,0.000716719228,0.003043121387,0.050816984175
0.073563066400,0.000525248415,0.003315489372,0.071880525758
0.070935814000,0.000350147909,0.003312630180,0.032087950883
0.068308561600,0.000376192183,0.003307206486,-0.019094483061
0.065681309300,0.000399514832,0.003234335243,0.014546359038
0.063054056900,0.000261676258,0.003220726532,0.066294519270
0.060426804500,0.000084503066,0.003058923388,0.054582215113
0.057799552100,0.000019850829,0.002956926346,0.010309388873
0.055172299800,0.000063676750,0.002968762250,0.015351299152
0.052545047400,-0.000005429734,0.002968628978,0.062748062425
0.049917795000,-0.000256406218,0.003053533864,0.100811812838
0.047290542700,-0.000568849856,0.003102756370,0.138417575015
0.044663290300,-0.000940939678,0.003114253907,0.134247743038
0.042036037900,-0.001227970062,0.003010154962,0.115682100603
0.039408785500,-0.001459051356,0.002901743378,0.099387566590
0.036781533200,-0.001715721967,0.002871378808,0.102462809368
0.034154280800,-0.001940085727,0.002897483205,0.086725465791
0.031527028400,-0.002086550096,0.002750392654,0.067606613794
0.028899776100,-0.002232953597,0.002512060064,0.047594618082
0.026272523700,-0.002243368380,0.002226267707,-0.030474465640
0.023645271300,-0.001938029289,0.001478183049,-0.018334928132
0.021018019000,-0.002013353777,0.001317272578,0.183854405238
0.018390766600,-0.002804895676,0.001479944743,0.254046433460
0.015763514200,-0.003253540718,0.001242491194,0.170843987758
0.013136261800,-0.003636862727,0.001101003544,0.192601314399
0.010509009500,-0.004154574543,0.001015565806,0.158769013411
0.007881757100,-0.004396405773,0.000970696321,0.040518371890
0.005254504700,-0.004351037504,0.000869097259,-0.063179287177
0.002627252400,-0.004103798590,0.000772301877,-0.208347766072
0.000000000000,-0.003293717659,0.000536701899,-0.295391142718
