0.391460603250,-0.013229500231,0.000765327431,0.094571282185
0.388833350880,-0.013409399510,0.000705181022,-0.067538949455
0.386206098510,-0.012842752761,0.000908334219,0.117256207968
0.383578846140,-0.013991071223,0.001188459186,0.217759735814
0.380951593770,-0.014064089975,0.001409992700,-0.021692227479
0.378324341400,-0.013924854268,0.001574805334,0.186458898265
0.375697089030,-0.014972579015,0.001750921783,0.295319041544
0.373069836660,-0.015367216431,0.001813137462,0.110155683505
0.370442584290,-0.015600627763,0.001732510746,0.053858234702
0.367815331920,-0.015630065681,0.001694901722,-0.091344254146
0.365188079550,-0.015189405919,0.001589283749,-0.193088063228
0.362560827170,-0.014707265260,0.001589160352,-0.226250733026
0.359933574800,-0.014073057393,0.001510868659,-0.094475012141
0.357306322430,-0.014275474881,0.001375555286,0.008019726267
0.354679070060,-0.014136936907,0.001483381593,-0.086489706832
0.352051817690,-0.013873094449,0.001633617357,-0.105963374722
0.349424565320,-0.013658086243,0.001684007537,-0.124309871058
0.346797312950,-0.013332429771,0.001645442820,-0.125358267804
0.344170060580,-0.013027548438,0.001694301099,-0.106024743640
0.341542808210,-0.012842687798,0.001716019375,-0.058865424059
0.338915555840,-0.012936997053,0.001980311366,0.003910496180
0.336288303460,-0.012977489577,0.002195943737,-0.003568759727
0.333661051090,-0.012990677364,0.002270006814,0.038437605393
0.331033798720,-0.013212054981,0.002335770786,0.105304429449
0.328406546350,-0.013625578299,0.002416210334,0.144296489680
0.325779293980,-0.014037538339,0.002386117603,0.111918952385
0.323152041610,-0.014259544707,0.002321395755,0.098704936607
0.320524789240,-0.014582447461,0.002319933340,0.119005463690
0.317897536870,-0.014903807626,0.002273850180,0.077737254638
0.315270284500,-0.015018056187,0.002294919896,0.024618415212
0.312643032100,-0.015124489768,0.002235710513,0.034705010382
0.310015779800,-0.015289570736,0.002249708078,0.043164012129
0.307388527400,-0.015406574106,0.002234221247,-0.021559819632
0.304761275000,-0.015318287303,0.002260911850,-0.080692112066
0.302134022600,-0.015108177319,0.002264558429,-0.080782889016
0.299506770300,-0.015012721114,0.002466205885,-0.065134947539
0.296879517900,-0.014870287496,0.002638211439,-0.076949019285
0.294252265500,-0.014688869058,0.002636775397,-0.085077684564
0.291625013200,-0.014541005640,0.002579814277,-0.064355124489
0.288997760800,-0.014446290801,0.002536802478,-0.048406011770
0.286370508400,-0.014353891477,0.002395759543,-0.040209895510
0.283743256000,-0.014261476584,0.002345070072,-0.032173428829
0.281116003700,-0.014234584812,0.002340106107,-0.017523673192
0.278488751300,-0.014232994782,0.002335743092,-0.009281499116
0.275861498900,-0.014351771837,0.002283451492,0.021399434020
0.273234246600,-0.014497250362,0.002228596452,0.034760558708
0.270606994200,-0.014637563230,0.002326757702,-0.000991963547
0.267979741800,-0.014643085611,0.002296014513,-0.001148387881
0.265352489400,-0.014698327316,0.002174109331,0.041970836825
0.262725237100,-0.014864648921,0.002085558780,0.056531263085
0.260097984700,-0.014969068601,0.001963594932,0.054713852799
0.257470732300,-0.015089528079,0.001936479115,0.076494285551
0.254843480000,-0.015253726659,0.001740641037,0.076391947477
0.252216227600,-0.015320749457,0.001572450743,0.054887636519
0.249588975200,-0.015322493977,0.001467905470,0.022151485455
0.246961722900,-0.015213424074,0.001402491187,0.023458966694
0.244334470500,-0.015253617266,0.001350903985,0.100089339792
0.241707218100,-0.015524043845,0.001350003313,0.156586115348
0.239079965700,-0.015860748620,0.001355673777,0.200784938347
0.236452713400,-0.016401943362,0.001370263956,0.275721795039
0.233825461000,-0.017115330067,0.001329541468,0.301865681861
0.231198208600,-0.017772769267,0.001273906515,0.259804789628
0.228570956300,-0.018291364170,0.001393474747,0.178173213029
0.225943703900,-0.018549039885,0.001508160295,0.050820983567
0.223316451500,-0.018427507303,0.001454939014,-0.034767891577
0.220689199100,-0.018259881939,0.001522393357,-0.055828356610
0.218061946800,-0.018076924888,0.001742953377,-0.040009651781
0.215434694400,-0.017993152953,0.001715501882,-0.032449634814
0.212807442000,-0.017824748653,0.001851183705,-0.069156412594
0.210180189700,-0.017576210123,0.001983039683,-0.063847337362
0.207552937300,-0.017459146682,0.002044296823,-0.014461297971
0.204925684900,-0.017437424107,0.002159870653,-0.022207083758
0.202298432500,-0.017301165983,0.002300756040,-0.046612724535
0.199671180200,-0.017191889833,0.002353285364,-0.033209181546
0.197043927800,-0.017146372296,0.002471653842,-0.007506017909
0.194416675400,-0.017141073499,0.002559605176,-0.003404434202
0.191789423100,-0.017105858485,0.002598899673,-0.018787489389
0.189162170700,-0.017082872025,0.002640097921,-0.024118742238
0.186534918300,-0.017063544690,0.002731702296,-0.029175612044
0.183907666000,-0.017005860081,0.002722120332,-0.022384341809
0.181280413600,-0.016939328890,0.002650145839,-0.048990087638
0.178653161200,-0.016764539684,0.002716902841,-0.089413532850
0.176025908800,-0.016526498986,0.002856769232,-0.092913166044
0.173398656500,-0.016302409591,0.002742316821,-0.074570085922
0.170771404100,-0.016147725600,0.002704268910,-0.079123094981
0.168144151700,-0.015863473228,0.002656373350,-0.115601647995
0.165516899400,-0.015561652257,0.002510750711,-0.112448064937
0.162889647000,-0.015264265080,0.002381107159,-0.126032228277
0.160262394600,-0.014845253023,0.002282167261,-0.121068520353
0.157635142200,-0.014565475496,0.002323657121,-0.051359687872
0.155007889900,-0.014494307541,0.002371942396,0.021874116084
0.152380637500,-0.014580178724,0.002439474278,0.062191903357
0.149753385100,-0.014758110668,0.002505131524,0.110558019206
0.147126132800,-0.015125961143,0.002457985324,0.171887394537
0.144498880400,-0.015564908343,0.002328488593,0.151397967824
0.141871628000,-0.015834917280,0.002415972495,0.147248994551
0.139244375600,-0.016247623033,0.002326367418,0.192122143836
0.136617123300,-0.016750480677,0.002245708020,0.214189412548
0.133989870900,-0.017305911276,0.002218627683,0.239818940906
0.131362618500,-0.017899311229,0.002261423359,0.233053612457
0.128735366200,-0.018471752617,0.002305207683,0.164835229684
0.126108113800,-0.018686958622,0.002349396923,0.093445381939
0.123480861400,-0.018858296315,0.002476030220,0.079083657747
0.120853609000,-0.018987207268,0.002632231817,0.067461591930
0.118226356700,-0.019122833724,0.002767924462,0.036648883834
0.115599104300,-0.019115780239,0.002828946356,-0.016095521244
0.112971851900,-0.019003755731,0.002854802260,-0.026184213426
0.110344599600,-0.018922253406,0.002864182268,-0.017548021341
0.107717347200,-0.018862656164,0.002946706291,-0.017851573060
0.105090094800,-0.018799531011,0.003129793686,-0.032476033653
0.102462842500,-0.018696551741,0.003195116341,-0.057264402388
0.099835590100,-0.018564275049,0.003168133682,-0.056617471358
0.097208337700,-0.018465218286,0.003156859634,-0.044889208106
0.094581085300,-0.018448677154,0.003101728337,-0.040537561186
0.091953833000,-0.018409549747,0.003027172559,-0.021958649060
0.089326580600,-0.018489310849,0.002922012907,0.019668553832
0.086699328200,-0.018676481219,0.002781560985,0.005033187375
0.084072075900,-0.018718497931,0.002685942277,-0.023565001281
0.081444823500,-0.018787066668,0.002810304141,-0.024695425316
0.078817571100,-0.018798044740,0.002776145519,-0.020538878468
0.076190318700,-0.018910982557,0.002692297293,-0.001606255428
0.073563066400,-0.018986873483,0.002703226754,0.008656553450
0.070935814000,-0.019106084365,0.002664431837,0.000403350577
0.068308561600,-0.019192240705,0.002677279699,-0.001596339243
0.065681309300,-0.019230537096,0.002637990247,-0.002730811227
0.063054056900,-0.019266272729,0.002577636355,-0.036351521005
0.060426804500,-0.019256051635,0.002600407483,-0.009861416706
0.057799552100,-0.019422953619,0.002554387554,0.013630344488
0.055172299800,-0.019544595641,0.002475832189,-0.019643702729
0.052545047400,-0.019493182885,0.002531657365,-0.066899840701
0.049917795000,-0.019380258420,0.002533837146,-0.061909996272
0.047290542700,-0.019396581707,0.002541501052,-0.011159266627
0.044663290300,-0.019520757531,0.002497723234,0.024732118060
0.042036037900,-0.019693062547,0.002419944089,0.027532742782
0.039408785500,-0.019809937184,0.002473128349,0.046062976512
0.036781533200,-0.020054940558,0.002484938958,0.076574145077
0.034154280800,-0.020350948392,0.002365236080,0.099025776971
0.031527028400,-0.020748246767,0.002298034715,0.205890370445
0.028899776100,-0.021607809224,0.002088838791,0.238890491914
0.026272523700,-0.022148893402,0.002110196913,0.031481920865
0.023645271300,-0.021867866233,0.001904344226,0.116889507127
0.021018019000,-0.022868956753,0.001803464912,0.221034005634
0.018390766600,-0.023227192018,0.001519882216,-0.003782977696
0.015763514200,-0.022966898090,0.001432687543,-0.114155457652
0.013136261800,-0.022647117615,0.001385834321,-0.114045773528
0.010509009500,-0.022355625743,0.001108472394,-0.130339399948
0.007881757100,-0.021997777510,0.001024652152,-0.158970870327
0.005254504700,-0.021557295676,0.000967388042,-0.233088960776
0.002627252400,-0.020817791750,0.000957898767,-1.095790350998
0.000000000000,-0.015816885080,0.000574660248,-1.913336983303
