0.391460603250,0.019334859948,0.000829160695,-0.171844729595
0.388833350880,0.019815839552,0.001161728861,0.395144019372
0.386206098510,0.017364488739,0.001367923322,0.530413677031
0.383578846140,0.016995730063,0.001507241447,-0.239904149426
0.380951593770,0.018595486805,0.001575168174,-0.135379550543
0.378324341400,0.017660007536,0.001797730132,0.135737190346
0.375697089030,0.017798082277,0.001793978750,-0.065590410674
0.373069836660,0.017962944101,0.001769995682,-0.210432780432
0.370442584290,0.018907696408,0.001695162208,-0.262373541619
0.367815331920,0.019315865912,0.001627077837,-0.126221108104
0.365188079550,0.019559147261,0.001481750425,-0.091773070340
0.362560827170,0.019832065171,0.001419525837,-0.247943790126
0.359933574800,0.020751351964,0.001411940017,-0.218193067979
0.357306322430,0.020875845085,0.001478940132,-0.063727419576
0.354679070060,0.020989880649,0.001611740121,-0.111319068938
0.352051817690,0.021304888371,0.001651215959,-0.177770712347
0.349424565320,0.021720457078,0.001809762486,-0.160562679312
0.346797312950,0.021981985715,0.001842639823,-0.105251204715
0.344170060580,0.022159417786,0.001994105549,-0.073127303568
0.341542808210,0.022280302783,0.002101405696,-0.053800659985
0.338915555840,0.022308299268,0.002075401651,-0.053086971170
0.336288303460,0.022382874457,0.002053770771,-0.040407088961
0.333661051090,0.022378123256,0.002095118506,-0.006877805090
0.331033798720,0.022259354615,0.002132311608,-0.001121318599
0.328406546350,0.022225772444,0.002221663711,0.009721042428
0.325779293980,0.022094233862,0.002251897710,0.034685205556
0.323152041610,0.021950309571,0.002303606664,0.030463570545
0.320524789240,0.021850929657,0.002353933846,0.028382933426
0.317897536870,0.021702272540,0.002253789181,0.015985422497
0.315270284500,0.021678566215,0.002380189497,-0.001291460869
0.312643032100,0.021613509861,0.002461346222,0.019651169236
0.310015779800,0.021513564673,0.002588717991,0.042024049285
0.307388527400,0.021379558897,0.002676005047,0.059074625614
0.304761275000,0.021107350262,0.002763219359,0.070116301535
0.302134022600,0.020916125719,0.002653707386,0.021071673917
0.299506770300,0.020921826644,0.002543735927,0.000134523812
0.296879517900,0.020832021960,0.002527638867,0.000669045852
0.294252265500,0.020815252851,0.002537282422,-0.037785683047
0.291625013200,0.020900813518,0.002571448527,-0.035251777656
0.288997760800,0.020925625770,0.002621300692,-0.022961030803
0.286370508400,0.020928699546,0.002572325205,-0.045237335930
0.283743256000,0.021060842695,0.002491543421,-0.101827979107
0.281116003700,0.021318511725,0.002418372499,-0.116211730683
0.278488751300,0.021475716531,0.002301322031,-0.076161640713
0.275861498900,0.021538856397,0.002161137824,-0.044843501938
0.273234246600,0.021582385400,0.001982240418,-0.019755219187
0.270606994200,0.021521928736,0.001797977092,0.000202726656
0.267979741800,0.021421513310,0.001688881353,0.024647956847
0.265352489400,0.021334259116,0.001638130476,0.054965238776
0.262725237100,0.021152912671,0.001610920221,0.068380418105
0.260097984700,0.020988282221,0.001563750661,0.062380829023
0.257470732300,0.020832789828,0.001400141408,0.050851838078
0.254843480000,0.020747779790,0.001322628037,0.041548452963
0.252216227600,0.020658629348,0.001293569370,0.048420218525
0.249588975200,0.020527665334,0.001272061215,0.033460127944
0.246961722900,0.020497149591,0.001366166732,0.033224218009
0.244334470500,0.020384954865,0.001410681257,0.059980818392
0.241707218100,0.020280649614,0.001439651351,0.052161572165
0.239079965700,0.020169345998,0.001444676654,0.083757825178
0.236452713400,0.019995929884,0.001410727624,0.110305726404
0.233825461000,0.019787021188,0.001381463679,0.134927613569
0.231198208600,0.019476853333,0.001370819809,0.172305008074
0.228570956300,0.019062789618,0.001303556380,0.193693843421
0.225943703900,0.018667683410,0.001314121411,0.230441633207
0.223316451500,0.018093155440,0.001345889084,0.270737247668
0.220689199100,0.017457093950,0.001257069356,0.218551551534
0.218061946800,0.017078260809,0.001219392447,0.147722259813
0.215434694400,0.016802714276,0.001262303461,0.101492919168
0.212807442000,0.016663603933,0.001247143158,0.046449393907
0.210180189700,0.016627580389,0.001274391386,0.000564254501
0.207552937300,0.016700848556,0.001365091766,-0.056595909163
0.204925684900,0.016966868160,0.001400064825,-0.089380617878
0.202298432500,0.017213486839,0.001394120683,-0.047479585158
0.199671180200,0.017269791352,0.001309206314,-0.055325552901
0.197043927800,0.017441586415,0.001351343944,-0.064308288818
0.194416675400,0.017472533062,0.001428970159,-0.015300043812
0.191789423100,0.017435785384,0.001450767811,0.016529055762
0.189162170700,0.017419943627,0.001449667619,-0.004555624780
0.186534918300,0.017445946535,0.001616710355,-0.016353453945
0.183907666000,0.017438421783,0.001813053689,0.021134620236
0.181280413600,0.017274671889,0.001952226985,0.006736478285
0.178653161200,0.017364156006,0.001979371368,-0.024285660675
0.176025908800,0.017404018609,0.002025286160,-0.024166205018
0.173398656500,0.017471099682,0.002164518999,-0.060787563354
0.170771404100,0.017676426558,0.002201382775,-0.074113624533
0.168144151700,0.017791576454,0.002216008970,-0.047096115130
0.165516899400,0.017892661793,0.002222839529,-0.070319387208
0.162889647000,0.018136827658,0.002254120550,-0.120209283468
0.160262394600,0.018499632032,0.002379041155,-0.166004685777
0.157635142200,0.018950893169,0.002451077940,-0.180215829012
0.155007889900,0.019398817276,0.002521991534,-0.169129532049
0.152380637500,0.019793675722,0.002625027020,-0.161636373565
0.149753385100,0.020223924905,0.002661924202,-0.177976759300
0.147126132800,0.020690391032,0.002614074360,-0.157183576822
0.144498880400,0.020971501537,0.002606686661,-0.079981622280
0.141871628000,0.021090207992,0.002426238737,-0.037842702273
0.139244375600,0.021174207667,0.002323162860,0.003364226777
0.136617123300,0.021042106521,0.002376590087,0.068161079128
0.133989870900,0.020787713340,0.002509569007,0.088111781725
0.131362618500,0.020576273227,0.002401829368,0.046727323551
0.128735366200,0.020461538753,0.002237613676,0.043613993507
0.126108113800,0.020306998633,0.002178987214,0.075486794156
0.123480861400,0.020079356967,0.002213356726,0.089671587478
0.120853609000,0.019841615108,0.002143816297,0.127766380426
0.118226356700,0.019415570578,0.002076574523,0.166150526539
0.115599104300,0.019004582009,0.001851119133,0.176582471878
0.112971851900,0.018530478432,0.001715181504,0.243837990751
0.110344599600,0.017732924707,0.001699849892,0.283474935826
0.107717347200,0.016997346772,0.001801080654,0.228838502859
0.105090094800,0.016487290646,0.001864642288,0.177698495310
0.102462842500,0.016046555751,0.001938531332,0.102525563221
0.099835590100,0.015952071015,0.001842686375,-0.010696751865
0.097208337700,0.016079439848,0.001785539528,-0.021738476770
0.094581085300,0.016109747050,0.001671913223,-0.039550354531
0.091953833000,0.016322795339,0.001608508315,-0.103761126037
0.089326580600,0.016640129503,0.001477634063,-0.103198061074
0.086699328200,0.016854627388,0.001327584780,-0.078323969511
0.084072075900,0.017031171279,0.001354882791,-0.073919568908
0.081444823500,0.017202330126,0.001496830380,-0.075841426186
0.078817571100,0.017295644124,0.001399111428,-0.058634711834
0.076190318700,0.017368101069,0.001434160925,-0.076614102114
0.073563066400,0.017534655871,0.001502640154,-0.054244689800
0.070935814000,0.017516653369,0.001428271724,0.020986575866
0.068308561600,0.017258215492,0.001248635324,0.044394674705
0.065681309300,0.017163647791,0.001075584227,0.018857070081
0.063054056900,0.017080771064,0.001279117897,0.052314331913
0.060426804500,0.016828799017,0.001400981361,0.115796066970
0.057799552100,0.016389827377,0.001369548740,0.141221734205
0.055172299800,0.016020476633,0.001353511543,0.124150796933
0.052545047400,0.015697098801,0.001239226620,0.112734193082
0.049917795000,0.015392525091,0.001035409780,0.102712262279
0.047290542700,0.015125769314,0.001073186446,0.095085124659
0.044663290300,0.014882873833,0.001076173355,0.071935281921
0.042036037900,0.014736214842,0.000974138965,0.039102965746
0.039408785500,0.014744551054,0.000869225675,0.009871014623
0.036781533200,0.014748682691,0.000711953150,0.035647916814
0.034154280800,0.014626494756,0.000519911307,0.009947824746
0.031527028400,0.014770481417,0.000487518472,-0.043329512941
0.028899776100,0.014849478494,0.000493320927,-0.006191459218
0.026272523700,0.014735896927,0.000563733744,0.219475191576
0.023645271300,0.013655013743,0.000459053156,0.129230803901
0.021018019000,0.013963662657,0.000532770472,-0.109645473354
0.018390766600,0.014142212871,0.000681599658,-0.018618626911
0.015763514200,0.014025188378,0.000493664937,0.024644355269
0.013136261800,0.013979677431,0.000414048692,-0.022836575349
0.010509009500,0.014099404974,0.000332667643,-0.099560302925
0.007881757100,0.014439792706,0.000346691796,-0.168033665165
0.005254504700,0.014922215843,0.000332617318,-0.193353148601
0.002627252400,0.015422275392,0.000156685541,-0.080166753060
0.000000000000,0.015293662577,-0.000253515662,0.051716339877
