0.391460603250,0.022979296275,0.000698349288,-0.551198900871
0.388833350880,0.024506708307,0.001258479788,-0.313509158853
0.386206098510,0.024638813223,0.001469784227,0.044308761598
0.383578846140,0.024187097553,0.001517691481,-0.084213570432
0.380951593770,0.025214457792,0.001635735013,0.025391349841
0.378324341400,0.024233995387,0.001795944562,0.552634095714
0.375697089030,0.022404646053,0.001838304359,0.340985148243
0.373069836660,0.022544143737,0.001730036540,-0.139587217814
0.370442584290,0.023200356979,0.001793281347,-0.231508473537
0.367815331920,0.023750140406,0.001738108772,-0.216997876752
0.365188079550,0.024304224006,0.001711195932,-0.180484179623
0.362560827170,0.024657370665,0.001768059895,-0.036487276067
0.359933574800,0.024432469997,0.001777438644,-0.074427792623
0.357306322430,0.024906775139,0.001709619806,-0.181179757525
0.354679070060,0.025284124740,0.001653012869,-0.102100776883
0.352051817690,0.025437472260,0.001636944156,-0.105525785459
0.349424565320,0.025782994921,0.001716523510,-0.152189210088
0.346797312950,0.026086133079,0.001783519728,-0.141292606647
0.344170060580,0.026337901374,0.001828452970,-0.110268838063
0.341542808210,0.026554092341,0.002001028614,-0.080336640571
0.338915555840,0.026681710821,0.002108206634,-0.058214237392
0.336288303460,0.026731963928,0.002275166123,-0.024441426866
0.333661051090,0.026625754369,0.002394343628,0.048149113175
0.331033798720,0.026394061130,0.002589666489,0.119719265414
0.328406546350,0.025905669194,0.002663288811,0.145780777829
0.325779293980,0.025556092959,0.002559066660,0.118208205817
0.323152041610,0.025214757079,0.002570997534,0.114432012584
0.320524789240,0.024907530833,0.002535595217,0.076774375902
0.317897536870,0.024746707041,0.002494074984,0.064530025937
0.315270284500,0.024520822566,0.002412265330,0.101004112305
0.312643032100,0.024188380628,0.002312191763,0.087311320684
0.310015779800,0.024000717347,0.002289378887,0.048619614081
0.307388527400,0.023863763150,0.002330055130,0.021611810134
0.304761275000,0.023889574302,0.002407246017,-0.045398719146
0.302134022600,0.024033486121,0.002431351926,-0.073732677091
0.299506770300,0.024161808272,0.002408479829,-0.083306360637
0.296879517900,0.024350362135,0.002475634718,-0.092012100952
0.294252265500,0.024553304051,0.002586986493,-0.104648494820
0.291625013200,0.024776315811,0.002716340661,-0.100651743173
0.288997760800,0.024913455643,0.002590611478,-0.095901519823
0.286370508400,0.025137686242,0.002407346081,-0.084778160259
0.283743256000,0.025226277712,0.002338509985,-0.016949056545
0.281116003700,0.025135035062,0.002370158134,0.004226422116
0.278488751300,0.025091892133,0.002312131254,-0.010676372626
0.275861498900,0.025067150272,0.002223410468,0.004039113684
0.273234246600,0.024940681963,0.002279943104,0.017125011120
0.270606994200,0.024831591111,0.002305253122,0.028408574608
0.267979741800,0.024686508291,0.002156888764,0.025648441176
0.265352489400,0.024614613524,0.002070864978,0.013957417838
0.262725237100,0.024571814361,0.002038412960,0.014562213003
0.260097984700,0.024476742857,0.001839523108,0.026006302489
0.257470732300,0.024350140767,0.001680444837,0.044606633510
0.254843480000,0.024250670782,0.001512846481,0.035178421845
0.252216227600,0.024185483390,0.001376004677,0.009594227158
0.249588975200,0.024247899921,0.001360635026,0.008902217173
0.246961722900,0.024268880907,0.001305780949,0.038899542261
0.244334470500,0.024185870172,0.001273118310,0.059477704011
0.241707218100,0.024117185409,0.001226311998,0.101799510763
0.239079965700,0.023809736090,0.001124903028,0.184607847893
0.236452713400,0.023316373087,0.001070076550,0.247163651213
0.233825461000,0.022728796232,0.001084275799,0.307831439899
0.231198208600,0.021982294274,0.001130754127,0.294294318902
0.228570956300,0.021442152151,0.001091478343,0.203819169035
0.225943703900,0.021154379672,0.001107086143,0.109788723226
0.223316451500,0.021063926390,0.001140257974,0.028434898276
0.220689199100,0.021151635262,0.001243855711,-0.031496284264
0.218061946800,0.021289763972,0.001267051638,-0.038688016841
0.215434694400,0.021395102043,0.001267042814,-0.069422250269
0.212807442000,0.021658359869,0.001353628893,-0.066075502260
0.210180189700,0.021750634689,0.001460233270,-0.021368102597
0.207552937300,0.021818695232,0.001669490031,-0.030091933415
0.204925684900,0.021997336318,0.001866099191,-0.030156775002
0.202298432500,0.022106131218,0.001902961379,-0.029654439827
0.199671180200,0.022235153129,0.001949718232,-0.018906324489
0.197043927800,0.022231750940,0.001925119203,0.009966073251
0.194416675400,0.022215647895,0.001983123069,0.019061741581
0.191789423100,0.022182048544,0.002167440935,-0.010542148921
0.189162170700,0.022241160727,0.002173779616,-0.020606569439
0.186534918300,0.022247422363,0.002254957037,-0.009242936277
0.183907666000,0.022259137761,0.002321614460,-0.009042174997
0.181280413600,0.022264237381,0.002257600278,-0.029814986072
0.178653161200,0.022391451813,0.002298120801,-0.075118986671
0.176025908800,0.022608760251,0.002414823738,-0.115501271336
0.173398656500,0.022961959517,0.002462688147,-0.153495842443
0.170771404100,0.023380660254,0.002292392785,-0.139943236765
0.168144151700,0.023676530894,0.002176437486,-0.104738009390
0.165516899400,0.023940870947,0.001951669820,-0.111582040780
0.162889647000,0.024255120945,0.001866809867,-0.128958609240
0.160262394600,0.024618411124,0.001866879250,-0.120284145475
0.157635142200,0.024899582718,0.001845361619,-0.079353083318
0.155007889900,0.025089816319,0.001837838743,-0.032705319868
0.152380637500,0.025162951018,0.001879846478,0.022848528743
0.149753385100,0.025050027125,0.001858390966,0.103143782716
0.147126132800,0.024718999079,0.001913994653,0.161003793369
0.144498880400,0.024319778577,0.001974175813,0.173359460999
0.141871628000,0.023953962171,0.001956773865,0.160554879266
0.139244375600,0.023594678590,0.001748804900,0.146004491249
0.136617123300,0.023264216456,0.001618217935,0.161694329094
0.133989870900,0.022794660021,0.001576286287,0.193087241097
0.131362618500,0.022341346992,0.001627167261,0.205390651057
0.128735366200,0.021835802095,0.001548274573,0.217731717449
0.126108113800,0.021286825150,0.001562383558,0.211524614970
0.123480861400,0.020824870607,0.001745541774,0.150444827907
0.120853609000,0.020609107040,0.001953664298,0.109159100852
0.118226356700,0.020324880923,0.002091207655,0.050232749450
0.115599104300,0.020378808713,0.002137756992,-0.042001595430
0.112971851900,0.020502300651,0.002308632701,-0.038280112365
0.110344599600,0.020607283793,0.002310371900,-0.037032068221
0.107717347200,0.020744136823,0.002294232508,-0.034123143603
0.105090094800,0.020812755182,0.002358705204,-0.028699255528
0.102462842500,0.020908290967,0.002402338409,-0.049275707957
0.099835590100,0.021049327423,0.002456319086,-0.057161580651
0.097208337700,0.021186114435,0.002390439052,-0.085941761913
0.094581085300,0.021420280117,0.002378796884,-0.052995286628
0.091953833000,0.021376264640,0.002361810071,0.019417169457
0.089326580600,0.021226433742,0.002289070292,0.026076951410
0.086699328200,0.021127977740,0.002049103732,0.003852664831
0.084072075900,0.021051366250,0.001930171059,-0.025964813036
0.081444823500,0.020977998647,0.001879897926,-0.032779202350
0.078817571100,0.020973767438,0.001781138930,-0.027597767755
0.076190318700,0.020904287402,0.001898670703,-0.002991579606
0.073563066400,0.020807918361,0.001869604613,0.014815448591
0.070935814000,0.020670971489,0.001800440499,0.023254617833
0.068308561600,0.020527803990,0.001873985697,-0.000888391600
0.065681309300,0.020456215355,0.001780416389,-0.018260019273
0.063054056900,0.020431961759,0.001697649340,-0.023678386669
0.060426804500,0.020402120346,0.001715265362,-0.017661899461
0.057799552100,0.020344967578,0.001767250981,-0.004482444786
0.055172299800,0.020233263783,0.001752296926,-0.027278129588
0.052545047400,0.020310261505,0.001728373524,-0.063561004390
0.049917795000,0.020415825815,0.001644889709,-0.048120116157
0.047290542700,0.020400761242,0.001721277370,-0.019701744420
0.044663290300,0.020400981779,0.001780807812,-0.001286666835
0.042036037900,0.020261706165,0.001818246361,0.035081047873
0.039408785500,0.020128147232,0.001884552258,0.057517421650
0.036781533200,0.019874404147,0.001842711210,0.080339957931
0.034154280800,0.019613926336,0.001852586270,0.080450737857
0.031527028400,0.019332842211,0.001790264377,0.132673079975
0.028899776100,0.018839915431,0.001508546220,0.203315588502
0.026272523700,0.018179823235,0.001426358713,0.314027792899
0.023645271300,0.017074833533,0.001378227350,0.251671885794
0.021018019000,0.016764021519,0.001313884677,0.034620408234
0.018390766600,0.016758849293,0.001132147613,-0.043179169536
0.015763514200,0.016886274068,0.000990831798,-0.095027598150
0.013136261800,0.017225686086,0.000813033387,-0.110044440315
0.010509009500,0.017475218639,0.000616391915,-0.095513489421
0.007881757100,0.017766097941,0.000564014382,-0.139900106033
0.005254504700,0.018239195696,0.000548169352,-0.115835657612
0.002627252400,0.018360229187,0.000531998313,0.133457124527
0.000000000000,0.017551579921,0.000567201297,0.319299941567
