0.391460603250,0.034589827085,0.000825258596,-0.029680932373
0.388833350880,0.034611739730,0.001084843035,0.281413434440
0.386206098510,0.033141544629,0.001273084611,0.045298095409
0.383578846140,0.034281006920,0.001164666570,-0.618043838794
0.380951593770,0.036362789525,0.001290837255,-0.299885340173
0.378324341400,0.035940577989,0.001403664556,-0.186648578034
0.375697089030,0.037416911630,0.001391556772,-0.252821244958
0.373069836660,0.037190244872,0.001625580501,0.152497266611
0.370442584290,0.036606697037,0.001747015331,0.069447364454
0.367815331920,0.036835815655,0.001677829975,-0.370845841814
0.365188079550,0.038501678139,0.001745615237,-0.416003405037
0.362560827170,0.039033629574,0.001905273804,-0.146747486513
0.359933574800,0.039311437971,0.001818865893,-0.218311944686
0.357306322430,0.040202280688,0.001754907709,0.088452926518
0.354679070060,0.038568520408,0.001802139237,0.218943903244
0.352051817690,0.038938647191,0.001735848528,-0.291709879484
0.349424565320,0.039998635143,0.001849516865,-0.257439364322
0.346797312950,0.040248087444,0.001867563866,-0.100969462480
0.344170060580,0.040507934587,0.001897257472,-0.079517619127
0.341542808210,0.040691333286,0.002078415924,-0.044196511329
0.338915555840,0.040724098835,0.002131304774,-0.015032245222
0.336288303460,0.040677801792,0.002309283592,-0.005514760997
0.333661051090,0.040698178901,0.002386765386,0.019429228316
0.331033798720,0.040549113010,0.002569927839,0.101547044165
0.328406546350,0.040169182586,0.002716638166,0.135742713538
0.325779293980,0.039781716295,0.002721719614,0.129872256569
0.323152041610,0.039365725487,0.002630722968,0.128382608496
0.320524789240,0.038997528344,0.002586452766,0.103453146458
0.317897536870,0.038703264887,0.002693684596,0.076135154022
0.315270284500,0.038553218283,0.002696886084,0.066469218216
0.312643032100,0.038311891863,0.002563592669,0.061067247461
0.310015779800,0.038198878425,0.002524055133,0.005257416134
0.307388527400,0.038253267541,0.002533195624,0.002304883470
0.304761275000,0.038145352929,0.002459887086,0.011613532254
0.302134022600,0.038062028762,0.002482058896,-0.044077674907
0.299506770300,0.038227489721,0.002537929666,-0.090996282295
0.296879517900,0.038420199780,0.002628840190,-0.085234156753
0.294252265500,0.038576041014,0.002734233624,-0.094318503834
0.291625013200,0.038822484756,0.002742120877,-0.078836311827
0.288997760800,0.038933660583,0.002632531741,-0.058234765112
0.286370508400,0.039063054690,0.002549192572,-0.056735543885
0.283743256000,0.039161677761,0.002455640794,-0.027501145937
0.281116003700,0.039142550052,0.002390112973,0.010578690282
0.278488751300,0.039031409376,0.002399493455,0.003094155271
0.275861498900,0.038978477872,0.002409268992,-0.021427998860
0.273234246600,0.039024148583,0.002343736656,-0.018846533084
0.270606994200,0.038966942904,0.002268038370,0.040494445464
0.267979741800,0.038752752191,0.002177946193,0.032850022297
0.265352489400,0.038713301231,0.002040809397,-0.012721000005
0.262725237100,0.038681389538,0.001969218361,-0.012437556106
0.260097984700,0.038595547514,0.001852631746,-0.005937540899
0.257470732300,0.038536948253,0.001675754517,0.002345290998
0.254843480000,0.038444529745,0.001401020852,0.005399770691
0.252216227600,0.038442936516,0.001187187086,-0.012463812115
0.249588975200,0.038495118131,0.001072835811,-0.012157785866
0.246961722900,0.038500386829,0.000951304694,0.015742716490
0.244334470500,0.038444234838,0.000914864186,0.056778159375
0.241707218100,0.038272054538,0.000864763497,0.092831624213
0.239079965700,0.038080062531,0.000702275109,0.156031503579
0.236452713400,0.037679909126,0.000655353448,0.203537047224
0.233825461000,0.037217986118,0.000666872765,0.225156036154
0.231198208600,0.036634255835,0.000725670646,0.237865541887
0.228570956300,0.036047557572,0.000721682836,0.168634468794
0.225943703900,0.035827017726,0.000702199583,0.057787619193
0.223316451500,0.035790739243,0.000793488123,0.019304345102
0.220689199100,0.035791430277,0.000883086525,-0.002461878518
0.218061946800,0.035846035152,0.000858744792,-0.048071304399
0.215434694400,0.036052544167,0.000911167332,-0.078689499805
0.212807442000,0.036212829826,0.001009440742,-0.086683625635
0.210180189700,0.036499926960,0.001154554720,-0.087848099590
0.207552937300,0.036636773962,0.001281573350,-0.033064346144
0.204925684900,0.036644908832,0.001411627283,-0.021567400773
0.202298432500,0.036736827779,0.001537975546,-0.021301694567
0.199671180200,0.036729431810,0.001634855894,0.005280877240
0.197043927800,0.036732312888,0.001735563743,-0.000662760455
0.194416675400,0.036813516226,0.001744653655,-0.015903276464
0.191789423100,0.036764702243,0.001753263406,0.015150654876
0.189162170700,0.036707210516,0.001832437405,0.011080309544
0.186534918300,0.036697243325,0.001995579216,0.014914596570
0.183907666000,0.036619924988,0.002049425525,0.000836341573
0.181280413600,0.036674507129,0.002136083483,-0.028924986676
0.178653161200,0.036758579709,0.002282090100,-0.053034587195
0.176025908800,0.036960692016,0.002301763146,-0.096072562205
0.173398656500,0.037246585454,0.002197024834,-0.117170751991
0.170771404100,0.037582361036,0.002042483191,-0.109594054071
0.168144151700,0.037860792323,0.001896466816,-0.099905867173
0.165516899400,0.038174307451,0.001701182469,-0.122936473262
0.162889647000,0.038524282578,0.001556199763,-0.134461319878
0.160262394600,0.038807843614,0.001564363408,-0.080233379392
0.157635142200,0.039033090902,0.001488071760,-0.089230934890
0.155007889900,0.039354018363,0.001427913657,-0.087615270700
0.152380637500,0.039564939011,0.001440456537,-0.025891681923
0.149753385100,0.039574495144,0.001434476364,0.052085357774
0.147126132800,0.039375331997,0.001387829379,0.117216869709
0.144498880400,0.039050262283,0.001463334187,0.167760673409
0.141871628000,0.038655165259,0.001498867232,0.189533191577
0.139244375600,0.038216757950,0.001321055143,0.176677783105
0.136617123300,0.037855738428,0.001131062021,0.168019970720
0.133989870900,0.037454534156,0.001065756584,0.206596311650
0.131362618500,0.036880222028,0.000981960750,0.226748608815
0.128735366200,0.036370310527,0.000973691311,0.188982934757
0.126108113800,0.035971751741,0.001078223676,0.187506819105
0.123480861400,0.035470360602,0.001334101615,0.185313457662
0.120853609000,0.035110199248,0.001412618089,0.117178398853
0.118226356700,0.034955396642,0.001583186574,0.056990812846
0.115599104300,0.034918451313,0.001689855611,0.033352947373
0.112971851900,0.034911545253,0.001823273560,0.003564031523
0.110344599600,0.035049077178,0.001808338911,-0.023885318224
0.107717347200,0.035175143351,0.001805655007,-0.038483934792
0.105090094800,0.035264455625,0.001904272753,-0.040732580867
0.102462842500,0.035414676374,0.002072133127,-0.047875393300
0.099835590100,0.035484388349,0.002145314365,-0.052145666621
0.097208337700,0.035610406292,0.002203411651,-0.066980317341
0.094581085300,0.035741503691,0.002227210681,-0.078197270304
0.091953833000,0.035847567937,0.002165287099,-0.057931585761
0.089326580600,0.035820802059,0.002142149432,0.002282124558
0.086699328200,0.035646843488,0.002039170662,-0.001703946017
0.084072075900,0.035609789294,0.001948560437,-0.050266790076
0.081444823500,0.035612205488,0.001947460956,-0.032741313590
0.078817571100,0.035492946716,0.001920494376,-0.000096460581
0.076190318700,0.035323992892,0.001887754940,0.015143291710
0.073563066400,0.035216441629,0.001733063624,-0.007046569871
0.070935814000,0.035108941768,0.001676582914,-0.031678915266
0.068308561600,0.035059248861,0.001793522432,-0.051041185021
0.065681309300,0.035060309436,0.001888939451,-0.037222706552
0.063054056900,0.035001581959,0.001955764233,-0.022085085498
0.060426804500,0.034867847637,0.001913031643,-0.026816655221
0.057799552100,0.034785408186,0.001815171499,-0.048145747032
0.055172299800,0.034853381152,0.001735725173,-0.078356704601
0.052545047400,0.034990075831,0.001684567228,-0.067010890004
0.049917795000,0.035025915027,0.001731684303,-0.060145633106
0.047290542700,0.035052257313,0.001685162514,-0.005756451247
0.044663290300,0.034902383014,0.001675928848,0.023054426325
0.042036037900,0.034847842461,0.001735703241,0.009127907478
0.039408785500,0.034743791212,0.001710047723,0.001618520596
0.036781533200,0.034661374120,0.001699808450,-0.006736988481
0.034154280800,0.034549624305,0.001651348352,0.059020368509
0.031527028400,0.034202313091,0.001692911069,0.134684126107
0.028899776100,0.033724511438,0.001542695253,0.205295386200
0.026272523700,0.033067856331,0.001272943217,0.272556713998
0.023645271300,0.032223459168,0.001083198442,0.249448330826
0.021018019000,0.031651502147,0.000818162781,0.125148649625
0.018390766600,0.031443215179,0.000760416834,0.043117826622
0.015763514200,0.031388595440,0.000764468901,-0.041921942777
0.013136261800,0.031594489863,0.000689548745,-0.121018265092
0.010509009500,0.032003016186,0.000564390455,-0.179720191612
0.007881757100,0.032538689054,0.000463603822,-0.180327343533
0.005254504700,0.033002307255,0.000361881505,-0.172583700908
0.002627252400,0.033398413430,0.000381865383,0.243516247425
0.000000000000,0.031623229616,0.000395058216,0.659039672935
