0.391460603250,0.054041601587,0.000307246152,-0.799370623120
0.388833350880,0.056220427609,-0.000154190390,-0.275132006068
0.386206098510,0.055677590841,-0.000402344580,0.285075290294
0.383578846140,0.054827232078,-0.000406068754,-0.130926459825
0.380951593770,0.056410420416,-0.000273529447,-0.253481780142
0.378324341400,0.056190011904,-0.000091377008,-0.007262353307
0.375697089030,0.056442620395,0.000089853045,-0.191278053504
0.373069836660,0.057193834306,0.000386830017,-0.231263235695
0.370442584290,0.057628123131,0.000626145622,-0.159870184086
0.367815331920,0.057996491694,0.000720710301,-0.280209724810
0.365188079550,0.059109498882,0.001104528732,-0.309654350725
0.362560827170,0.059644510474,0.001447095282,-0.181560370716
0.359933574800,0.060083525808,0.001705829288,-0.148478217209
0.357306322430,0.060422590766,0.001802049444,-0.130768166117
0.354679070060,0.060708575597,0.002077879414,-0.110329703740
0.352051817690,0.060930823265,0.002358810565,-0.153096271081
0.349424565320,0.061445922848,0.002412622818,-0.188371709360
0.346797312950,0.061739105049,0.002464832411,-0.095006518410
0.344170060580,0.061785366712,0.002441902406,-0.016283812730
0.341542808210,0.061708560481,0.002431644625,0.006202297312
0.338915555840,0.061590125138,0.002543371783,0.011476356957
0.336288303460,0.061576532465,0.002529733417,-0.013545587597
0.333661051090,0.061539858490,0.002490637175,0.046666842732
0.331033798720,0.061235136936,0.002442011179,0.084722080321
0.328406546350,0.061013413307,0.002563987339,0.067466116806
0.325779293980,0.060809390064,0.002652097876,0.047747810778
0.323152041610,0.060651410866,0.002753964793,0.035602896245
0.320524789240,0.060588327986,0.002649100756,0.027210377808
0.317897536870,0.060487101321,0.002732842543,0.054585969349
0.315270284500,0.060334020864,0.002714524949,0.048618084008
0.312643032100,0.060197648847,0.002798864748,0.028989479323
0.310015779800,0.060134778336,0.002959287185,0.020604210898
0.307388527400,0.060036859602,0.002897549894,0.052706872928
0.304761275000,0.059818310148,0.002877500351,0.076287084634
0.302134022600,0.059649565862,0.002913152124,0.038223205792
0.299506770300,0.059462436111,0.002826118143,0.043231354549
0.296879517900,0.059305004453,0.002703963545,0.059492903011
0.294252265500,0.059119606940,0.002534309288,0.064090167654
0.291625013200,0.058889073958,0.002342620356,0.045123443848
0.288997760800,0.058754940199,0.002275777514,-0.018553157866
0.286370508400,0.058871472308,0.002299176213,-0.044324603520
0.283743256000,0.059006559583,0.002244151267,-0.031654286799
0.281116003700,0.059037569225,0.002220647191,-0.016653068105
0.278488751300,0.059085388189,0.002288060907,-0.009341199957
0.275861498900,0.059077443407,0.002226702194,0.015723770951
0.273234246600,0.059051974499,0.002042382899,0.001001302715
0.270606994200,0.059076222286,0.001877986847,-0.046345600502
0.267979741800,0.059299111336,0.001881942175,-0.064100620143
0.265352489400,0.059466267620,0.001874155177,-0.056347062478
0.262725237100,0.059640434429,0.001714183912,-0.072230175008
0.260097984700,0.059821906910,0.001630624671,-0.076630148492
0.257470732300,0.060023505646,0.001693486840,-0.052382077296
0.254843480000,0.060072757978,0.001586921989,0.013214544885
0.252216227600,0.059906575204,0.001660580805,0.049514190967
0.249588975200,0.059781942672,0.001749137379,0.056087090524
0.246961722900,0.059586186630,0.001662693062,0.060669307339
0.244334470500,0.059396298641,0.001652108602,0.061906298821
0.241707218100,0.059178430788,0.001546781985,0.067319522359
0.239079965700,0.058940106790,0.001415147147,0.053279722805
0.236452713400,0.058789755737,0.001397662654,0.051201469247
0.233825461000,0.058608659551,0.001395183234,0.061029202596
0.231198208600,0.058402153668,0.001350713095,0.058235881443
0.228570956300,0.058257675407,0.001194825289,0.043451934826
0.225943703900,0.058130806751,0.001008801688,0.019535518923
0.223316451500,0.058113740073,0.000939603435,-0.025004106161
0.220689199100,0.058209829310,0.000780725373,-0.014693039906
0.218061946800,0.058157991607,0.000544275543,-0.000494220699
0.215434694400,0.058157817793,0.000400897977,-0.012546195385
0.212807442000,0.058149617592,0.000262132651,0.028809545176
0.210180189700,0.057945400920,0.000271452153,0.095582136960
0.207552937300,0.057709701406,0.000295636472,0.093457106995
0.204925684900,0.057521483118,0.000305183892,0.064466618741
0.202298432500,0.057454155308,0.000419076604,0.021065864366
0.199671180200,0.057457970302,0.000447736639,0.002039895745
0.197043927800,0.057504079296,0.000519049897,-0.039175371050
0.194416675400,0.057756269435,0.000644076432,-0.041588647689
0.191789423100,0.057873361024,0.000667698697,0.013269699447
0.189162170700,0.057854868761,0.000694931451,0.039683138849
0.186534918300,0.057829863634,0.000752818840,0.015238264019
0.183907666000,0.057910122871,0.000819762773,-0.005211774093
0.181280413600,0.057987011687,0.000813117715,-0.027113207753
0.178653161200,0.058153018999,0.000856260255,-0.033969847489
0.176025908800,0.058247501432,0.000933610942,0.006835944286
0.173398656500,0.058207456085,0.000951602307,0.027415222094
0.170771404100,0.058180496122,0.000784533849,0.024845220653
0.168144151700,0.058165376303,0.000708071324,0.029080387909
0.165516899400,0.058096743488,0.000817023363,0.026431686470
0.162889647000,0.058155138463,0.000921191698,0.038287544615
0.160262394600,0.058035316681,0.001064263561,0.087360131911
0.157635142200,0.057838892974,0.001262203797,0.061603502487
0.155007889900,0.057852277681,0.001270426313,0.029027790386
0.152380637500,0.057814460090,0.001313141898,0.021708585494
0.149753385100,0.057800637062,0.001449823231,0.009223032680
0.147126132800,0.057815245093,0.001363190505,-0.020305436002
0.144498880400,0.057958742904,0.001377891020,-0.069911993207
0.141871628000,0.058251894464,0.001362810230,-0.111886566460
0.139244375600,0.058687377389,0.001357381673,-0.142179952248
0.136617123300,0.059116186784,0.001366679192,-0.124073769970
0.133989870900,0.059462171065,0.001334436137,-0.102034362464
0.131362618500,0.059837894412,0.001135854967,-0.086589787143
0.128735366200,0.060104351592,0.000970277802,-0.061181020171
0.126108113800,0.060327506661,0.000838144928,-0.030182898720
0.123480861400,0.060426362214,0.000700506013,0.036240437365
0.120853609000,0.060346640588,0.000601870515,0.059071604258
0.118226356700,0.060226323172,0.000504115915,0.074373711132
0.115599104300,0.059984658312,0.000467088086,0.143366443571
0.112971851900,0.059585029488,0.000454789646,0.214353297489
0.110344599600,0.058996216656,0.000271300605,0.218347817461
0.107717347200,0.058608316369,0.000224931987,0.193166043827
0.105090094800,0.058109570557,0.000143990601,0.190247775200
0.102462842500,0.057696192871,0.000209241515,0.147197376803
0.099835590100,0.057442548184,0.000320416680,0.114119985854
0.097208337700,0.057137352895,0.000301684862,0.162190579781
0.094581085300,0.056647002412,0.000306253895,0.194046672790
0.091953833000,0.056193242361,0.000313891086,0.148240651425
0.089326580600,0.055951943451,0.000343101508,0.090368695106
0.086699328200,0.055810669601,0.000318269196,0.052258416046
0.084072075900,0.055781103223,0.000361214519,-0.004495578877
0.081444823500,0.055867263377,0.000395942500,-0.069911543741
0.078817571100,0.056054937053,0.000453350258,-0.129713704873
0.076190318700,0.056455468243,0.000571588896,-0.150871701075
0.073563066400,0.056814992621,0.000616966157,-0.114937884912
0.070935814000,0.057039482492,0.000501850685,-0.079205382973
0.068308561600,0.057137819492,0.000500366556,-0.079615411847
0.065681309300,0.057364798360,0.000564244912,-0.089733764480
0.063054056900,0.057514644542,0.000525911356,-0.021971346708
0.060426804500,0.057373330828,0.000559117395,0.056957284432
0.057799552100,0.057116305503,0.000447610900,0.077876337688
0.055172299800,0.056925558677,0.000446071559,0.096353661685
0.052545047400,0.056547373651,0.000572131654,0.143475232171
0.049917795000,0.056047851583,0.000677465698,0.176220876657
0.047290542700,0.055515484419,0.000718309721,0.144161456542
0.044663290300,0.055216402526,0.000585263602,0.106953840434
0.042036037900,0.054874859394,0.000479860760,0.091172436114
0.039408785500,0.054599738231,0.000432736823,0.072052166217
0.036781533200,0.054357920184,0.000404512338,0.038204497282
0.034154280800,0.054221896735,0.000264763908,0.020291040317
0.031527028400,0.054045035521,0.000184544083,-0.022866234603
0.028899776100,0.054095711577,0.000246501436,-0.115880835310
0.026272523700,0.054431101583,0.000195676998,-0.118483324719
0.023645271300,0.054446625858,0.000132454305,-0.066421907564
0.021018019000,0.054585735733,0.000129731664,-0.114331700962
0.018390766600,0.054874762784,0.000072863524,-0.096137084865
0.015763514200,0.054929338879,-0.000088003139,-0.039039405765
0.013136261800,0.054883394612,-0.000140758807,-0.025713320952
0.010509009500,0.054885491689,-0.000207434626,-0.031893644599
0.007881757100,0.054929669658,-0.000232087412,-0.071090644323
0.005254504700,0.055136484997,-0.000246459015,-0.052006887497
0.002627252400,0.055119994682,-0.000304525421,0.999883067432
0.000000000000,0.049878407061,-0.000353277496,2.015826551904
