0.391460603250,0.028926654156,-0.000456764643,-0.144313066978
0.388833350880,0.029298546859,-0.000444474107,0.385346837585
0.386206098510,0.026883773924,-0.000240116634,0.283141151288
0.383578846140,0.027623449565,-0.000254088403,-0.197713505863
0.380951593770,0.027737595256,-0.000014031573,-0.175833979110
0.378324341400,0.028349637313,0.000235193160,-0.210462122144
0.375697089030,0.028736738698,0.000545478458,-0.017138333323
0.373069836660,0.028363467591,0.000683589560,-0.038513534343
0.370442584290,0.028882271046,0.001124745484,-0.161648798248
0.367815331920,0.029210067327,0.001483614396,-0.155429228125
0.365188079550,0.029668838092,0.001713883410,-0.380195532848
0.362560827170,0.031125156580,0.002127712220,-0.306535529006
0.359933574800,0.031472493609,0.002305547092,-0.127817857578
0.357306322430,0.031703702006,0.002381162727,-0.052901840680
0.354679070060,0.031648298525,0.002479972978,-0.004968114453
0.352051817690,0.031587478269,0.002573308609,-0.010832430873
0.349424565320,0.031579403168,0.002516245295,-0.022687003777
0.346797312950,0.031488379602,0.002662491384,0.026196182751
0.344170060580,0.031265499662,0.002714960030,0.081596808427
0.341542808210,0.030945463536,0.002849609906,0.096039833206
0.338915555840,0.030641257440,0.002832168606,0.106999816475
0.336288303460,0.030314913279,0.002830178865,0.093305009136
0.333661051090,0.030020451734,0.002724467792,0.074176692179
0.331033798720,0.029761284183,0.002679557302,0.060317508423
0.328406546350,0.029566332444,0.002633209132,0.068968870038
0.325779293980,0.029362371326,0.002622794200,0.101364015083
0.323152041610,0.029071566713,0.002699906520,0.120166165572
0.320524789240,0.028794102876,0.002769808756,0.111468161113
0.317897536870,0.028546163343,0.002853805301,0.112391321114
0.315270284500,0.028274030243,0.002874669370,0.121673605622
0.312643032100,0.027978803670,0.002999968240,0.101253242330
0.310015779800,0.027794244851,0.003014012986,0.060260533425
0.307388527400,0.027686178087,0.003116496650,0.063495683989
0.304761275000,0.027541746928,0.003139496645,0.064837909421
0.302134022600,0.027446046053,0.003195951157,0.034889436776
0.299506770300,0.027481652111,0.003141724827,0.005147570157
0.296879517900,0.027538646300,0.003098840784,0.009016707912
0.294252265500,0.027615263539,0.003090716586,-0.004390720660
0.291625013200,0.027776694625,0.003046370093,-0.015414600229
0.288997760800,0.027878451210,0.002990491374,0.016239870972
0.286370508400,0.027851113969,0.002816388578,0.065226926612
0.283743256000,0.027725927420,0.002832425391,0.100327018328
0.281116003700,0.027538646656,0.002725347538,0.117788867233
0.278488751300,0.027290705924,0.002600196067,0.098610249026
0.275861498900,0.027211973897,0.002535410786,0.056718760815
0.273234246600,0.027159980712,0.002533554698,0.022782691146
0.270606994200,0.027148144772,0.002576867418,-0.006098511833
0.267979741800,0.027289063170,0.002593053050,-0.052132167844
0.265352489400,0.027532795461,0.002571244998,-0.096033326710
0.262725237100,0.027890000314,0.002691521417,-0.124057843464
0.260097984700,0.028239177722,0.002861891899,-0.114676458145
0.257470732300,0.028579457405,0.003093984551,-0.094631315578
0.254843480000,0.028797629531,0.003383487079,-0.098188190929
0.252216227600,0.029068564743,0.003493493198,-0.101494375755
0.249588975200,0.029295638230,0.003572945335,-0.077302999957
0.246961722900,0.029407485648,0.003444871589,-0.053733662796
0.244334470500,0.029522749450,0.003279375480,-0.056349961251
0.241707218100,0.029754672187,0.003141568514,-0.080171697252
0.239079965700,0.029983501076,0.002875147528,-0.052705147042
0.236452713400,0.030003835802,0.002597006897,0.009940683937
0.233825461000,0.029882492659,0.002466469259,0.038591833722
0.231198208600,0.029722752847,0.002411205775,0.069319569599
0.228570956300,0.029408308818,0.002409609746,0.085244332828
0.225943703900,0.029107236614,0.002419096863,0.065977590850
0.223316451500,0.028833782282,0.002432792744,0.063218158371
0.220689199100,0.028573074493,0.002492622358,0.032771276039
0.218061946800,0.028502714582,0.002368827660,-0.020019923334
0.215434694400,0.028505928877,0.002301945844,-0.049893805965
0.212807442000,0.028575482591,0.002156673614,-0.113783201363
0.210180189700,0.028899830964,0.002032581872,-0.175149943605
0.207552937300,0.029325907978,0.001914792217,-0.177696912028
0.204925684900,0.029678608856,0.001891760488,-0.145587411082
0.202298432500,0.029934257203,0.001849405303,-0.104748810494
0.199671180200,0.030063847906,0.001744284433,-0.050332104800
0.197043927800,0.030007065978,0.001658225084,0.015290083961
0.194416675400,0.029790890891,0.001723248965,0.023583563952
0.191789423100,0.029697357441,0.001772904402,-0.014632308170
0.189162170700,0.029667433982,0.001892472121,0.002021291754
0.186534918300,0.029503994986,0.001981864889,0.023213649109
0.183907666000,0.029436919894,0.002142418129,0.013559885823
0.181280413600,0.029351806097,0.002381247437,0.018168728471
0.178653161200,0.029267279937,0.002509979046,0.004599508329
0.176025908800,0.029235195534,0.002648320847,0.007264747131
0.173398656500,0.029159391600,0.002826064551,0.039592234627
0.170771404100,0.029054341662,0.002929215828,0.041383085988
0.168144151700,0.028989719032,0.002867500546,0.008228175176
0.165516899400,0.029089445230,0.002761470489,-0.009969002814
0.162889647000,0.029157493172,0.002610032595,-0.007085771222
0.160262394600,0.029273550039,0.002461233113,-0.043942735821
0.157635142200,0.029478486052,0.002186553765,-0.071856258301
0.155007889900,0.029706764313,0.002074340507,-0.099875485564
0.152380637500,0.030063830855,0.001919872397,-0.109679481091
0.149753385100,0.030372513201,0.001778264344,-0.065068512648
0.147126132800,0.030447978678,0.001807437736,-0.010252730596
0.144498880400,0.030439271827,0.001732225131,-0.005652128500
0.141871628000,0.030467768703,0.001647106771,0.003782063411
0.139244375600,0.030392398626,0.001624985209,0.023150013049
0.136617123300,0.030299943544,0.001708829391,0.058548344202
0.133989870900,0.030158840661,0.001869999269,0.076443836212
0.131362618500,0.029924211229,0.001945024079,0.062857503424
0.128735366200,0.029813589529,0.002004398233,0.013536853886
0.126108113800,0.029831256116,0.002023729383,0.013461557779
0.123480861400,0.029727154319,0.002074091135,0.058454090145
0.120853609000,0.029521503918,0.002156011015,0.092391196387
0.118226356700,0.029223168128,0.002258810557,0.098059099801
0.115599104300,0.028984567282,0.002411747270,0.036589086928
0.112971851900,0.029015914957,0.002434591427,-0.009520107495
0.110344599600,0.028991052460,0.002429269000,0.015497067199
0.107717347200,0.028961163534,0.002428718698,-0.024560110030
0.105090094800,0.029164057399,0.002494418924,-0.126958161790
0.102462842500,0.029672542470,0.002657574228,-0.150814277960
0.099835590100,0.029917102307,0.002748021488,-0.074765041484
0.097208337700,0.030030824952,0.002789280232,-0.033860561424
0.094581085300,0.030142294295,0.002886550417,-0.000727180430
0.091953833000,0.030029185894,0.003057438968,0.066808358287
0.089326580600,0.029837124640,0.003449829542,0.130944558866
0.086699328200,0.029447353784,0.003671977811,0.139249839208
0.084072075900,0.029164246253,0.003596401461,0.072579673416
0.081444823500,0.029103403630,0.003654204198,0.039708465230
0.078817571100,0.029023664612,0.003623958941,0.045901425074
0.076190318700,0.028879232121,0.003625195188,0.046062230582
0.073563066400,0.028740019568,0.003527170947,0.022250902171
0.070935814000,0.028712642000,0.003545795075,-0.021609579461
0.068308561600,0.028775382256,0.003789168559,-0.019111499398
0.065681309300,0.028686557513,0.003873126677,0.041845478833
0.063054056900,0.028419509117,0.003629265068,0.094208430714
0.060426804500,0.028079161494,0.003413021474,0.139971846960
0.057799552100,0.027606981597,0.003394117359,0.157485267552
0.055172299800,0.027143278598,0.003342000278,0.097980493896
0.052545047400,0.026990035966,0.003101981261,0.065910378624
0.049917795000,0.026758391014,0.002904306924,0.090559214416
0.047290542700,0.026495451088,0.002808729905,0.055296005077
0.044663290300,0.026419767273,0.002791869194,0.021931865790
0.042036037900,0.026275159952,0.002650095708,0.039384893837
0.039408785500,0.026125011998,0.002537086985,0.087520415198
0.036781533200,0.025753370575,0.002461546579,0.141462849752
0.034154280800,0.025345848001,0.002339532732,0.092157035076
0.031527028400,0.025217859313,0.002160948602,0.262768667538
0.028899776100,0.023898067916,0.001881616320,0.262620373564
0.026272523700,0.023811957131,0.001597052115,-0.046118561544
0.023645271300,0.024092400120,0.001510059824,0.042746329071
0.021018019000,0.023495587096,0.001473413756,0.178392832989
0.018390766600,0.023072221767,0.001234595573,0.107830234642
0.015763514200,0.022892241182,0.001131506779,0.026568753268
0.013136261800,0.022897091704,0.000925359834,-0.036600586960
0.010509009500,0.023038907968,0.000742656957,-0.101996466101
0.007881757100,0.023411656529,0.000837142598,-0.152683489345
0.005254504700,0.023821793155,0.000839073677,-0.064547219147
0.002627252400,0.023762914249,0.000693649109,0.409341446661
0.000000000000,0.021693157806,0.000503600830,0.793721811995
