0.391460603250,-0.038697462165,-0.000253761709,0.589359661761
0.388833350880,-0.040231461390,-0.000695910039,0.456797135393
0.386206098510,-0.041103630962,-0.000865631765,0.316421983763
0.383578846140,-0.041816571442,-0.000713385339,0.224200190079
0.380951593770,-0.042259467918,-0.000501873675,0.183469643143
0.378324341400,-0.042732800180,-0.000226920980,0.125818993638
0.375697089030,-0.042849943490,0.000097019139,-0.003337890779
0.373069836660,-0.042649447505,0.000451029536,-0.080670529138
0.370442584290,-0.042341689341,0.000684719183,-0.161519427467
0.367815331920,-0.041651762721,0.000998660285,-0.296618868718
0.365188079550,-0.040742158473,0.001311350649,-0.153652918084
0.362560827170,-0.040863751422,0.001550742901,0.003411721352
0.359933574800,-0.040769686824,0.001671360695,-0.041890524715
0.357306322430,-0.040623417237,0.001892561658,-0.022024061357
0.354679070060,-0.040601040885,0.002085775633,-0.014447878778
0.352051817690,-0.040584608450,0.002278061499,0.003395587418
0.349424565320,-0.040696240091,0.002282725724,0.031047140157
0.346797312950,-0.040817431850,0.002324301907,0.021726460781
0.344170060580,-0.040900935207,0.002425433704,0.042926115807
0.341542808210,-0.041134488663,0.002587371262,0.100455323262
0.338915555840,-0.041472404817,0.002622102369,0.114959854924
0.336288303460,-0.041702628134,0.002517752574,0.090653220186
0.333661051090,-0.041856359946,0.002480189123,0.086729946724
0.331033798720,-0.042044607241,0.002500531822,0.117462438975
0.328406546350,-0.042296168351,0.002475527596,0.103281114747
0.325779293980,-0.042429719145,0.002458813272,0.037491020629
0.323152041610,-0.042397915586,0.002504902849,0.056653761545
0.320524789240,-0.042590957173,0.002623022590,0.140045484826
0.317897536870,-0.042984287771,0.002771187765,0.143992348407
0.315270284500,-0.043211031895,0.002817090205,0.113682980194
0.312643032100,-0.043584119278,0.002875697121,0.128940898594
0.310015779800,-0.043851582579,0.002969776735,0.087760777064
0.307388527400,-0.044033109381,0.003050530520,0.068774717361
0.304761275000,-0.044192604362,0.003111384156,0.041263548186
0.302134022600,-0.044243105540,0.003156669399,0.023529164845
0.299506770300,-0.044317620340,0.003109073878,0.008983393664
0.296879517900,-0.044360552415,0.003210788367,0.004709815545
0.294252265500,-0.044440611157,0.003270615680,0.021779872594
0.291625013200,-0.044562378169,0.003285348126,0.007178666632
0.288997760800,-0.044528309182,0.003315525249,-0.038292592418
0.286370508400,-0.044396432408,0.003339137276,-0.037936983765
0.283743256000,-0.044365807734,0.003372141619,0.004787794353
0.281116003700,-0.044442743399,0.003243083420,0.020609253068
0.278488751300,-0.044481318693,0.003139694373,0.027222808079
0.275861498900,-0.044599286471,0.003075120918,0.037778371661
0.273234246600,-0.044671664433,0.003037653283,0.002284942661
0.270606994200,-0.044623835491,0.002826039066,-0.030387455078
0.267979741800,-0.044502429590,0.002666713552,-0.053482952934
0.265352489400,-0.044348855402,0.002656541815,-0.061877436884
0.262725237100,-0.044208944394,0.002580535815,-0.069595878169
0.260097984700,-0.043952596043,0.002611243764,-0.095093713168
0.257470732300,-0.043666245015,0.002872083083,-0.091224907733
0.254843480000,-0.043488512487,0.002990486391,-0.079283863946
0.252216227600,-0.043274417552,0.003220071019,-0.078113260583
0.249588975200,-0.043069821414,0.003397044711,-0.097529193760
0.246961722900,-0.042836700090,0.003571101183,-0.077199217971
0.244334470500,-0.042717887964,0.003587784172,-0.042780474091
0.241707218100,-0.042651170921,0.003503569458,-0.041378847711
0.239079965700,-0.042550741447,0.003344281562,-0.052769291243
0.236452713400,-0.042472313207,0.003040454227,-0.037327723863
0.233825461000,-0.042468626279,0.002797662561,-0.009656574631
0.231198208600,-0.042527816829,0.002649236728,0.028520795253
0.228570956300,-0.042752129387,0.002620143211,0.063940574218
0.225943703900,-0.043031233887,0.002605110634,0.066335841525
0.223316451500,-0.043311670577,0.002576922569,0.049856419702
0.220689199100,-0.043508829379,0.002530687850,0.045986839047
0.218061946800,-0.043709032720,0.002451772919,0.031621606233
0.215434694400,-0.043809239789,0.002476853734,-0.006130155262
0.212807442000,-0.043809844268,0.002390465009,-0.039675429729
0.210180189700,-0.043721788087,0.002311454522,-0.103667132419
0.207552937300,-0.043434817776,0.002264913894,-0.163821634668
0.204925684900,-0.042974211190,0.002130960257,-0.187495685219
0.202298432500,-0.042561574156,0.002023294856,-0.142170748452
0.199671180200,-0.042317981643,0.001929524656,-0.068603846764
0.197043927800,-0.042271363409,0.001904217103,0.019971601548
0.194416675400,-0.042461477404,0.001957773283,0.054687574697
0.191789423100,-0.042642658178,0.002088560613,0.033399486293
0.189162170700,-0.042786859840,0.002181470591,0.023095429543
0.186534918300,-0.042929817238,0.002218235063,0.027770316628
0.183907666000,-0.043027856402,0.002342752930,0.055767727021
0.181280413600,-0.043260295367,0.002516725223,0.033711035382
0.178653161200,-0.043288905626,0.002806832302,-0.015715810250
0.176025908800,-0.043280652196,0.003016544252,-0.031229677223
0.173398656500,-0.043257841356,0.003240658845,-0.039670792425
0.170771404100,-0.043185463306,0.003416768941,-0.027069964488
0.168144151700,-0.043174984206,0.003571288255,0.004738591051
0.165516899400,-0.043251259910,0.003550603507,0.024674970684
0.162889647000,-0.043332426862,0.003516637439,0.010348962718
0.160262394600,-0.043334861406,0.003371025548,-0.025849322050
0.157635142200,-0.043234982981,0.003197032836,-0.070398668592
0.155007889900,-0.042977940698,0.002958946506,-0.119570139774
0.152380637500,-0.042642891964,0.002792347981,-0.128111329328
0.149753385100,-0.042363023833,0.002787589013,-0.090451756147
0.147126132800,-0.042190513882,0.002603829890,-0.041340650670
0.144498880400,-0.042110890131,0.002439676776,-0.041683549003
0.141871628000,-0.041987536553,0.002395484091,-0.009282734748
0.139244375600,-0.042046852356,0.002432337566,0.046609197522
0.136617123300,-0.042269300831,0.002514309310,0.047405638964
0.133989870900,-0.042354989301,0.002587472082,0.029834428752
0.131362618500,-0.042466072317,0.002677518737,0.052814801067
0.128735366200,-0.042678618324,0.002818102557,0.073095398977
0.126108113800,-0.042868200171,0.002935423349,0.064270135566
0.123480861400,-0.043048500350,0.003025687132,0.057610318696
0.120853609000,-0.043215486069,0.003065431448,0.081302306317
0.118226356700,-0.043517794317,0.003200582499,0.085219251139
0.115599104300,-0.043745202554,0.003324124767,0.049965803588
0.112971851900,-0.043850182449,0.003336400882,0.058486475987
0.110344599600,-0.044035672819,0.003418341841,0.061403915020
0.107717347200,-0.044108270808,0.003474302822,-0.007685659534
0.105090094800,-0.043994928190,0.003551261766,-0.059673507649
0.102462842500,-0.043882011514,0.003652457957,-0.075262486631
0.099835590100,-0.043645028918,0.003919456391,-0.075458713200
0.097208337700,-0.043445584861,0.003959535100,-0.091712449297
0.094581085300,-0.043220909948,0.004039255312,-0.055629364895
0.091953833000,-0.043241777413,0.004179317184,-0.007724047697
0.089326580600,-0.043235740225,0.004398492583,0.029004607440
0.086699328200,-0.043424007267,0.004587378720,0.084698680153
0.084072075900,-0.043700162955,0.004671259067,0.059677536849
0.081444823500,-0.043812910882,0.004834618561,0.040459347668
0.078817571100,-0.044005266200,0.004883401820,0.054316056298
0.076190318700,-0.044178723001,0.004766289501,0.030136825742
0.073563066400,-0.044257091050,0.004671902479,0.005771432078
0.070935814000,-0.044289537274,0.004662085170,0.016437356356
0.068308561600,-0.044338923309,0.004609374544,0.007341805478
0.065681309300,-0.044341003790,0.004576868360,-0.001033093884
0.063054056900,-0.044340486111,0.004700121506,0.068602167057
0.060426804500,-0.044725878817,0.004707185548,0.163951946649
0.057799552100,-0.045228074645,0.004583720185,0.152352909741
0.055172299800,-0.045576444787,0.004582770063,0.111094877716
0.052545047400,-0.045859807055,0.004505348682,0.083622905907
0.049917795000,-0.046029482812,0.004317287896,0.077268276907
0.047290542700,-0.046258249155,0.004258232689,0.074300721151
0.044663290300,-0.046412357422,0.003959913117,0.050376120195
0.042036037900,-0.046549429620,0.003828677508,0.042173823248
0.039408785500,-0.046661267508,0.003817472715,0.028970544226
0.036781533200,-0.046662094229,0.003678232395,0.074857449712
0.034154280800,-0.046969389612,0.003376143143,0.122966568382
0.031527028400,-0.047356365258,0.003215392112,0.155623836076
0.028899776100,-0.047876208826,0.003007524339,0.171071804431
0.026272523700,-0.048279984360,0.002742410416,0.143166114222
0.023645271300,-0.048651061766,0.002512721227,0.126709168578
0.021018019000,-0.048968179941,0.002263179392,0.147249291442
0.018390766600,-0.049444572244,0.002081420263,0.184346862440
0.015763514200,-0.049987093302,0.001877600648,0.143442086753
0.013136261800,-0.050317866191,0.001843909605,-0.001924727797
0.010509009500,-0.050079090317,0.001605016772,-0.124485260463
0.007881757100,-0.049764496869,0.001409306705,-0.143566656423
0.005254504700,-0.049465036357,0.001283415474,-0.202660843332
0.002627252400,-0.048724787284,0.001342673484,-1.337227404453
0.000000000000,-0.042470477885,0.000947733640,-2.391786776080
