0.391460603250,0.028751296139,0.000884214412,0.788814295463
0.388833350880,0.026752101689,0.001219646558,0.290181278884
0.386206098510,0.027478167281,0.001356278579,-0.167459419866
0.383578846140,0.027864502133,0.001272537037,-0.020902539106
0.380951593770,0.027753498225,0.001437880707,-0.023642326634
0.378324341400,0.028119118184,0.001666573959,-0.052853638817
0.375697089030,0.028155472753,0.001777027243,0.032772869302
0.373069836660,0.028076208422,0.001740868158,-0.057115045405
0.370442584290,0.028559548203,0.001732737284,-0.185870022628
0.367815331920,0.029112256139,0.001731244868,-0.050698917814
0.365188079550,0.028873797660,0.001705563651,-0.174766288192
0.362560827170,0.030054169175,0.001617893726,-0.208916734047
0.359933574800,0.029963976674,0.001633313200,-0.023143461299
0.357306322430,0.030114366460,0.001677270925,-0.282021192337
0.354679070060,0.031366339279,0.001695529700,-0.264722261824
0.352051817690,0.031392457598,0.001834604265,-0.085675893140
0.349424565320,0.031714544045,0.001776880191,-0.116251326971
0.346797312950,0.031983105333,0.001769772312,-0.128586934741
0.344170060580,0.032294059377,0.001884383695,-0.115185442638
0.341542808210,0.032474756573,0.002073604009,-0.047770962302
0.338915555840,0.032443062785,0.002070448580,-0.021357192953
0.336288303460,0.032514662905,0.002214608804,-0.029721448835
0.333661051090,0.032479131070,0.002393184705,0.037061997655
0.331033798720,0.032305770475,0.002509862409,0.096766193999
0.328406546350,0.031914689179,0.002601109029,0.139870565476
0.325779293980,0.031514755639,0.002609977901,0.268890492247
0.323152041610,0.030442394105,0.002610788830,0.140712832674
0.320524789240,0.030753631235,0.002479264528,-0.051350595392
0.317897536870,0.030570569518,0.002456018737,0.059765054148
0.315270284500,0.030340453121,0.002374971988,0.061682619816
0.312643032100,0.030167771234,0.002394049627,0.033673532335
0.310015779800,0.030049017489,0.002409528691,0.030419901280
0.307388527400,0.029944730340,0.002354097179,0.025733275687
0.304761275000,0.029865109650,0.002373218623,-0.024027508205
0.302134022600,0.029936241728,0.002407847034,-0.094892055658
0.299506770300,0.030238055329,0.002480899636,-0.098999290628
0.296879517900,0.030330302189,0.002453582074,-0.050306856281
0.294252265500,0.030443850318,0.002508469847,-0.078840591576
0.291625013200,0.030677123316,0.002596868921,-0.080769497887
0.288997760800,0.030795327300,0.002554613918,-0.068801336425
0.286370508400,0.030932413283,0.002515605706,-0.080789315243
0.283743256000,0.031082092915,0.002447561151,-0.062115300951
0.281116003700,0.031090428250,0.002394866485,-0.005322723575
0.278488751300,0.031005962396,0.002386904564,0.011647657897
0.275861498900,0.030883504225,0.002255997578,0.010466041554
0.273234246600,0.030803992130,0.002122108269,0.026414654682
0.270606994200,0.030676864693,0.002146972778,0.033357422361
0.267979741800,0.030589490638,0.002132670998,0.015309617371
0.265352489400,0.030511291965,0.002060934125,0.004085672537
0.262725237100,0.030445273915,0.001943500340,-0.001063049772
0.260097984700,0.030389554110,0.001783887586,0.028635587899
0.257470732300,0.030210943139,0.001597508671,0.043909585151
0.254843480000,0.030167182803,0.001428456069,0.003249106674
0.252216227600,0.030260472366,0.001289904845,0.002185484450
0.249588975200,0.030237249479,0.001116268650,0.027743350821
0.246961722900,0.030237772848,0.001102402928,0.025213332850
0.244334470500,0.030213685868,0.000978136477,0.050168417235
0.241707218100,0.030101079488,0.000932139058,0.104547398120
0.239079965700,0.029802915585,0.000966650861,0.175418597093
0.236452713400,0.029371585741,0.000864397290,0.228814197750
0.233825461000,0.028847515717,0.000817472537,0.249847030132
0.231198208600,0.028230207317,0.000883095342,0.265085107763
0.228570956300,0.027629523922,0.000840388493,0.226765145468
0.225943703900,0.027210475613,0.000833907808,0.136778647151
0.223316451500,0.027024137315,0.000930715484,0.053572868868
0.220689199100,0.027019531020,0.001087138272,-0.012640418490
0.218061946800,0.027184819821,0.001125758254,-0.051974953079
0.215434694400,0.027369573167,0.001178184998,-0.076606371555
0.212807442000,0.027629421243,0.001246991907,-0.078924723285
0.210180189700,0.027854008860,0.001336700927,-0.069316115499
0.207552937300,0.028033176863,0.001470910834,-0.035217594582
0.204925684900,0.028066190838,0.001599693019,0.008604741868
0.202298432500,0.028054315290,0.001599786203,0.006815631133
0.199671180200,0.028127139312,0.001716410075,-0.001433488009
0.197043927800,0.028222165866,0.001797069772,-0.023078729833
0.194416675400,0.028298213506,0.001769007904,0.001483929597
0.191789423100,0.028198906457,0.001929018095,0.021296393098
0.189162170700,0.028177475288,0.001989861105,-0.003991656329
0.186534918300,0.028200045574,0.002106641705,0.002610330038
0.183907666000,0.028139439663,0.002206497590,-0.010022602945
0.181280413600,0.028188111828,0.002289281398,-0.042498408660
0.178653161200,0.028297521298,0.002337534798,-0.066119721124
0.176025908800,0.028486512603,0.002253137176,-0.118836010889
0.173398656500,0.028830229929,0.002229807865,-0.154634495431
0.170771404100,0.029218830020,0.002137897916,-0.160776135395
0.168144151700,0.029606960413,0.001994518708,-0.165588743801
0.165516899400,0.029999056917,0.001893340046,-0.150703970674
0.162889647000,0.030386897518,0.001742541463,-0.132434345688
0.160262394600,0.030722656143,0.001596454438,-0.109487823370
0.157635142200,0.031011171386,0.001648102862,-0.077411042705
0.155007889900,0.031178534945,0.001620989812,-0.035428603028
0.152380637500,0.031256055951,0.001664257195,0.023303966021
0.149753385100,0.031130477618,0.001650637162,0.086045032732
0.147126132800,0.030897846348,0.001625842136,0.137369272210
0.144498880400,0.030519255427,0.001636765371,0.164327798939
0.141871628000,0.030164250191,0.001598759271,0.159127482720
0.139244375600,0.029851977235,0.001587711374,0.164023057080
0.136617123300,0.029471546247,0.001522047037,0.185879643415
0.133989870900,0.028981868887,0.001329758317,0.243328674151
0.131362618500,0.028320861213,0.001281879078,0.249833640250
0.128735366200,0.027790878435,0.001396443806,0.201242696860
0.126108113800,0.027337970294,0.001359210506,0.170351282768
0.123480861400,0.026988521767,0.001497830110,0.140249661755
0.120853609000,0.026753317390,0.001707747785,0.116088407797
0.118226356700,0.026458783658,0.001800119284,0.063350490066
0.115599104300,0.026432689240,0.001958405975,0.022238283533
0.112971851900,0.026389178451,0.002054858250,0.013594314339
0.110344599600,0.026430890750,0.002046018961,-0.027287830339
0.107717347200,0.026624639859,0.002017525952,-0.044788407486
0.105090094800,0.026708141364,0.002044973480,-0.046471377006
0.102462842500,0.026907166798,0.002042468580,-0.070271379806
0.099835590100,0.027048005855,0.002169485515,-0.054937918101
0.097208337700,0.027099159575,0.002269096332,-0.061243453573
0.094581085300,0.027241645263,0.002285946336,-0.096713388178
0.091953833000,0.027425619057,0.002199766568,-0.034862746986
0.089326580600,0.027278432542,0.002149409323,0.032542207165
0.086699328200,0.027027090286,0.002005262372,-0.008109439153
0.084072075900,0.027086658708,0.001820201347,-0.050338491895
0.081444823500,0.027039941590,0.001741002940,-0.012790230830
0.078817571100,0.026930419364,0.001678512946,-0.007287040275
0.076190318700,0.026864870491,0.001647648010,-0.020283658133
0.073563066400,0.026818810847,0.001771752050,0.008523992457
0.070935814000,0.026646206101,0.001744300983,0.004660874545
0.068308561600,0.026548572687,0.001749944137,-0.033533208866
0.065681309300,0.026527334985,0.001630822216,-0.033545300711
0.063054056900,0.026489273628,0.001556467250,-0.034071125106
0.060426804500,0.026487154251,0.001584232880,-0.030207659329
0.057799552100,0.026392653975,0.001507742255,-0.020858256711
0.055172299800,0.026327654576,0.001508924327,-0.024139332796
0.052545047400,0.026275926068,0.001481102083,-0.040635589724
0.049917795000,0.026260453104,0.001480563847,-0.071903647556
0.047290542700,0.026366775975,0.001638262547,-0.055320118972
0.044663290300,0.026342836303,0.001726350711,-0.013283090081
0.042036037900,0.026222390717,0.001743176668,0.004139194579
0.039408785500,0.026116721500,0.001822318897,0.006552630926
0.036781533200,0.026013618277,0.001756720943,0.004580930863
0.034154280800,0.025953209210,0.001661023679,0.058457158177
0.031527028400,0.025603749811,0.001480457339,0.192481395370
0.028899776100,0.024863993596,0.001355073558,0.240011713383
0.026272523700,0.024309028048,0.001290251013,0.236870316106
0.023645271300,0.023569541584,0.001234694607,0.245121562243
0.021018019000,0.022925341208,0.001071779020,0.159825127033
0.018390766600,0.022672838955,0.000951200822,0.052352880544
0.015763514200,0.022675600583,0.000856325082,-0.076609297388
0.013136261800,0.023056374439,0.000750520253,-0.157058072079
0.010509009500,0.023531829468,0.000666017256,-0.145210935545
0.007881757100,0.023880170940,0.000599579013,-0.135044241912
0.005254504700,0.024284185082,0.000560503706,-0.145647395828
0.002627252400,0.024642813855,0.000547050653,0.315796131625
0.000000000000,0.022674889065,0.000306495593,0.773794230612
