0.391460603250,0.034946060759,-0.000007655822,-0.459450042029
0.388833350880,0.036273702417,-0.000200730630,-0.129109411523
0.386206098510,0.035647695246,-0.000255283720,0.082330878856
0.383578846140,0.035780514930,-0.000123976280,-0.171820624248
0.380951593770,0.036527918279,0.000073357771,-0.105439897283
0.378324341400,0.036316964374,0.000208053882,0.116638238866
0.375697089030,0.035957278437,0.000604286969,0.196466089644
0.373069836660,0.035356450329,0.000984840292,0.016689969624
0.370442584290,0.035973054464,0.001270664379,-0.395140425584
0.367815331920,0.037517628249,0.001520935154,-0.363924015717
0.365188079550,0.037864905763,0.001817173058,-0.131487284197
0.362560827170,0.038147648037,0.002026421894,-0.096333617618
0.359933574800,0.038293969950,0.002190728235,0.015453640312
0.357306322430,0.037998267001,0.002260796827,-0.068157916838
0.354679070060,0.038526210123,0.002434336945,-0.173490043274
0.352051817690,0.038732262317,0.002365319274,-0.092051617077
0.349424565320,0.038835210906,0.002420023273,-0.041396753843
0.346797312950,0.038770685170,0.002619510588,0.014119585435
0.344170060580,0.038575950992,0.002742512295,0.042321412885
0.341542808210,0.038303645466,0.002745668252,0.054889716883
0.338915555840,0.038134390353,0.002725033895,0.078017602175
0.336288303460,0.037805988325,0.002782461342,0.111446322409
0.333661051090,0.037486584966,0.002832985573,0.064083253714
0.331033798720,0.037424072163,0.002785497650,0.052436211127
0.328406546350,0.037213408768,0.002752091778,0.091630846254
0.325779293980,0.036979372516,0.002689061567,0.074281492605
0.323152041610,0.036856206710,0.002786614958,0.095239602111
0.320524789240,0.036505931716,0.002850762944,0.155811185763
0.317897536870,0.036111006867,0.002939404659,0.139657529521
0.315270284500,0.035858015746,0.003138316130,0.118724553816
0.312643032100,0.035532498786,0.003194637891,0.093476672645
0.310015779800,0.035345443471,0.003218128544,0.052368425228
0.307388527400,0.035258310299,0.003186307739,0.055265250258
0.304761275000,0.035155881027,0.003155173826,0.052044947181
0.302134022600,0.035075429359,0.003294573748,0.026778653351
0.299506770300,0.035118652431,0.003244606911,-0.006991591884
0.296879517900,0.035166902052,0.003256968369,-0.019720975917
0.294252265500,0.035293780643,0.003210071714,-0.032082216324
0.291625013200,0.035460812978,0.003273336027,-0.022482127923
0.288997760800,0.035532924654,0.003249043450,0.024121697279
0.286370508400,0.035490701991,0.003107217147,0.078056539537
0.283743256000,0.035293972554,0.002995026150,0.137133385617
0.281116003700,0.035030293962,0.002859727703,0.139079444924
0.278488751300,0.034831897443,0.002831892697,0.051245466908
0.275861498900,0.034886680277,0.002744565762,0.021184125795
0.273234246600,0.034840679568,0.002802536479,0.012789598718
0.270606994200,0.034838382286,0.002722770214,-0.012713724877
0.267979741800,0.034962698231,0.002677907885,-0.064994889767
0.265352489400,0.035199952642,0.002797739078,-0.103122809078
0.262725237100,0.035481076724,0.002902372165,-0.098096518949
0.260097984700,0.035747837805,0.003039227572,-0.118801749003
0.257470732300,0.036136344103,0.003212444044,-0.125205809474
0.254843480000,0.036461114329,0.003464037320,-0.101510164567
0.252216227600,0.036680494278,0.003582921913,-0.081242418653
0.249588975200,0.036864839924,0.003645943751,-0.075288802569
0.246961722900,0.037038853538,0.003457716806,-0.041426774694
0.244334470500,0.037067251812,0.003309518063,-0.021270004376
0.241707218100,0.037196881548,0.003114951575,-0.059086167231
0.239079965700,0.037397644154,0.002722425738,-0.050062524179
0.236452713400,0.037420424516,0.002518346192,0.012864790687
0.233825461000,0.037259495371,0.002435746055,0.063559623033
0.231198208600,0.037010538560,0.002420164232,0.074379112919
0.228570956300,0.036733027162,0.002390946412,0.067236976533
0.225943703900,0.036429529734,0.002296103153,0.063180574090
0.223316451500,0.036145113638,0.002276254940,0.044489828410
0.220689199100,0.035985941901,0.002280693840,0.005826886430
0.218061946800,0.035948097991,0.002248744772,-0.035287215221
0.215434694400,0.036001384381,0.002163746990,-0.068525599489
0.212807442000,0.036137787902,0.002073042038,-0.112082325654
0.210180189700,0.036431777738,0.001967617811,-0.161405686147
0.207552937300,0.036846502580,0.001812871261,-0.179277048092
0.204925684900,0.037227933871,0.001766748923,-0.132467923436
0.202298432500,0.037445701598,0.001687391863,-0.056867572562
0.199671180200,0.037444474216,0.001566052150,0.018155869800
0.197043927800,0.037285847648,0.001563097201,0.051824027445
0.194416675400,0.037106434266,0.001648277806,0.031774331884
0.191789423100,0.037033171986,0.001722138346,-0.003014029288
0.189162170700,0.036963126879,0.001772885377,0.020987493439
0.186534918300,0.036772740931,0.001849430958,0.021389879609
0.183907666000,0.036719443451,0.002018638033,-0.000703260232
0.181280413600,0.036634457954,0.002251680086,0.026656805616
0.178653161200,0.036471447467,0.002437153745,0.022640230793
0.176025908800,0.036440943131,0.002682926489,-0.008331169712
0.173398656500,0.036476461996,0.002873962763,-0.002868519849
0.170771404100,0.036464621591,0.002938874907,-0.004620139108
0.168144151700,0.036506339379,0.002883648922,-0.025608820258
0.165516899400,0.036655577720,0.002759109286,-0.040805808526
0.162889647000,0.036765576547,0.002583380545,-0.020546796452
0.160262394600,0.036798171894,0.002326758586,-0.028077615168
0.157635142200,0.036931406363,0.002087118390,-0.087464454262
0.155007889900,0.037273208604,0.001930523407,-0.127141202557
0.152380637500,0.037621449956,0.001762343725,-0.087228920092
0.149753385100,0.037750948284,0.001660960510,-0.015396992117
0.147126132800,0.037708723593,0.001654935553,0.015373925891
0.144498880400,0.037750566390,0.001664362312,0.015094389771
0.141871628000,0.037737629513,0.001617381304,0.012756911479
0.139244375600,0.037700667875,0.001650725267,0.042510033233
0.136617123300,0.037554574355,0.001645109694,0.055656676934
0.133989870900,0.037422077500,0.001722966286,0.048504633853
0.131362618500,0.037224960243,0.001848139788,0.043344176597
0.128735366200,0.037085522281,0.002074198131,0.031092893482
0.126108113800,0.037023838876,0.002113067141,0.033371173181
0.123480861400,0.036937916691,0.002086602116,0.053635205491
0.120853609000,0.036773883718,0.002238801592,0.069602024770
0.118226356700,0.036631238299,0.002352070048,0.046925162064
0.115599104300,0.036536156789,0.002334413678,0.044255443952
0.112971851900,0.036387167929,0.002186158707,0.042229984274
0.110344599600,0.036297354178,0.002178065653,0.009698890845
0.107717347200,0.036345020264,0.002396366525,-0.028516010564
0.105090094800,0.036638351779,0.002597369198,-0.066307387173
0.102462842500,0.036888552681,0.002709235324,-0.075832605434
0.099835590100,0.037070132911,0.002731699604,-0.068365120037
0.097208337700,0.037280947579,0.002804379739,-0.017290713920
0.094581085300,0.037224341171,0.002980001961,0.017027903977
0.091953833000,0.037264941648,0.003120554286,0.040319409226
0.089326580600,0.037119456622,0.003241358234,0.083366969683
0.086699328200,0.036905967611,0.003402749762,0.076246432544
0.084072075900,0.036645460156,0.003503406011,0.076589110517
0.081444823500,0.036411442889,0.003500752483,0.063047396076
0.078817571100,0.036185313077,0.003319414522,0.042810409442
0.076190318700,0.036040258752,0.003332013763,0.030592155628
0.073563066400,0.035961905586,0.003491264979,-0.007601183410
0.070935814000,0.036035220474,0.003659930277,-0.016897119792
0.068308561600,0.036036654787,0.003822929525,0.002552227008
0.065681309300,0.035971490441,0.003694467151,0.031927198000
0.063054056900,0.035810026564,0.003666038617,0.081472290395
0.060426804500,0.035449645805,0.003545815144,0.128849665002
0.057799552100,0.035020312838,0.003338767114,0.147892482011
0.055172299800,0.034572414519,0.003102982562,0.113724203191
0.052545047400,0.034348183483,0.003006680316,0.093604217705
0.049917795000,0.034064255594,0.002854076571,0.095714960549
0.047290542700,0.033913227179,0.002660225588,0.027688391263
0.044663290300,0.033892851523,0.002579856771,0.035597759043
0.042036037900,0.033692539769,0.002517800389,0.082014190335
0.039408785500,0.033469630246,0.002459462728,0.049514115708
0.036781533200,0.033365377858,0.002245556872,0.092062345582
0.034154280800,0.032984378341,0.002213772950,0.110987177734
0.031527028400,0.032720091817,0.002072909459,0.100391813318
0.028899776100,0.032369353659,0.001807345830,0.137827331346
0.026272523700,0.031896877126,0.001701506956,0.162236623330
0.023645271300,0.031452153344,0.001543913362,0.172261241072
0.021018019000,0.030952216776,0.001222548094,0.145943386484
0.018390766600,0.030618906579,0.001124772792,0.077522403067
0.015763514200,0.030470780844,0.001067072139,-0.001490071635
0.013136261800,0.030512238489,0.001038144177,-0.056373172451
0.010509009500,0.030640534707,0.001019621510,-0.087384464310
0.007881757100,0.030889557878,0.000907731032,-0.130852698294
0.005254504700,0.031283028806,0.000795344218,-0.135868175519
0.002627252400,0.031507360292,0.000650478971,0.375568645062
0.000000000000,0.029272893978,0.000331225795,0.856858808852
