0.391460603250,-0.052285787213,-0.000304903323,0.259911428638
0.388833350880,-0.053074111348,0.000072904983,0.016447143596
0.386206098510,-0.052519527564,-0.000017584603,-0.217383409711
0.383578846140,-0.052051710567,0.000143875120,-0.145310237636
0.380951593770,-0.051906305264,0.000399000566,0.048958789015
0.378324341400,-0.052376784508,0.000630354253,0.000825910407
0.375697089030,-0.051928729756,0.000838621517,0.054792317741
0.373069836660,-0.052651875342,0.000981135630,0.403243496806
0.370442584290,-0.053972194720,0.001014165950,0.287023961069
0.367815331920,-0.054102308619,0.001090231158,-0.040515913888
0.365188079550,-0.053731966892,0.001010863909,-0.045955598526
0.362560827170,-0.053781604078,0.001086877564,-0.028279292905
0.359933574800,-0.053527013196,0.001216905251,-0.353927849107
0.357306322430,-0.051839138341,0.001538154133,-0.062006708745
0.354679070060,-0.053217083799,0.001255429138,0.185842967307
0.352051817690,-0.052917988104,0.001390456364,-0.139787637373
0.349424565320,-0.052565255687,0.001334326874,-0.111945113810
0.346797312950,-0.052353394798,0.001346738926,-0.082405518302
0.344170060580,-0.052190995300,0.001412831589,-0.049910852310
0.341542808210,-0.052139025743,0.001318033539,-0.037453485454
0.338915555840,-0.052113795683,0.001413584139,-0.036593116648
0.336288303460,-0.052057652049,0.001554908127,-0.041306394648
0.333661051090,-0.052025374686,0.001686312657,-0.001244863810
0.331033798720,-0.052125267174,0.001781816008,0.036296601018
0.328406546350,-0.052331199639,0.002014401347,0.067629853349
0.325779293980,-0.052574480590,0.002181309659,0.087920106006
0.323152041610,-0.052888065399,0.002176120106,0.094682009328
0.320524789240,-0.053150664287,0.002360659742,0.085432411703
0.317897536870,-0.053334141763,0.002404654732,0.041159851795
0.315270284500,-0.053413815394,0.002364125891,0.028762132569
0.312643032100,-0.053508456834,0.002290527948,0.031894602855
0.310015779800,-0.053567808559,0.002192190527,0.013772516759
0.307388527400,-0.053574393012,0.002190001200,0.009466623493
0.304761275000,-0.053706589733,0.002130352203,0.031149110733
0.302134022600,-0.053778151810,0.002115382084,0.021048385204
0.299506770300,-0.053860210304,0.002028956550,0.079271638357
0.296879517900,-0.054163528218,0.001905102161,0.099342870543
0.294252265500,-0.054358916540,0.001955117009,0.056452459938
0.291625013200,-0.054438481874,0.001897279282,0.028734931866
0.288997760800,-0.054436680438,0.001714524315,-0.003279437252
0.286370508400,-0.054394339440,0.001584499247,-0.032428849299
0.283743256000,-0.054272668798,0.001499351674,-0.067027739504
0.281116003700,-0.054126841236,0.001341027504,-0.082672542470
0.278488751300,-0.053884325117,0.001258356667,-0.121434566448
0.275861498900,-0.053557187010,0.001318459286,-0.124759777353
0.273234246600,-0.053328066855,0.001344255586,-0.086172091798
0.270606994200,-0.053236099387,0.001313308310,-0.045652783418
0.267979741800,-0.053211495172,0.001306318568,-0.020867756972
0.265352489400,-0.053254463066,0.001283149545,-0.027221720848
0.262725237100,-0.053166228221,0.001341806859,-0.075540567182
0.260097984700,-0.052936271338,0.001365094264,-0.068176126385
0.257470732300,-0.052834081665,0.001289331846,-0.037513975530
0.254843480000,-0.052804493589,0.001344237232,-0.024563604863
0.252216227600,-0.052827739141,0.001391375815,0.008299482070
0.249588975200,-0.052978408195,0.001411681705,0.061318660924
0.246961722900,-0.053264838230,0.001314906140,0.125852572290
0.244334470500,-0.053658065752,0.001169802094,0.145592715097
0.241707218100,-0.054057439445,0.001209535656,0.139473930479
0.239079965700,-0.054414608110,0.001190042434,0.127086478860
0.236452713400,-0.054669045727,0.001164796453,0.120811465941
0.233825461000,-0.054967621941,0.001152962664,0.113760208037
0.231198208600,-0.055197638020,0.001223765804,0.105556524547
0.228570956300,-0.055454155174,0.001204696813,0.106428362254
0.225943703900,-0.055660984878,0.001184632750,0.060449618293
0.223316451500,-0.055679167389,0.001190743317,0.022005789981
0.220689199100,-0.055682624894,0.001246338136,0.008613893258
0.218061946800,-0.055725109421,0.001323833616,0.006882599674
0.215434694400,-0.055748277233,0.001322025284,0.014905339464
0.212807442000,-0.055795543011,0.001377905455,0.038679391179
0.210180189700,-0.055979310204,0.001452424551,0.076416866465
0.207552937300,-0.056224417602,0.001443055246,0.103306000649
0.204925684900,-0.056563127967,0.001412606489,0.106576695870
0.202298432500,-0.056829795078,0.001441418222,0.085673868480
0.199671180200,-0.057112945605,0.001421298138,0.077134403446
0.197043927800,-0.057311041232,0.001461494759,0.041211215049
0.194416675400,-0.057408544179,0.001547925451,0.023275498532
0.191789423100,-0.057509740223,0.001555409901,-0.001518118574
0.189162170700,-0.057433977641,0.001589033347,-0.037704257139
0.186534918300,-0.057325067775,0.001611890281,-0.032698222141
0.183907666000,-0.057278903642,0.001583396976,-0.033417931101
0.181280413600,-0.057150695048,0.001688695587,-0.034682607081
0.178653161200,-0.057045713340,0.001763401554,-0.019168764615
0.176025908800,-0.057004648508,0.001835102440,-0.026475404297
0.173398656500,-0.056904957842,0.001888031306,-0.028787032854
0.170771404100,-0.056840268007,0.001946701688,-0.019655106443
0.168144151700,-0.056812848143,0.002030288013,-0.022742467473
0.165516899400,-0.056757422730,0.002115662040,-0.017064141400
0.162889647000,-0.056742030211,0.002163025916,-0.004771724306
0.160262394600,-0.056747157916,0.002218025569,0.020700140971
0.157635142200,-0.056784773315,0.002329606640,0.042049837627
0.155007889900,-0.056921422084,0.002368941329,0.062089860633
0.152380637500,-0.057096821125,0.002342010637,0.046112758934
0.149753385100,-0.057204875414,0.002336900486,0.014703160471
0.147126132800,-0.057267206585,0.002409760012,0.021114623608
0.144498880400,-0.057395013873,0.002379167309,0.023341242516
0.141871628000,-0.057460042314,0.002334773696,-0.007825302036
0.139244375600,-0.057431085426,0.002444876109,-0.043336503477
0.136617123300,-0.057327531651,0.002547539072,-0.066546183752
0.133989870900,-0.057187788439,0.002501016536,-0.124549273965
0.131362618500,-0.056801797828,0.002389237196,-0.194046464005
0.128735366200,-0.056301763412,0.002400757671,-0.225249573274
0.126108113800,-0.055744637474,0.002315409812,-0.250911838162
0.123480861400,-0.055140009254,0.002261556661,-0.207193130834
0.120853609000,-0.054776649649,0.002250772721,-0.118215563696
0.118226356700,-0.054597335414,0.002212551695,-0.073187088257
0.115599104300,-0.054509961824,0.002169412934,-0.045140725262
0.112971851900,-0.054443452499,0.002134330127,-0.049864289546
0.110344599600,-0.054384390076,0.002112985790,-0.030485869543
0.107717347200,-0.054389229418,0.002184062163,0.027621564507
0.105090094800,-0.054564282316,0.002278999692,0.103588217401
0.102462842500,-0.054954340394,0.002287967361,0.161797995477
0.099835590100,-0.055441318397,0.002236043664,0.174396937086
0.097208337700,-0.055926023325,0.002200754962,0.173677286729
0.094581085300,-0.056386144997,0.002151639097,0.144648378784
0.091953833000,-0.056773638910,0.002087834314,0.125167684349
0.089326580600,-0.057087611324,0.002200301477,0.126382281845
0.086699328200,-0.057447893670,0.002140003642,0.143374199940
0.084072075900,-0.057817957883,0.002141199857,0.132452363063
0.081444823500,-0.058117593347,0.002280665463,0.091049254857
0.078817571100,-0.058305175072,0.002286842742,0.059104359744
0.076190318700,-0.058354069586,0.002200679311,0.053230309080
0.073563066400,-0.058513666002,0.002392146947,0.028124980117
0.070935814000,-0.058428130197,0.002344787964,-0.056261792138
0.068308561600,-0.058203887941,0.002145951585,-0.074859981549
0.065681309300,-0.058011670092,0.002092164824,-0.094230378618
0.063054056900,-0.057705741365,0.002022239634,-0.083618954760
0.060426804500,-0.057585425513,0.002012406747,-0.020073110082
0.057799552100,-0.057670015788,0.001974280268,0.040273752377
0.055172299800,-0.057887102429,0.001952225690,0.082944283114
0.052545047400,-0.058229114200,0.001977696964,0.098166274275
0.049917795000,-0.058591979462,0.001961360999,0.112340112482
0.047290542700,-0.058992392034,0.001913870636,0.122299024723
0.044663290300,-0.059406150853,0.001801168456,0.129417889269
0.042036037900,-0.059929832787,0.001768462429,0.107564950889
0.039408785500,-0.060210043931,0.001608541601,0.076460195824
0.036781533200,-0.060489687813,0.001609902535,0.114332002700
0.034154280800,-0.060908297276,0.001506614638,0.102362191382
0.031527028400,-0.061107568979,0.001499378160,0.051716289098
0.028899776100,-0.061286295224,0.001433640345,0.032100562650
0.026272523700,-0.061376257732,0.001522422932,-0.026448781946
0.023645271300,-0.061227901338,0.001639689251,-0.355554722998
0.021018019000,-0.059581014375,0.001589954816,-0.013085029124
0.018390766600,-0.061102941535,0.001516824395,0.274542111509
0.015763514200,-0.061078002316,0.001430078508,-0.001934018582
0.013136261800,-0.061163744915,0.001450670253,0.012014294176
0.010509009500,-0.061222054351,0.001431361240,-0.039379185451
0.007881757100,-0.061039261336,0.001289429517,-0.081623171982
0.005254504700,-0.060798101160,0.001015244107,-0.208822067150
0.002627252400,-0.059862757148,0.000696273009,-1.461952618769
0.000000000000,-0.053054583217,0.000472873914,-2.610616853603
