0.391460603250,-0.053042831953,-0.000188870651,-0.201527245177
0.388833350880,-0.052459506835,-0.000282030413,0.211639973037
0.386206098510,-0.054044140732,-0.000408789123,0.365537404522
0.383578846140,-0.054272662521,-0.000268874053,-0.004183075220
0.380951593770,-0.053824352362,-0.000062683589,-0.081256191334
0.378324341400,-0.053692053905,0.000213302400,-0.091213820011
0.375697089030,-0.053293846558,0.000536530474,0.193368700523
0.373069836660,-0.054762177719,0.000750110019,0.555899889873
0.370442584290,-0.056340567834,0.000996785146,0.303644056552
0.367815331920,-0.056548155096,0.001199823275,0.038768043074
0.365188079550,-0.056604556767,0.001271058415,-0.044688085029
0.362560827170,-0.056396812199,0.001282099721,-0.086779464231
0.359933574800,-0.056241193326,0.001498629398,-0.060548622393
0.357306322430,-0.056198941513,0.001558898679,-0.023627014133
0.354679070060,-0.056243412431,0.001640144667,-0.002721791325
0.352051817690,-0.056191916084,0.001735702454,-0.015198049279
0.349424565320,-0.056152038387,0.001763016041,-0.066979069362
0.346797312950,-0.056017569912,0.001662811478,-0.166112501577
0.344170060580,-0.055765874202,0.001842798669,-0.079980512035
0.341542808210,-0.055636138805,0.002058039900,-0.031908013033
0.338915555840,-0.055612362582,0.002145184588,0.018637249013
0.336288303460,-0.055695241580,0.002272276005,0.044145633191
0.333661051090,-0.055844165729,0.002362769006,0.090856451654
0.331033798720,-0.056161295133,0.002380106425,0.136803009166
0.328406546350,-0.056580597418,0.002525456115,0.123934144772
0.325779293980,-0.056875903264,0.002619469570,0.105198450409
0.323152041610,-0.057172694716,0.002683976977,0.093378068402
0.320524789240,-0.057418813229,0.002663436479,0.066534497112
0.317897536870,-0.057563181334,0.002634853216,0.053599603014
0.315270284500,-0.057762646713,0.002705783035,0.054640449024
0.312643032100,-0.057933690862,0.002701120205,0.045211791215
0.310015779800,-0.058073243808,0.002710524673,0.013669018962
0.307388527400,-0.058054459475,0.002720088629,-0.060098323440
0.304761275000,-0.057853528554,0.002723653231,-0.075991809238
0.302134022600,-0.057740102890,0.002802506481,-0.035515294675
0.299506770300,-0.057729608202,0.002802398555,-0.026663059313
0.296879517900,-0.057684060913,0.002826972511,-0.012661962960
0.294252265500,-0.057696371730,0.002889954429,0.002549753030
0.291625013200,-0.057688594513,0.002879742019,-0.040270528454
0.288997760800,-0.057490006545,0.002952472813,-0.027999791821
0.286370508400,-0.057522669471,0.002930167001,0.014414781054
0.283743256000,-0.057509447211,0.002829303889,0.011626051871
0.281116003700,-0.057495647173,0.002897971611,0.008267730052
0.278488751300,-0.057546038635,0.002989141726,0.023161903244
0.275861498900,-0.057654227229,0.003021163151,0.009510695877
0.273234246600,-0.057683442357,0.003166690838,-0.018818703252
0.270606994200,-0.057623772026,0.003334870468,-0.049965306461
0.267979741800,-0.057501652548,0.003496761280,-0.065707773951
0.265352489400,-0.057391179855,0.003516721643,-0.052036464073
0.262725237100,-0.057447874168,0.003460069929,-0.035929589501
0.260097984700,-0.057484870518,0.003390522234,-0.056155994311
0.257470732300,-0.057435778696,0.003123696785,-0.066915614366
0.254843480000,-0.057438947348,0.002916323233,-0.059939084058
0.252216227600,-0.057442863087,0.002778158017,-0.080655369527
0.249588975200,-0.057276926384,0.002631569436,-0.090518743645
0.246961722900,-0.057150095948,0.002519111143,-0.050715137874
0.244334470500,-0.057200707213,0.002399714485,-0.017755382910
0.241707218100,-0.057237534612,0.002247387169,0.006681491553
0.239079965700,-0.057427818873,0.002181930511,0.057450307433
0.236452713400,-0.057677468919,0.002249595770,0.066829100257
0.233825461000,-0.057951423820,0.002226095158,0.078846760036
0.231198208600,-0.058231602258,0.002190732176,0.057018721588
0.228570956300,-0.058351320747,0.002158784168,0.026350134973
0.225943703900,-0.058451832965,0.002089979910,0.009653205205
0.223316451500,-0.058512510805,0.002052904313,0.001426548513
0.220689199100,-0.058526892189,0.001995022272,-0.005415644691
0.218061946800,-0.058453803018,0.001965260056,-0.040139590458
0.215434694400,-0.058369687167,0.002096837192,-0.028516174973
0.212807442000,-0.058337337543,0.002130248297,-0.004552867327
0.210180189700,-0.058258310587,0.002141160838,-0.029760897178
0.207552937300,-0.058189232706,0.002337929072,-0.022163034009
0.204925684900,-0.058181996662,0.002352915786,0.007176096789
0.202298432500,-0.058228653686,0.002322852345,-0.001738287734
0.199671180200,-0.058183679477,0.002406177340,-0.025534082941
0.197043927800,-0.058074439397,0.002434507292,-0.031523690587
0.194416675400,-0.058048127216,0.002445443766,-0.009685192836
0.191789423100,-0.058141458911,0.002446995451,0.051648532485
0.189162170700,-0.058364620357,0.002374973487,0.072938752743
0.186534918300,-0.058528467613,0.002308805665,0.044315363052
0.183907666000,-0.058587808594,0.002319102853,0.019153520793
0.181280413600,-0.058611429890,0.002376538907,-0.006812666730
0.178653161200,-0.058542351319,0.002482225809,-0.038836446234
0.176025908800,-0.058443027210,0.002500753472,-0.072286528378
0.173398656500,-0.058212806776,0.002447665165,-0.106288157884
0.170771404100,-0.057939002073,0.002409910332,-0.106998554221
0.168144151700,-0.057695904370,0.002414663046,-0.111430579172
0.165516899400,-0.057390246459,0.002312073063,-0.133421024463
0.162889647000,-0.057068783377,0.002278917246,-0.147760726228
0.160262394600,-0.056701374267,0.002338983135,-0.123867552945
0.157635142200,-0.056495062902,0.002373172185,-0.045579230155
0.155007889900,-0.056476238080,0.002354834993,0.009874042772
0.152380637500,-0.056526347908,0.002284602080,0.065584331880
0.149753385100,-0.056783000636,0.002125411689,0.121030633904
0.147126132800,-0.057093007695,0.001940857710,0.104512667447
0.144498880400,-0.057280535287,0.001902924658,0.099945622312
0.141871628000,-0.057557867780,0.001901541829,0.108049844577
0.139244375600,-0.057873597895,0.001926575473,0.096644452939
0.136617123300,-0.058122795988,0.001900088744,0.077191446341
0.133989870900,-0.058327362876,0.001997213496,0.073704805760
0.131362618500,-0.058559731124,0.002040878341,0.104317934447
0.128735366200,-0.058906396544,0.002167159642,0.137786377137
0.126108113800,-0.059367829133,0.002445583250,0.124006856312
0.123480861400,-0.059570067980,0.002735663357,0.053957142721
0.120853609000,-0.059666802097,0.002974620872,0.051707070906
0.118226356700,-0.059828619722,0.003227781358,0.060699093243
0.115599104300,-0.059965251377,0.003440733601,0.033878409970
0.112971851900,-0.059986997552,0.003502163950,-0.039410344487
0.110344599600,-0.059774662175,0.003714834274,-0.103914575861
0.107717347200,-0.059458367649,0.003713027495,-0.068905195102
0.105090094800,-0.059358535505,0.003810974516,0.018124500310
0.102462842500,-0.059439628332,0.003956223405,0.016876579378
0.099835590100,-0.059443337350,0.004135929690,-0.015902360182
0.097208337700,-0.059366089701,0.004325028819,0.014909259743
0.094581085300,-0.059527630192,0.004397134636,0.050627226485
0.091953833000,-0.059665281844,0.004475454516,0.057939011625
0.089326580600,-0.059802526573,0.004664262691,0.059035153170
0.086699328200,-0.060010145949,0.004769501467,0.072549747370
0.084072075900,-0.060266985874,0.004845129788,0.060539702844
0.081444823500,-0.060391391364,0.004910001541,0.043596889485
0.078817571100,-0.060544448826,0.005064182924,0.023164798877
0.076190318700,-0.060628439670,0.005143835786,-0.008551377178
0.073563066400,-0.060677851163,0.005097400852,-0.002869812437
0.070935814000,-0.060780578884,0.004968095769,-0.001911044523
0.068308561600,-0.060780288860,0.004927195060,0.004080787219
0.065681309300,-0.060930070331,0.004849484564,0.045285768394
0.063054056900,-0.061076503026,0.004661720148,0.019411154067
0.060426804500,-0.061061199625,0.004553447440,-0.013416107094
0.057799552100,-0.061037785092,0.004665090905,-0.015718969170
0.055172299800,-0.061056020697,0.004530017355,-0.003747190989
0.052545047400,-0.061076962552,0.004361599929,-0.008137713080
0.049917795000,-0.061040795507,0.004383438529,0.020182932869
0.047290542700,-0.061228303216,0.004342165561,0.079714893436
0.044663290300,-0.061497861552,0.004251457320,0.082651182462
0.042036037900,-0.061642191188,0.004200822126,0.074553794903
0.039408785500,-0.061838657853,0.003921257824,0.111781606332
0.036781533200,-0.062200787040,0.003661765474,0.183010320446
0.034154280800,-0.062772405250,0.003570932447,0.242804134319
0.031527028400,-0.063433848468,0.003373676043,0.268639694739
0.028899776100,-0.064237605972,0.003150070550,0.235864302454
0.026272523700,-0.064698651250,0.003011134222,0.117120853775
0.023645271300,-0.064914653689,0.002697005244,0.062618836587
0.021018019000,-0.065220247384,0.002532676696,0.057517504202
0.018390766600,-0.065313574030,0.002342437483,0.021602785402
0.015763514200,-0.065361752516,0.002290210165,0.036798417770
0.013136261800,-0.065390669628,0.002045787465,-0.025781154252
0.010509009500,-0.065174323500,0.001725881404,-0.116581286441
0.007881757100,-0.064732539958,0.001714806382,-0.173551326932
0.005254504700,-0.064166144425,0.001665341623,-0.172252695053
0.002627252400,-0.063783611767,0.001647620459,-0.463290898769
0.000000000000,-0.061723710428,0.001384716409,-0.799631476652
