0.391460603250,-0.054756149392,-0.000617225535,0.717822427454
0.388833350880,-0.056790159861,-0.000552919953,0.380191419629
0.386206098510,-0.056950065750,-0.000434312046,0.141622359009
0.383578846140,-0.057647331227,-0.000158603966,0.197028344855
0.380951593770,-0.058021008594,0.000000726671,0.123073727379
0.378324341400,-0.058277476481,0.000227866991,0.089704300243
0.375697089030,-0.058427524570,0.000622957153,0.030167702656
0.373069836660,-0.058405774588,0.000834439427,0.060322887472
0.370442584290,-0.058709166064,0.001009881460,-0.013219439795
0.367815331920,-0.058291242472,0.001053385267,-0.185451763109
0.365188079550,-0.057699115737,0.001117122701,-0.178544080551
0.362560827170,-0.057306215581,0.001165057605,-0.115811768175
0.359933574800,-0.057055009908,0.001272504616,-0.061930553077
0.357306322430,-0.056728166125,0.001537386621,-0.052904552004
0.354679070060,-0.056575240921,0.001784574081,-0.025152582482
0.352051817690,-0.056503103520,0.001964201462,-0.021616982141
0.349424565320,-0.056461640189,0.002080952453,0.018772165003
0.346797312950,-0.056549546018,0.002088144529,0.060785362507
0.344170060580,-0.056660867128,0.002119617555,0.048023928294
0.341542808210,-0.056777774625,0.002468676457,0.068496315469
0.338915555840,-0.056884208042,0.002516269193,0.039832778422
0.336288303460,-0.057048078158,0.002646143419,0.032868473291
0.333661051090,-0.057103588472,0.002788006236,0.023883174658
0.331033798720,-0.057179812917,0.002837148537,0.026486248226
0.328406546350,-0.057322336843,0.002868115574,0.062098520158
0.325779293980,-0.057463555174,0.002874954870,0.071561355687
0.323152041610,-0.057672978168,0.002892966653,0.054066175596
0.320524789240,-0.057807489758,0.003047179758,0.032043764568
0.317897536870,-0.057953412160,0.003257334205,0.065286476653
0.315270284500,-0.058237915281,0.003294910677,0.157726282347
0.312643032100,-0.058685724929,0.003249185274,0.159545438174
0.310015779800,-0.059028920511,0.003156012826,0.110781693151
0.307388527400,-0.059245158924,0.003140775523,0.096545545978
0.304761275000,-0.059513410141,0.003166679212,0.080871375558
0.302134022600,-0.059686371123,0.003252757357,0.067511028078
0.299506770300,-0.059821314400,0.003191729945,0.073602373913
0.296879517900,-0.059967136299,0.003181035498,0.051551646654
0.294252265500,-0.060030503081,0.003277060710,0.036399792835
0.291625013200,-0.060063211781,0.003268389309,0.029087144387
0.288997760800,-0.060058861209,0.003353811636,-0.011481898637
0.286370508400,-0.059891817008,0.003418006632,-0.041309347829
0.283743256000,-0.059824765044,0.003469775848,-0.036566320580
0.281116003700,-0.059726479644,0.003381805920,-0.022881835634
0.278488751300,-0.059653990837,0.003219790603,-0.001443348937
0.275861498900,-0.059677980584,0.003160085263,-0.006255078733
0.273234246600,-0.059587510717,0.003062713522,-0.015057713260
0.270606994200,-0.059559153439,0.002935127029,-0.002166925366
0.267979741800,-0.059570742233,0.002786655311,-0.017153646936
0.265352489400,-0.059460153323,0.002695064004,-0.042571988842
0.262725237100,-0.059342039525,0.002699073000,-0.021322549321
0.260097984700,-0.059323253140,0.002842539446,-0.008442640681
0.257470732300,-0.059268157911,0.003011516481,-0.035802617621
0.254843480000,-0.059120334562,0.003171524582,-0.034918446710
0.252216227600,-0.059120591237,0.003336624788,0.022543899680
0.249588975200,-0.059197041691,0.003417737004,0.028375793818
0.246961722900,-0.059141243024,0.003546799836,0.005286016599
0.244334470500,-0.059141960518,0.003635799201,0.022510139871
0.241707218100,-0.059163735207,0.003467315579,0.007096921797
0.239079965700,-0.059127755090,0.003155539513,-0.026005931118
0.236452713400,-0.059038490421,0.002864232082,-0.034477908802
0.233825461000,-0.059016315660,0.002592883017,-0.026709185343
0.231198208600,-0.059057976201,0.002297198153,0.026150568931
0.228570956300,-0.059238947830,0.002241468047,0.069928156595
0.225943703900,-0.059471951635,0.002172115120,0.124138665831
0.223316451500,-0.059891377656,0.002100679632,0.134128473177
0.220689199100,-0.060159851751,0.002016192222,0.102164856167
0.218061946800,-0.060383449344,0.002014802520,0.053874647903
0.215434694400,-0.060374518965,0.002003596447,-0.023231121391
0.212807442000,-0.060224851377,0.001986981450,-0.053151768332
0.210180189700,-0.060133655005,0.001874076418,-0.072220841403
0.207552937300,-0.059900168307,0.001809945082,-0.112986895212
0.204925684900,-0.059561378697,0.001790499872,-0.123381401148
0.202298432500,-0.059247379772,0.001616789024,-0.078279649432
0.199671180200,-0.059151797218,0.001562618704,-0.014289672054
0.197043927800,-0.059197799834,0.001576839089,0.018902433865
0.194416675400,-0.059311148799,0.001665271137,0.032770433326
0.191789423100,-0.059458389186,0.001750324123,0.045921035975
0.189162170700,-0.059623831550,0.001884724132,0.075535197821
0.186534918300,-0.059866069723,0.002109916780,0.094840326921
0.183907666000,-0.060104962734,0.002314762930,0.062869740297
0.181280413600,-0.060220228760,0.002490472527,0.046908382553
0.178653161200,-0.060364477056,0.002563137211,0.031832693268
0.176025908800,-0.060408102648,0.002632486335,-0.010586645767
0.173398656500,-0.060360730905,0.002766191552,-0.029210008159
0.170771404100,-0.060283581324,0.002819794283,-0.033464832291
0.168144151700,-0.060266949026,0.002975350406,-0.037118103821
0.165516899400,-0.060199661310,0.002979225021,-0.072210033867
0.162889647000,-0.060022772959,0.003037917045,-0.079301161711
0.160262394600,-0.059870701656,0.003083010250,-0.080575516904
0.157635142200,-0.059645441678,0.003069859196,-0.102898157534
0.155007889900,-0.059375490727,0.002912980020,-0.097674996691
0.152380637500,-0.059153293805,0.002687275303,-0.100935653841
0.149753385100,-0.058863051691,0.002605879713,-0.112755103334
0.147126132800,-0.058604949620,0.002635828752,-0.097266278176
0.144498880400,-0.058383160323,0.002553834032,-0.071037202388
0.141871628000,-0.058295794494,0.002434783263,-0.035540726616
0.139244375600,-0.058272056763,0.002343667714,0.010186375854
0.136617123300,-0.058439389284,0.002224247837,0.046209217627
0.133989870900,-0.058612647148,0.002275312241,0.054949084977
0.131362618500,-0.058810506948,0.002347612091,0.063040983953
0.128735366200,-0.059042025646,0.002453821217,0.090512573255
0.126108113800,-0.059378797126,0.002548624065,0.137808399837
0.123480861400,-0.059830131814,0.002650444109,0.121278110952
0.120853609000,-0.060106832513,0.002740996283,0.077759742520
0.118226356700,-0.060336653398,0.002894253447,0.071893583008
0.115599104300,-0.060589317104,0.002974871652,0.106049923565
0.112971851900,-0.060988313117,0.003166433445,0.091311451434
0.110344599600,-0.061251227055,0.003303893849,0.030110229456
0.107717347200,-0.061282167674,0.003438119709,-0.021625334418
0.105090094800,-0.061221997019,0.003527289393,-0.037043693869
0.102462842500,-0.061178839684,0.003595057512,-0.063976494296
0.099835590100,-0.060957589424,0.003668421219,-0.102152149038
0.097208337700,-0.060701380004,0.003745815234,-0.078777314039
0.094581085300,-0.060617265522,0.003723626568,-0.046910228872
0.091953833000,-0.060501147067,0.003843552675,-0.035725014154
0.089326580600,-0.060457452432,0.004027045000,0.017065516523
0.086699328200,-0.060615700382,0.004191836443,0.030141202765
0.084072075900,-0.060722268565,0.004449414290,0.029323698616
0.081444823500,-0.060849596336,0.004669728333,0.045019687053
0.078817571100,-0.060985861603,0.004680808868,0.049520504614
0.076190318700,-0.061144587182,0.004818676121,0.073435325461
0.073563066400,-0.061357160478,0.004815596921,0.080029061743
0.070935814000,-0.061542493901,0.004676544664,0.050160332166
0.068308561600,-0.061630882693,0.004749751076,0.018036194652
0.065681309300,-0.061553263358,0.004728513816,0.024448067376
0.063054056900,-0.061676246874,0.004825351592,0.072907490831
0.060426804500,-0.061925808523,0.004784337135,0.098343022047
0.057799552100,-0.062157571970,0.004829558898,0.119011533322
0.055172299800,-0.062506722023,0.004771835847,0.144391451505
0.052545047400,-0.062789560468,0.004742671856,0.090193040794
0.049917795000,-0.062871122611,0.004581596570,0.014831910671
0.047290542700,-0.062797644115,0.004500426681,0.001015938604
0.044663290300,-0.062834118302,0.004322740128,0.034516500726
0.042036037900,-0.062879315510,0.004173697099,0.029186216104
0.039408785500,-0.062816914064,0.004187355025,0.054141559980
0.036781533200,-0.063056612568,0.004094732955,0.095897222922
0.034154280800,-0.063186957733,0.004019416978,0.095489758001
0.031527028400,-0.063423827549,0.003923404520,0.132720981908
0.028899776100,-0.063791930970,0.003832712904,0.158585619656
0.026272523700,-0.064175941373,0.003604695709,0.140162248555
0.023645271300,-0.064433922150,0.003344686422,0.139695575427
0.021018019000,-0.064824071480,0.002999094395,0.234475770728
0.018390766600,-0.065586194096,0.002755145512,0.288518295390
0.015763514200,-0.066260535286,0.002475473364,0.203334041483
0.013136261800,-0.066623719135,0.002118237969,0.122701177487
0.010509009500,-0.066881593807,0.001933983541,0.009286231825
0.007881757100,-0.066621916094,0.001727858244,-0.151987792573
0.005254504700,-0.066071841316,0.001570149183,-0.214140402106
0.002627252400,-0.065447823075,0.001346747970,-0.815872101308
0.000000000000,-0.061720028859,0.001328321567,-1.407038723782
