0.391460603250,0.039304883551,0.000196150585,-0.677574273371
0.388833350880,0.041124972500,-0.000260474666,-0.135991238028
0.386206098510,0.040045359232,-0.000627736806,0.268644614679
0.383578846140,0.039831045363,-0.000687889902,0.132842717149
0.380951593770,0.039479991166,-0.000698159176,-0.113996486991
0.378324341400,0.040598739536,-0.000456612186,-0.076854095039
0.375697089030,0.039985869256,-0.000304347224,0.259579663387
0.373069836660,0.039371559325,-0.000049994886,0.126947920122
0.370442584290,0.039394923192,0.000266563114,-0.023428520009
0.367815331920,0.039548395596,0.000503228781,-0.385364471167
0.365188079550,0.041265961047,0.000969840852,-0.548256818371
0.362560827170,0.042342846361,0.001347206695,-0.389434633754
0.359933574800,0.043278590887,0.001683570215,-0.201015238832
0.357306322430,0.043346969725,0.001971419732,0.048367108900
0.354679070060,0.042953106227,0.002215791627,0.060657776772
0.352051817690,0.042981720693,0.002342594514,-0.435117669493
0.349424565320,0.045187751310,0.002673172421,-0.507619419603
0.346797312950,0.045589041250,0.002736081981,-0.100343165187
0.344170060580,0.045710630283,0.002733949468,-0.011775065420
0.341542808210,0.045627263327,0.002665190774,0.051434555557
0.338915555840,0.045414413414,0.002758306971,0.073867108191
0.336288303460,0.045257943491,0.002687727212,0.065383601458
0.333661051090,0.045056829784,0.002720133549,0.080248062827
0.331033798720,0.044808451006,0.002813175474,0.082896695275
0.328406546350,0.044644379624,0.002802781459,0.060472265399
0.325779293980,0.044530425328,0.002645625348,0.042142070272
0.323152041610,0.044433629689,0.002623510760,0.054213655845
0.320524789240,0.044310482177,0.002558318642,0.065653300387
0.317897536870,0.044214259948,0.002551030885,0.060141248937
0.315270284500,0.044185624251,0.002555242296,0.071990643211
0.312643032100,0.044003114535,0.002709440285,0.066074957627
0.310015779800,0.043887392932,0.002798706438,0.017716369772
0.307388527400,0.043917215019,0.002732366215,0.006907986301
0.304761275000,0.043825973515,0.002719655919,0.065959854608
0.302134022600,0.043566929611,0.002737606457,0.132556402218
0.299506770300,0.043186555866,0.002684640295,0.101111945356
0.296879517900,0.043068967334,0.002622063814,0.050218534656
0.294252265500,0.042923921209,0.002523083705,0.061153670956
0.291625013200,0.042731907514,0.002457922448,0.061978176973
0.288997760800,0.042596658722,0.002338895402,0.008753155160
0.286370508400,0.042616651977,0.002296260417,-0.036573425889
0.283743256000,0.042702319502,0.002295962054,-0.035112632945
0.281116003700,0.042687486514,0.002375185518,-0.004190621486
0.278488751300,0.042618051183,0.002423224082,0.003932792322
0.275861498900,0.042564024678,0.002427489089,0.022725388921
0.273234246600,0.042390076618,0.002451154863,0.035184924640
0.270606994200,0.042260818945,0.002337532298,-0.023025480845
0.267979741800,0.042437791471,0.002240898028,-0.092203172127
0.265352489400,0.042661258644,0.002026755069,-0.116258546302
0.262725237100,0.042913137932,0.001890279371,-0.126591592130
0.260097984700,0.043178723351,0.002027432729,-0.136543393709
0.257470732300,0.043440326723,0.002075610030,-0.124757106474
0.254843480000,0.043620347686,0.002156640761,-0.090096928318
0.252216227600,0.043741078484,0.002151270248,-0.060567855655
0.249588975200,0.043734238494,0.001997713792,-0.011184327828
0.246961722900,0.043536803977,0.001962462547,0.028691596273
0.244334470500,0.043382630993,0.001906789283,0.011923963975
0.241707218100,0.043297258374,0.001757186963,-0.000863061469
0.239079965700,0.043236777375,0.001786732522,0.025940985901
0.236452713400,0.043088496628,0.001683990395,0.060114422777
0.233825461000,0.042856600505,0.001660134134,0.071777953162
0.231198208600,0.042656689498,0.001468308241,0.063688014855
0.228570956300,0.042479638988,0.001362536832,0.060646377782
0.225943703900,0.042312787177,0.001395355235,0.028076440387
0.223316451500,0.042272228678,0.001350798423,-0.005441837546
0.220689199100,0.042285091482,0.001151199874,-0.025763425894
0.218061946800,0.042413434326,0.000999902370,-0.042000864783
0.215434694400,0.042518904911,0.000852072047,-0.014695974226
0.212807442000,0.042528363836,0.000661573460,0.012783378173
0.210180189700,0.042513422790,0.000536577257,0.003567243651
0.207552937300,0.042539734968,0.000438940241,0.003451596752
0.204925684900,0.042545935656,0.000404814785,-0.014022564084
0.202298432500,0.042626244747,0.000346633212,-0.042489298803
0.199671180200,0.042804123443,0.000222972046,-0.072207431481
0.197043927800,0.043015567533,0.000239928958,-0.047647325540
0.194416675400,0.043124913544,0.000247067515,-0.033258202155
0.191789423100,0.043263197561,0.000201849025,-0.041839812126
0.189162170700,0.043401695710,0.000267978980,-0.027150169459
0.186534918300,0.043466873383,0.000298521815,0.000997946414
0.183907666000,0.043432582643,0.000290139032,0.011488117902
0.181280413600,0.043402626678,0.000379708375,0.001150717178
0.178653161200,0.043469438266,0.000498458425,0.006093709842
0.176025908800,0.043447431983,0.000559808370,0.008646477658
0.173398656500,0.043502026385,0.000630178692,-0.005479087177
0.170771404100,0.043541941860,0.000700832045,0.002258573429
0.168144151700,0.043550286997,0.000760035025,0.041064592446
0.165516899400,0.043359458366,0.000739219427,0.072000338785
0.162889647000,0.043169107645,0.000756326804,0.051921358589
0.160262394600,0.043078847610,0.000798121639,0.039857255612
0.157635142200,0.042906318266,0.000908825757,0.015967040353
0.155007889900,0.042915521441,0.001035364103,-0.036120392980
0.152380637500,0.043009165468,0.001203309041,-0.006162799312
0.149753385100,0.042881074070,0.001250306262,0.011965548304
0.147126132800,0.042852880448,0.001295085458,-0.035921696475
0.144498880400,0.043030571236,0.001264116389,-0.079116491354
0.141871628000,0.043212313104,0.001136124347,-0.064848812937
0.139244375600,0.043295923277,0.001041795926,-0.068117167132
0.136617123300,0.043531271225,0.000988324562,-0.107512467331
0.133989870900,0.043787975666,0.001020151602,-0.106298886391
0.131362618500,0.044039092590,0.000946065696,-0.108070277097
0.128735366200,0.044311321736,0.000921064267,-0.086614114232
0.126108113800,0.044476009277,0.000861864958,-0.037293775157
0.123480861400,0.044501971238,0.000735896241,0.002206906168
0.120853609000,0.044446731153,0.000681974177,0.026673075065
0.118226356700,0.044339358389,0.000634648436,0.055633723832
0.115599104300,0.044098537272,0.000686978349,0.100119074548
0.112971851900,0.043802740402,0.000801006631,0.124626211209
0.110344599600,0.043478998332,0.000900520695,0.156772814486
0.107717347200,0.043026102216,0.001000484907,0.141614933897
0.105090094800,0.042711348128,0.001023173794,0.116310320046
0.102462842500,0.042360837906,0.000888860038,0.138856335213
0.099835590100,0.041953681643,0.000973872842,0.146963519032
0.097208337700,0.041646946786,0.001088367737,0.110053658924
0.094581085300,0.041469628408,0.001125229974,0.105506998668
0.091953833000,0.041159119159,0.001198515238,0.103972396339
0.089326580600,0.040957074511,0.001206690233,0.032380659244
0.086699328200,0.040999630939,0.001323725806,0.008455360114
0.084072075900,0.040887167449,0.001322839592,-0.010719438139
0.081444823500,0.041000771395,0.001366736726,-0.051218737342
0.078817571100,0.041107004240,0.001385644042,-0.061138700386
0.076190318700,0.041304821184,0.001415771330,-0.086411532513
0.073563066400,0.041553235264,0.001613005883,-0.087156613597
0.070935814000,0.041748530652,0.001704412425,-0.113308772716
0.068308561600,0.042121021087,0.001790312199,-0.146561826164
0.065681309300,0.042481224932,0.001833972768,-0.122445124398
0.063054056900,0.042743995165,0.001966199616,-0.068582379525
0.060426804500,0.042820841475,0.002058120488,-0.020702743357
0.057799552100,0.042848071020,0.002102965169,0.006461609479
0.055172299800,0.042719900498,0.002237061853,0.036546804286
0.052545047400,0.042512930499,0.002274798961,0.034321612538
0.049917795000,0.042343737256,0.002168505936,0.070726652497
0.047290542700,0.042019711394,0.002073213588,0.105469898762
0.044663290300,0.041705374464,0.002183636376,0.092674366240
0.042036037900,0.041529260237,0.002273028041,0.094960026228
0.039408785500,0.041180138828,0.002178547683,0.134440301488
0.036781533200,0.040804104440,0.002129140220,0.130951081278
0.034154280800,0.040488670459,0.002022751079,0.083102542726
0.031527028400,0.040375171740,0.001954830749,0.041086531712
0.028899776100,0.040324679321,0.001949722303,0.024688478390
0.026272523700,0.040300334084,0.001919235779,0.013283809654
0.023645271300,0.040268665625,0.001663204592,0.030200654300
0.021018019000,0.040147201725,0.001579154111,0.020705731340
0.018390766600,0.040132303656,0.001480586583,0.017734047259
0.015763514200,0.040029832976,0.001273814011,0.070628083738
0.013136261800,0.039716189623,0.001154048351,0.100748465197
0.010509009500,0.039495716373,0.000889618747,0.072097303938
0.007881757100,0.039343935022,0.000691849347,0.019094031824
0.005254504700,0.039412074861,0.000513118497,-0.048336150107
0.002627252400,0.039606119171,0.000164725081,0.658190622927
0.000000000000,0.035916149355,0.000153543333,1.437929316093
