0.391460603250,-0.009081022390,-0.000317544766,0.165215775710
0.388833350880,-0.009521398796,-0.000688036244,0.135024293097
0.386206098510,-0.009723377612,-0.000802017037,0.074741145419
0.383578846140,-0.009878053338,-0.000796174834,0.107408868884
0.380951593770,-0.010304564806,-0.000806565519,0.157155245839
0.378324341400,-0.010712595613,-0.000583179873,0.052388492313
0.375697089030,-0.010607641201,-0.000244329161,0.014331229958
0.373069836660,-0.010837327068,0.000075191837,0.004704054242
0.370442584290,-0.010660140856,0.000403883998,-0.111681928140
0.367815331920,-0.010320098201,0.000772128919,-0.164136432764
0.365188079550,-0.009897484655,0.001210020819,-0.160869233022
0.362560827170,-0.009456028561,0.001509125462,-0.141711726074
0.359933574800,-0.009104059080,0.001908650559,-0.097877449987
0.357306322430,-0.008862199501,0.002274964086,-0.084078323238
0.354679070060,-0.008628103182,0.002585578581,-0.045514587228
0.352051817690,-0.008551351148,0.002811360730,-0.002233818635
0.349424565320,-0.008407754416,0.002936118239,-0.014663169647
0.346797312950,-0.008394538746,0.003045074695,0.027961497701
0.344170060580,-0.008463613737,0.003009175007,0.025944793899
0.341542808210,-0.008494003453,0.003019067505,0.043957786038
0.338915555840,-0.008623432253,0.003116334976,0.072008849106
0.336288303460,-0.008789441138,0.003004959043,0.110082558656
0.333661051090,-0.009089324836,0.002998300334,0.093069642924
0.331033798720,-0.009219485516,0.002949781913,0.064851047718
0.328406546350,-0.009330800038,0.002833410218,0.070816600153
0.325779293980,-0.009517317194,0.002768934333,0.082743202891
0.323152041610,-0.009679614002,0.002727921245,0.087483223352
0.320524789240,-0.009896073442,0.002676359521,0.084937714860
0.317897536870,-0.010031065961,0.002759686307,0.062198805225
0.315270284500,-0.010140643298,0.002816881410,0.039925689411
0.312643032100,-0.010140647479,0.002708551659,0.039599598987
0.310015779800,-0.010224836751,0.002690219747,0.057460454322
0.307388527400,-0.010352334582,0.002684406110,0.060697853635
0.304761275000,-0.010494493765,0.002714384674,0.055487849432
0.302134022600,-0.010591170764,0.002769621802,0.013076284601
0.299506770300,-0.010536213729,0.002812010822,0.014662603752
0.296879517900,-0.010628127584,0.002927277418,0.067698854239
0.294252265500,-0.010818997161,0.003027056408,0.102296366773
0.291625013200,-0.011111565277,0.003085972957,0.143874051666
0.288997760800,-0.011473435578,0.003173279889,0.124432909018
0.286370508400,-0.011700366438,0.003128566179,0.093191481485
0.283743256000,-0.011907042946,0.003220380351,0.083567377504
0.281116003700,-0.012121366771,0.003280524976,0.060815046522
0.278488751300,-0.012197604236,0.003390404331,-0.009893689680
0.275861498900,-0.012103565892,0.003356367681,-0.033223685510
0.273234246600,-0.012182440488,0.003244637767,-0.011923167728
0.270606994200,-0.012240146684,0.003043646650,-0.049871278307
0.267979741800,-0.012151788870,0.002935330703,-0.102925163187
0.265352489400,-0.011964122805,0.002869356809,-0.132427417722
0.262725237100,-0.011659551926,0.002898785269,-0.154929978929
0.260097984700,-0.011354473361,0.002854017525,-0.115869252077
0.257470732300,-0.011225501977,0.002708367289,-0.094541767126
0.254843480000,-0.011044465907,0.002818349445,-0.077282404794
0.252216227600,-0.010998624768,0.002799589666,-0.052144710854
0.249588975200,-0.010944396486,0.002751448955,-0.036884443697
0.246961722900,-0.010923812828,0.002898090156,0.000981511237
0.244334470500,-0.011067396053,0.002938276977,0.004927866118
0.241707218100,-0.011057188282,0.002994405996,-0.029510628624
0.239079965700,-0.011004602204,0.002936628351,-0.032884684075
0.236452713400,-0.011004774992,0.002827248386,-0.023479437669
0.233825461000,-0.010983373200,0.002707709121,-0.038648284012
0.231198208600,-0.010927234779,0.002474190689,-0.080326386945
0.228570956300,-0.010692911694,0.002234436766,-0.118461485324
0.225943703900,-0.010453315657,0.002061231492,-0.090986583450
0.223316451500,-0.010402278145,0.001903266859,-0.050950812191
0.220689199100,-0.010405268634,0.001769056254,-0.052966186770
0.218061946800,-0.010358715214,0.001673204714,-0.035106074488
0.215434694400,-0.010412688796,0.001596301197,-0.003407147801
0.212807442000,-0.010520976150,0.001508258604,0.022548756541
0.210180189700,-0.010714722657,0.001421388788,0.037560757642
0.207552937300,-0.010901335723,0.001330085431,-0.008768088633
0.204925684900,-0.010872440772,0.001327342099,-0.074828986892
0.202298432500,-0.010682005846,0.001280689979,-0.116319404148
0.199671180200,-0.010448008851,0.001272750794,-0.141242493488
0.197043927800,-0.010120379473,0.001250160732,-0.137866277665
0.194416675400,-0.009874804437,0.001184262587,-0.085871307128
0.191789423100,-0.009783158549,0.001239626636,-0.055201645400
0.189162170700,-0.009722482126,0.001307499272,-0.030677673797
0.186534918300,-0.009736811470,0.001307092300,-0.031590905707
0.183907666000,-0.009679020591,0.001457527933,-0.043540208496
0.181280413600,-0.009605820032,0.001589501375,-0.034901620383
0.178653161200,-0.009602658856,0.001717649457,-0.044747528590
0.176025908800,-0.009520161989,0.001787005607,-0.040438868299
0.173398656500,-0.009492614621,0.001885181481,-0.038078495196
0.170771404100,-0.009436785066,0.002124016625,-0.032089070958
0.168144151700,-0.009461966787,0.002373142884,0.032606900482
0.165516899400,-0.009652367063,0.002516665788,0.045091664420
0.162889647000,-0.009715087174,0.002513359144,0.021023283720
0.160262394600,-0.009754141996,0.002533989148,0.047347425863
0.157635142200,-0.009946327783,0.002612818327,0.063092289955
0.155007889900,-0.010067573966,0.002716234456,0.041622922527
0.152380637500,-0.010145197695,0.002531726811,0.017374089779
0.149753385100,-0.010174095952,0.002351259670,0.001546542334
0.147126132800,-0.010168793283,0.002267374031,-0.014365981766
0.144498880400,-0.010108119806,0.002175840643,-0.042725964676
0.141871628000,-0.009952623770,0.002126028133,-0.074292016366
0.139244375600,-0.009727791185,0.001953733338,-0.085927236690
0.136617123300,-0.009558000961,0.001839323242,-0.055726408262
0.133989870900,-0.009439379937,0.001743593250,-0.049285252490
0.131362618500,-0.009391009520,0.001704345590,-0.036403644930
0.128735366200,-0.009335431526,0.001688344674,-0.032697127500
0.126108113800,-0.009296370886,0.001792041609,0.006532897186
0.123480861400,-0.009482204948,0.001890959642,0.057897558288
0.120853609000,-0.009719308547,0.001945934856,0.080299265845
0.118226356700,-0.009961434137,0.001967535313,0.081746708754
0.115599104300,-0.010202629164,0.001978851630,0.086048840200
0.112971851900,-0.010488743642,0.002187591092,0.101851096861
0.110344599600,-0.010805056749,0.002337199161,0.090633577682
0.107717347200,-0.011048574056,0.002316936265,0.079609359109
0.105090094800,-0.011318172701,0.002330985753,0.114937904339
0.102462842500,-0.011716500545,0.002312354153,0.132593079464
0.099835590100,-0.012039999172,0.002293590055,0.121028300007
0.097208337700,-0.012380302707,0.002352019778,0.091073136219
0.094581085300,-0.012499745029,0.002392840286,0.005629487363
0.091953833000,-0.012390324097,0.002577199089,-0.067684018612
0.089326580600,-0.012161380127,0.002843599855,-0.118852139460
0.086699328200,-0.011758441066,0.003007413589,-0.167460503192
0.084072075900,-0.011302289230,0.003034783059,-0.171854061248
0.081444823500,-0.010886289795,0.003087882979,-0.153046779240
0.078817571100,-0.010530422304,0.003232404496,-0.074856165449
0.076190318700,-0.010536798295,0.003351911833,0.034256596045
0.073563066400,-0.010765109584,0.003374726038,0.072825496225
0.070935814000,-0.010895541058,0.003376276737,0.043734434472
0.068308561600,-0.010935448764,0.003470949925,0.034100513430
0.065681309300,-0.011094937542,0.003441694638,0.031639023125
0.063054056900,-0.011136082568,0.003478885644,0.008815374166
0.060426804500,-0.011136324615,0.003362374140,0.038044133304
0.057799552100,-0.011323146812,0.003359596566,0.062198887763
0.055172299800,-0.011461493333,0.003333302875,0.025293149445
0.052545047400,-0.011470307989,0.003314596977,0.042780055570
0.049917795000,-0.011651832935,0.003293390669,0.084605542922
0.047290542700,-0.011882740650,0.003278635060,0.130045941496
0.044663290300,-0.012276089807,0.003253435214,0.163347419898
0.042036037900,-0.012703927263,0.003252189799,0.141009644413
0.039408785500,-0.012988588954,0.003312363952,0.115792447690
0.036781533200,-0.013253057803,0.003128663147,0.097395966578
0.034154280800,-0.013431514387,0.002989506195,0.061905620597
0.031527028400,-0.013436846237,0.002845535396,0.008701304081
0.028899776100,-0.013331119377,0.002748392876,-0.006099740236
0.026272523700,-0.013291055652,0.002598491283,-0.027495210004
0.023645271300,-0.013124105968,0.002282337227,0.042464130677
0.021018019000,-0.013397697244,0.002180095660,0.252951257256
0.018390766600,-0.014349170906,0.002033466737,0.283459836773
0.015763514200,-0.014780752779,0.001752654347,0.176107660134
0.013136261800,-0.015164017832,0.001451302378,0.151763330843
0.010509009500,-0.015487337860,0.001227522143,0.117965709935
0.007881757100,-0.015726557921,0.001187686038,0.039816415482
0.005254504700,-0.015713611812,0.001097113683,-0.049959773607
0.002627252400,-0.015521510860,0.000954006051,-0.392741031902
0.000000000000,-0.013687471487,0.000603255885,-0.694244170551
