0.391460603250,0.013977972291,-0.000255360207,0.692966230893
0.388833350880,0.012138351840,-0.000439859128,0.449350178066
0.386206098510,0.011661479439,-0.000407395991,0.185269412005
0.383578846140,0.011124310173,-0.000233627700,0.018690728258
0.380951593770,0.011558626371,-0.000188407111,-0.457466218074
0.378324341400,0.013466000785,0.000119174863,-0.564957151848
0.375697089030,0.014461661761,0.000486622452,-0.300081843241
0.373069836660,0.014965365406,0.000930289038,-0.125151607698
0.370442584290,0.015089067332,0.001306797762,0.028050256891
0.367815331920,0.014799960426,0.001373206856,0.023295922648
0.365188079550,0.014891636371,0.001666825115,-0.119652101985
0.362560827170,0.015305061272,0.001979738602,-0.117756602764
0.359933574800,0.015388514089,0.002210452919,-0.013348955937
0.357306322430,0.015271275914,0.002357523701,0.002475294681
0.354679070060,0.015291031493,0.002520473210,-0.099605286116
0.352051817690,0.015734236021,0.002590006543,-0.133704816233
0.349424565320,0.015947467475,0.002672997610,-0.025081135322
0.346797312950,0.015781157467,0.002907561346,0.122876867660
0.344170060580,0.015212404026,0.002875909918,0.239652073729
0.341542808210,0.014307230769,0.002721749886,-0.024935235817
0.338915555840,0.014833269021,0.002893477686,-0.004689714629
0.336288303460,0.014288599102,0.002814494849,0.044608034625
0.333661051090,0.014226941281,0.002757178204,0.066472155097
0.331033798720,0.013930238513,0.002613655563,0.093770239213
0.328406546350,0.013734842721,0.002671897661,0.047298229910
0.325779293980,0.013569156765,0.002595594374,0.051469259685
0.323152041610,0.013434975914,0.002574623865,0.054992199963
0.320524789240,0.013257609576,0.002636494567,0.096019519168
0.317897536870,0.012953424298,0.002739158159,0.140111625057
0.315270284500,0.012579430913,0.002829595992,0.127625999110
0.312643032100,0.012366439870,0.002860001665,0.066696025643
0.310015779800,0.012260367911,0.002937680154,0.054311901904
0.307388527400,0.012131963727,0.002985522672,0.036074505357
0.304761275000,0.012177675031,0.003056818519,0.022934031020
0.302134022600,0.012186184212,0.003046621180,0.042621662339
0.299506770300,0.012131010143,0.002999097559,0.024157212650
0.296879517900,0.012216272355,0.002935158653,-0.014219212697
0.294252265500,0.012307131410,0.002925797097,-0.010481347513
0.291625013200,0.012336099197,0.002917651273,0.014852446500
0.288997760800,0.012334434058,0.002876696464,0.062467319039
0.286370508400,0.012216885866,0.002802340999,0.086969348188
0.283743256000,0.012141307212,0.002810284962,0.088526255824
0.281116003700,0.011967969687,0.002614742005,0.107042158506
0.278488751300,0.011732305840,0.002573541462,0.093196715429
0.275861498900,0.011582833398,0.002576924868,0.061819992458
0.273234246600,0.011472310420,0.002522933891,0.040009042992
0.270606994200,0.011452254055,0.002539740830,-0.004738524610
0.267979741800,0.011594819735,0.002605325290,-0.046869876925
0.265352489400,0.011771070379,0.002539955440,-0.084855603675
0.262725237100,0.012049856886,0.002584927289,-0.134358240931
0.260097984700,0.012468507626,0.002795544632,-0.175191225635
0.257470732300,0.012943091750,0.003051565253,-0.153132233083
0.254843480000,0.013206146961,0.003321297306,-0.105900581496
0.252216227600,0.013424741442,0.003511239556,-0.095530767583
0.249588975200,0.013649042543,0.003637202655,-0.093554388658
0.246961722900,0.013844034772,0.003642623110,-0.057623069510
0.244334470500,0.013887780484,0.003481803917,-0.045158505020
0.241707218100,0.014031685421,0.003258218015,-0.076804638668
0.239079965700,0.014269345127,0.003079510386,-0.074299700763
0.236452713400,0.014400878772,0.002818220338,-0.043463176774
0.233825461000,0.014465200960,0.002622906896,0.034767222663
0.231198208600,0.014222838224,0.002616537904,0.105699402274
0.228570956300,0.013930535648,0.002516547871,0.102579173599
0.225943703900,0.013682420378,0.002546188451,0.102532855944
0.223316451500,0.013372481603,0.002677283374,0.091595613644
0.220689199100,0.013134380759,0.002638407728,0.042795753678
0.218061946800,0.013017421009,0.002469298508,-0.000382634707
0.215434694400,0.012978813585,0.002428135352,-0.030754052027
0.212807442000,0.012987781807,0.002387602477,-0.070987331652
0.210180189700,0.013185316699,0.002228857592,-0.141032755030
0.207552937300,0.013648802956,0.002103375185,-0.186123269043
0.204925684900,0.014082313410,0.002122853692,-0.145756124160
0.202298432500,0.014304350324,0.002123828642,-0.094980930879
0.199671180200,0.014409191966,0.002067858467,-0.039835147693
0.197043927800,0.014347098669,0.002082288707,-0.004060342052
0.194416675400,0.014280506262,0.002028577858,0.017973788392
0.191789423100,0.014091214506,0.002009856762,0.012907907230
0.189162170700,0.014006510958,0.002156591255,-0.007802116774
0.186534918300,0.013928500933,0.002238157447,-0.010756165170
0.183907666000,0.013909905972,0.002402471837,-0.016799327132
0.181280413600,0.013915706145,0.002583582032,-0.009564327438
0.178653161200,0.013863301027,0.002700276688,0.003114774280
0.176025908800,0.013791384645,0.002922994875,0.026129060096
0.173398656500,0.013637566257,0.003026445570,0.035221091482
0.170771404100,0.013482040535,0.003005201074,0.034662723858
0.168144151700,0.013353654530,0.003040973619,-0.004571587385
0.165516899400,0.013468321067,0.002945931290,-0.038453324305
0.162889647000,0.013593353174,0.002775877049,-0.011284451516
0.160262394600,0.013557874007,0.002497491014,-0.025143477137
0.157635142200,0.013666062257,0.002303746239,-0.081854035703
0.155007889900,0.013956719595,0.002223478510,-0.105848587624
0.152380637500,0.014243112925,0.002038125469,-0.098594060824
0.149753385100,0.014516476015,0.001961039489,-0.090553383311
0.147126132800,0.014714307082,0.001899596620,-0.057490225683
0.144498880400,0.014777865369,0.001951694832,-0.005872325339
0.141871628000,0.014754605887,0.001831454861,0.004020637802
0.139244375600,0.014744612581,0.001759704343,0.018203884850
0.136617123300,0.014686944983,0.001907816109,0.051756995556
0.133989870900,0.014501273153,0.002007347238,0.064872092862
0.131362618500,0.014372451997,0.002171842639,0.067632853691
0.128735366200,0.014212407227,0.002262850313,0.083757971611
0.126108113800,0.014046195404,0.002257536914,0.067158577351
0.123480861400,0.013926129563,0.002372880055,0.052199442565
0.120853609000,0.013822779026,0.002337092358,0.072934088131
0.118226356700,0.013574972375,0.002335183391,0.077645745825
0.115599104300,0.013396050585,0.002485238971,0.037416981161
0.112971851900,0.013352080626,0.002568476835,-0.000149698967
0.110344599600,0.013367190449,0.002614155441,0.001253880623
0.107717347200,0.013346860622,0.002559498988,-0.019530708577
0.105090094800,0.013565918289,0.002764204921,-0.081462392570
0.102462842500,0.013856098221,0.002915143888,-0.105938236909
0.099835590100,0.014161438548,0.002920681780,-0.100238790210
0.097208337700,0.014374582090,0.002918862812,-0.055719222530
0.094581085300,0.014500035919,0.003037741703,-0.009183243415
0.091953833000,0.014457657845,0.003402238483,0.034011499567
0.089326580600,0.014334655441,0.003687035228,0.078485904499
0.086699328200,0.014077204952,0.003771993520,0.111530735284
0.084072075900,0.013759958636,0.003909382730,0.085977890580
0.081444823500,0.013630678426,0.004001071206,0.047719475107
0.078817571100,0.013509435639,0.003975862702,0.044313853346
0.076190318700,0.013403391684,0.003961635715,0.061290756561
0.073563066400,0.013212928678,0.003917179086,0.040092148589
0.070935814000,0.013178827913,0.003956604628,-0.039210504038
0.068308561600,0.013374926230,0.003989012143,-0.043273824210
0.065681309300,0.013377233146,0.004080616879,0.045078420193
0.063054056900,0.013115291676,0.004067571026,0.140554435983
0.060426804500,0.012623491811,0.003978266081,0.182182531506
0.057799552100,0.012117750588,0.003836615002,0.165791380971
0.055172299800,0.011709604545,0.003599235589,0.120419447174
0.052545047400,0.011476214617,0.003420246080,0.069271296278
0.049917795000,0.011332292696,0.003302719158,0.029791519075
0.047290542700,0.011256674180,0.003251375269,0.032893380107
0.044663290300,0.011119991677,0.003129732821,0.052083538330
0.042036037900,0.010879688938,0.002924698418,0.102691444103
0.039408785500,0.010521858335,0.002838423159,0.147817592025
0.036781533200,0.010071259360,0.002772960007,0.144829329149
0.034154280800,0.009764255305,0.002568443830,0.096080279444
0.031527028400,0.009508672063,0.002328319861,0.074698130338
0.028899776100,0.009340012067,0.002283066898,0.094299599267
0.026272523700,0.009004806152,0.002151602593,0.322817599453
0.023645271300,0.007589412157,0.001720302074,0.393412562926
0.021018019000,0.006942866628,0.001450816976,0.078698442011
0.018390766600,0.007352312685,0.001557624001,-0.059714826707
0.015763514200,0.007282548561,0.001410166737,0.017596358195
0.013136261800,0.007267865296,0.001241627050,-0.050634771029
0.010509009500,0.007496659693,0.001057613660,-0.120325525003
0.007881757100,0.007845531521,0.000863144167,-0.135922252865
0.005254504700,0.008195066637,0.000759599698,-0.072614594764
0.002627252400,0.008190119827,0.000788707915,0.074555935848
0.000000000000,0.007828679125,0.000453351209,0.175584586110
