0.391460603250,0.041701048774,0.000646995312,-0.617598132487
0.388833350880,0.043387255461,0.000351330937,-0.298709867956
0.386206098510,0.043357095863,0.000224977639,-0.522937700026
0.383578846140,0.046206664790,0.000321894817,-0.611825654923
0.380951593770,0.046471350567,0.000510942582,-0.055609852908
0.378324341400,0.046514749222,0.000768473003,-0.005556802436
0.375697089030,0.046487291871,0.001023330742,0.280800281955
0.373069836660,0.045060620006,0.001237068323,0.080314403033
0.370442584290,0.046039334864,0.001371758776,-0.380342184998
0.367815331920,0.047062744466,0.001373944116,-0.310592916447
0.365188079550,0.047700224690,0.001549087271,-0.216045483775
0.362560827170,0.048191952768,0.001794034111,-0.212028966061
0.359933574800,0.048745869159,0.001867884717,-0.147600568441
0.357306322430,0.048851483217,0.002051605787,-0.092284556490
0.354679070060,0.049183553830,0.002137054666,-0.105212376866
0.352051817690,0.049325330507,0.002136602621,-0.034882819699
0.349424565320,0.049239681195,0.002005783241,0.057881785747
0.346797312950,0.048831462442,0.001954800687,-0.156245204422
0.344170060580,0.049858783768,0.002122508165,-0.331468293997
0.341542808210,0.050407245927,0.002100323619,-0.130333861978
0.338915555840,0.050541817585,0.002144415484,-0.018384157056
0.336288303460,0.050533644470,0.002226870238,0.034018021259
0.333661051090,0.050308754951,0.002246461268,0.053362163395
0.331033798720,0.050257159546,0.002280159098,0.037610416187
0.328406546350,0.050154370368,0.002332975840,0.042654968536
0.325779293980,0.049979797971,0.002390370444,0.067257653939
0.323152041610,0.049741869337,0.002485064722,0.082531546809
0.320524789240,0.049540786829,0.002447050756,0.054525683084
0.317897536870,0.049420460583,0.002536320451,0.045897290114
0.315270284500,0.049224281251,0.002715120997,0.041323265058
0.312643032100,0.049113753396,0.002784303121,0.033896994564
0.310015779800,0.048997966516,0.002699998665,-0.002802797353
0.307388527400,0.049052483728,0.002515595862,-0.001168370199
0.304761275000,0.048952137179,0.002486003974,0.040596951284
0.302134022600,0.048767920556,0.002458486761,0.060951515653
0.299506770300,0.048569667730,0.002378243580,0.057198730715
0.296879517900,0.048425989987,0.002374956519,0.015641405703
0.294252265500,0.048350677484,0.002381267632,-0.009865203769
0.291625013200,0.048315926771,0.002257627256,-0.017425984674
0.288997760800,0.048311941231,0.002032770483,-0.057664425407
0.286370508400,0.048482691111,0.002078396826,-0.087729110941
0.283743256000,0.048691570527,0.002097499853,-0.110245671965
0.281116003700,0.048965884707,0.001948013136,-0.082792060927
0.278488751300,0.049102182876,0.001854157578,-0.039107771158
0.275861498900,0.049157372804,0.001812362315,-0.042534392030
0.273234246600,0.049272412491,0.001777780099,-0.032598165699
0.270606994200,0.049276198912,0.001606762058,-0.007239138512
0.267979741800,0.049248618885,0.001438773359,-0.041042294842
0.265352489400,0.049351423461,0.001247648471,-0.039705447105
0.262725237100,0.049402283649,0.001185376076,-0.052615051947
0.260097984700,0.049530068928,0.001074022114,-0.010863272473
0.257470732300,0.049441443477,0.000989604856,0.030203328737
0.254843480000,0.049350810377,0.001034075933,0.018768948461
0.252216227600,0.049300232075,0.000950173796,0.005681172579
0.249588975200,0.049109898669,0.000915723831,0.056625626567
0.246961722900,0.048806294582,0.001033866645,0.094030545764
0.244334470500,0.048570587390,0.001056892754,0.077934795727
0.241707218100,0.048375511397,0.001061062803,0.082743233416
0.239079965700,0.048124051013,0.001075497886,0.082783372533
0.236452713400,0.047944717647,0.001138257006,0.067124520067
0.233825461000,0.047747325195,0.001104674966,0.090697744993
0.231198208600,0.047508294516,0.001058351143,0.095510734586
0.228570956300,0.047295332713,0.001118211503,0.065084179702
0.225943703900,0.047174904144,0.001014353564,0.036753629423
0.223316451500,0.047103287753,0.000874962603,0.043293927850
0.220689199100,0.046909991082,0.000707604290,0.072190349852
0.218061946800,0.046656612283,0.000516459949,0.081048480860
0.215434694400,0.046412867912,0.000458529580,0.109383464492
0.212807442000,0.046001345114,0.000512311062,0.172019673435
0.210180189700,0.045562330252,0.000515971937,0.144696039843
0.207552937300,0.045266016896,0.000429794984,0.109673798940
0.204925684900,0.044977494147,0.000384013606,0.065132209729
0.202298432500,0.044867943709,0.000404103957,-0.015044281500
0.199671180200,0.044980706398,0.000515323248,-0.027504370939
0.197043927800,0.044986293118,0.000534887590,-0.016227867126
0.194416675400,0.045025784778,0.000615237148,-0.018359751614
0.191789423100,0.045085539068,0.000776066160,-0.047655109535
0.189162170700,0.045274200342,0.000827748800,-0.072758364819
0.186534918300,0.045466271563,0.000849732564,-0.084189057678
0.183907666000,0.045678688433,0.000937512847,-0.050574345912
0.181280413600,0.045800676281,0.000968285834,-0.014845530976
0.178653161200,0.045856155254,0.000972884894,-0.037201632520
0.176025908800,0.045943904467,0.000995028521,-0.021568642562
0.173398656500,0.045949285095,0.001066306442,-0.003945915079
0.170771404100,0.045957342876,0.001156721509,-0.013667956324
0.168144151700,0.045966241008,0.001186408278,-0.019854062163
0.165516899400,0.045984846820,0.001260750578,0.006147391489
0.162889647000,0.045902023352,0.001270876560,0.032095518919
0.160262394600,0.045787605987,0.001241238311,0.025006566654
0.157635142200,0.045698985150,0.001283438914,-0.000419243000
0.155007889900,0.045686992855,0.001223038151,-0.019585422305
0.152380637500,0.045674748826,0.001231001740,-0.023881846515
0.149753385100,0.045691767171,0.001343828876,-0.043292495759
0.147126132800,0.045824193361,0.001454243206,-0.092203288246
0.144498880400,0.046065903060,0.001436371342,-0.116665256900
0.141871628000,0.046349204907,0.001444243684,-0.148129311446
0.139244375600,0.046751224339,0.001415236552,-0.197733816125
0.136617123300,0.047329783682,0.001361904153,-0.229936302232
0.133989870900,0.047826082084,0.001382457816,-0.215761718716
0.131362618500,0.048345941036,0.001409275818,-0.192440075395
0.128735366200,0.048795772691,0.001417090524,-0.148552744370
0.126108113800,0.049095100754,0.001460063637,-0.077408318581
0.123480861400,0.049169530789,0.001397686393,-0.004645964615
0.120853609000,0.049161421340,0.001327779321,0.040127726421
0.118226356700,0.049030271768,0.001374983768,0.065022587571
0.115599104300,0.048862179427,0.001400336828,0.128978801546
0.112971851900,0.048402524326,0.001223683618,0.204097625691
0.110344599600,0.047942512311,0.000954990878,0.193151270744
0.107717347200,0.047512802326,0.000865799262,0.163429387843
0.105090094800,0.047172148944,0.000833423866,0.139705919891
0.102462842500,0.046882411929,0.000802011443,0.140959146591
0.099835590100,0.046514319593,0.000847003508,0.161984972219
0.097208337700,0.046140043064,0.000986247603,0.166935936396
0.094581085300,0.045731479182,0.001015676129,0.162407909569
0.091953833000,0.045345562110,0.000792990373,0.151415240855
0.089326580600,0.044977534154,0.000734778153,0.129756579170
0.086699328200,0.044642463661,0.000629372063,0.084160854687
0.084072075900,0.044492807469,0.000395380058,-0.009673324625
0.081444823500,0.044654076957,0.000297885759,-0.033166892299
0.078817571100,0.044712383347,0.000232129841,-0.003830978066
0.076190318700,0.044724573957,0.000190317186,-0.061795471249
0.073563066400,0.044983544601,0.000174730146,-0.139802662599
0.070935814000,0.045381570767,0.000210423305,-0.107855707337
0.068308561600,0.045485895172,0.000182008938,-0.060854753263
0.065681309300,0.045699254200,0.000185185269,-0.086759032117
0.063054056900,0.045939929183,0.000182055529,-0.001524121336
0.060426804500,0.045703310120,-0.000011875872,0.089287729732
0.057799552100,0.045441234590,0.000010466609,0.100102054079
0.055172299800,0.045104611658,0.000190840726,0.146627119171
0.052545047400,0.044535267374,0.000168063435,0.180748123348
0.049917795000,0.044006630944,0.000143007985,0.165034381710
0.047290542700,0.043571278591,0.000119098910,0.131137378286
0.044663290300,0.043253142950,0.000015174885,0.105087627865
0.042036037900,0.043007135929,0.000006561634,0.090481326223
0.039408785500,0.042775202655,-0.000109501519,0.118459168365
0.036781533200,0.042387647524,-0.000139008845,0.100159039109
0.034154280800,0.042251915451,-0.000131948188,0.038539357836
0.031527028400,0.042182916708,-0.000216677013,-0.001227226422
0.028899776100,0.042264809897,-0.000208317530,-0.059360290780
0.026272523700,0.042480874897,0.000031686424,-0.056210270093
0.023645271300,0.042569394388,-0.000022989007,0.184896696385
0.021018019000,0.041586094157,-0.000063204974,0.026450688924
0.018390766600,0.042498557547,-0.000120789819,-0.156796780698
0.015763514200,0.042441136339,-0.000146564573,0.027911355143
0.013136261800,0.042427134227,-0.000151005962,0.021724956547
0.010509009500,0.042451696733,-0.000194600938,-0.008886282792
0.007881757100,0.042570629737,-0.000193582599,-0.082482992708
0.005254504700,0.042993998391,-0.000244334901,-0.074625988359
0.002627252400,0.043056345091,-0.000246321798,0.802142804433
0.000000000000,0.038853816646,-0.000283664863,1.590986661573
