0.391460603250,-0.042870490353,-0.000542238063,0.880479160878
0.388833350880,-0.045257809884,-0.000825326419,0.591283208751
0.386206098510,-0.046061241041,-0.000897813936,0.288077052535
0.383578846140,-0.046799096413,-0.000546549889,0.205430993443
0.380951593770,-0.047168504468,-0.000360130172,0.123428515489
0.378324341400,-0.047459043490,-0.000163707741,-0.012454705887
0.375697089030,-0.047089606669,0.000152830627,-0.291889586822
0.373069836660,-0.045932224579,0.000415507430,-0.258413235637
0.370442584290,-0.045749812555,0.000669018289,0.164069846961
0.367815331920,-0.046789743606,0.000921122300,0.035921254978
0.365188079550,-0.045888405367,0.001185364584,-0.416309003029
0.362560827170,-0.044654121809,0.001417220081,-0.359664340330
0.359933574800,-0.044102040221,0.001618288719,-0.018102500793
0.357306322430,-0.044779171281,0.001781543364,0.194481169592
0.354679070060,-0.045355781700,0.001993258046,0.106082162123
0.352051817690,-0.045489385735,0.002066890497,0.007236577322
0.349424565320,-0.045528832303,0.002162432157,0.026797826518
0.346797312950,-0.045682513004,0.002253540927,0.059799886623
0.344170060580,-0.045812062109,0.002324439019,0.071430951908
0.341542808210,-0.046059574536,0.002320571655,0.094471901965
0.338915555840,-0.046291236648,0.002396626734,0.086645722102
0.336288303460,-0.046478812219,0.002431771565,0.083071456349
0.333661051090,-0.046682812192,0.002376241517,0.074971477789
0.331033798720,-0.046822627641,0.002446113234,0.084711036698
0.328406546350,-0.047066093541,0.002492863964,0.097240778654
0.325779293980,-0.047294214545,0.002457046133,0.083575659473
0.323152041610,-0.047420341897,0.002478331481,0.064008946440
0.320524789240,-0.047541338414,0.002604658874,0.077902514196
0.317897536870,-0.047755038373,0.002709972057,0.109811768023
0.315270284500,-0.048050868508,0.002741443569,0.133684609896
0.312643032100,-0.048403698556,0.002871912926,0.131063927464
0.310015779800,-0.048669900473,0.002876407411,0.097347049685
0.307388527400,-0.048882584013,0.003003755709,0.085136817782
0.304761275000,-0.049084806492,0.003082190406,0.084153950545
0.302134022600,-0.049289067321,0.003013763232,0.052357183680
0.299506770300,-0.049326258363,0.002979386527,0.026269497511
0.296879517900,-0.049370032483,0.003081421991,0.019690889890
0.294252265500,-0.049461865246,0.003125056679,0.021459507680
0.291625013200,-0.049509509737,0.003125177951,-0.001229738678
0.288997760800,-0.049403220247,0.003303322875,-0.038254555363
0.286370508400,-0.049275630213,0.003407463511,-0.035631480184
0.283743256000,-0.049280146688,0.003312128370,-0.012859696394
0.281116003700,-0.049295951485,0.003231920986,-0.005769239995
0.278488751300,-0.049315424669,0.003045732360,0.010608922116
0.275861498900,-0.049345117908,0.002939184942,0.016910125675
0.273234246600,-0.049392112856,0.002849210469,0.007202916816
0.270606994200,-0.049390518677,0.002781629011,-0.006346911781
0.267979741800,-0.049317808310,0.002695406076,-0.007103744782
0.265352489400,-0.049270650678,0.002553657816,-0.019159353596
0.262725237100,-0.049142161603,0.002582231889,-0.047244098743
0.260097984700,-0.048958789946,0.002626856330,-0.073256036388
0.257470732300,-0.048714513157,0.002742002434,-0.071070519868
0.254843480000,-0.048496905916,0.002967895047,-0.049432788045
0.252216227600,-0.048379948814,0.003196307278,-0.060887675669
0.249588975200,-0.048167976226,0.003297564956,-0.109206393358
0.246961722900,-0.047838922220,0.003488618147,-0.100268036163
0.244334470500,-0.047688146761,0.003552396641,-0.043562865984
0.241707218100,-0.047678874510,0.003346146142,-0.030236218750
0.239079965700,-0.047541770769,0.003156652638,-0.043172820219
0.236452713400,-0.047437955240,0.002913284934,-0.007803905761
0.233825461000,-0.047551495587,0.002697633825,0.017501299715
0.231198208600,-0.047637393503,0.002572032090,0.016203825061
0.228570956300,-0.047786959336,0.002426009061,0.054632904811
0.225943703900,-0.048077844486,0.002349818633,0.104546591821
0.223316451500,-0.048445820359,0.002273429900,0.117104365293
0.220689199100,-0.048688449853,0.002282675511,0.055506952712
0.218061946800,-0.048814055769,0.002307665769,0.021312508295
0.215434694400,-0.048903427906,0.002273047539,0.000580620265
0.212807442000,-0.048945477152,0.002184359926,-0.045223115475
0.210180189700,-0.048803555778,0.002179030080,-0.123619488985
0.207552937300,-0.048449781286,0.002096422654,-0.177269007070
0.204925684900,-0.048017489987,0.001931784572,-0.169010342338
0.202298432500,-0.047689624020,0.001902069143,-0.132663714645
0.199671180200,-0.047430296884,0.001846583358,-0.084718116878
0.197043927800,-0.047356325540,0.001809656471,0.012462482387
0.194416675400,-0.047574869447,0.001890694986,0.059417499933
0.191789423100,-0.047754492688,0.001956107944,0.055739307369
0.189162170700,-0.047952338937,0.002117971460,0.082464708781
0.186534918300,-0.048223859324,0.002210314103,0.066360368799
0.183907666000,-0.048346272635,0.002292848805,0.040109863041
0.181280413600,-0.048486030739,0.002536549339,0.041958975063
0.178653161200,-0.048586830676,0.002768931541,0.007585821911
0.176025908800,-0.048545835283,0.002912221539,-0.045423674879
0.173398656500,-0.048451140762,0.003107824249,-0.042612690174
0.170771404100,-0.048466782811,0.003338760849,-0.034736482591
0.168144151700,-0.048401390407,0.003517842878,-0.045006113451
0.165516899400,-0.048340193006,0.003525550600,-0.039137985727
0.162889647000,-0.048309977619,0.003449763100,-0.029779394362
0.160262394600,-0.048305390517,0.003309240351,-0.026777642195
0.157635142200,-0.048254717034,0.003200036291,-0.047737312150
0.155007889900,-0.048107274275,0.002989614777,-0.078231796794
0.152380637500,-0.047840034823,0.002750058794,-0.109054474898
0.149753385100,-0.047544248418,0.002713083432,-0.100038615046
0.147126132800,-0.047328181832,0.002621286798,-0.081819803261
0.144498880400,-0.047111250515,0.002514862961,-0.050489291257
0.141871628000,-0.047068066550,0.002410690698,0.019136899250
0.139244375600,-0.047179954975,0.002322419128,0.049933741138
0.136617123300,-0.047328678728,0.002455965074,0.061054507216
0.133989870900,-0.047498167197,0.002536004818,0.059882291777
0.131362618500,-0.047663062276,0.002566407630,0.064778783977
0.128735366200,-0.047883450201,0.002686324588,0.067255348521
0.126108113800,-0.048076578067,0.002872799880,0.072680395581
0.123480861400,-0.048310391891,0.002896371269,0.072105149526
0.120853609000,-0.048488906558,0.002918351098,0.073050956739
0.118226356700,-0.048711241916,0.003061955948,0.077748015665
0.115599104300,-0.048973772340,0.003217520657,0.066168429569
0.112971851900,-0.049144164437,0.003291999402,0.064464317941
0.110344599600,-0.049329236688,0.003419603458,0.052358224144
0.107717347200,-0.049379589679,0.003565766541,0.012083572822
0.105090094800,-0.049333422344,0.003712158582,-0.031764488757
0.102462842500,-0.049166034393,0.003788628597,-0.078771870266
0.099835590100,-0.048953681885,0.003919408288,-0.095622815698
0.097208337700,-0.048723686887,0.004054604538,-0.090676830788
0.094581085300,-0.048543910092,0.004085284756,-0.048472875133
0.091953833000,-0.048482678981,0.004098518153,-0.001350492460
0.089326580600,-0.048559206563,0.004270423581,0.025862085306
0.086699328200,-0.048674054840,0.004403637136,0.037826576060
0.084072075900,-0.048942116897,0.004502868468,0.048245082310
0.081444823500,-0.049074465447,0.004790568220,0.040175263153
0.078817571100,-0.049212977650,0.004863692856,0.054351645788
0.076190318700,-0.049400810419,0.004795161159,0.052836952321
0.073563066400,-0.049556577517,0.004616274326,0.028874527357
0.070935814000,-0.049603365208,0.004659331916,-0.014596949590
0.068308561600,-0.049543781276,0.004710945397,-0.047655296814
0.065681309300,-0.049530254724,0.004561326050,0.009400568335
0.063054056900,-0.049717825720,0.004576732556,0.079951586578
0.060426804500,-0.049972231078,0.004635794149,0.112170165859
0.057799552100,-0.050316000961,0.004563478350,0.118349710747
0.055172299800,-0.050662350480,0.004479856744,0.127828942846
0.052545047400,-0.051011978491,0.004352557135,0.155901080314
0.049917795000,-0.051371590046,0.004257512546,0.120459806630
0.047290542700,-0.051585628073,0.004048926683,0.055399704575
0.044663290300,-0.051594598117,0.003950709492,-0.026118977867
0.042036037900,-0.051454489172,0.003799119339,-0.008737635010
0.039408785500,-0.051550934468,0.003826463938,0.047488954321
0.036781533200,-0.051770310072,0.003590184180,0.088377436498
0.034154280800,-0.052085878301,0.003394467713,0.113029314069
0.031527028400,-0.052426904042,0.003182054208,0.126520092447
0.028899776100,-0.052789713559,0.003069773341,0.142729811611
0.026272523700,-0.053100181969,0.002851853226,0.134001745158
0.023645271300,-0.053445259237,0.002490751039,-0.078088849251
0.021018019000,-0.052707843230,0.002164779854,0.239734330048
0.018390766600,-0.054593177894,0.002159244483,0.456696816645
0.015763514200,-0.055142045447,0.001906058542,0.155157184429
0.013136261800,-0.055506039520,0.001658308077,0.034766480962
0.010509009500,-0.055441959015,0.001483369458,-0.097700022726
0.007881757100,-0.055112584052,0.001463596457,-0.194277254332
0.005254504700,-0.054529638020,0.001395919319,-0.254378540002
0.002627252400,-0.053868116899,0.001286968578,-0.677688955196
0.000000000000,-0.051018343942,0.001333367739,-1.091555334039
