0.391460603250,-0.026282717912,0.000129211952,-0.506842712220
0.388833350880,-0.024841949888,0.000175090610,-0.061488212949
0.386206098510,-0.025858676313,0.000297259695,0.122419185748
0.383578846140,-0.025415153971,0.000362161084,0.005498769874
0.380951593770,-0.025613694216,0.000277919469,-0.142767716137
0.378324341400,-0.024726450169,0.000325343087,0.003394487279
0.375697089030,-0.025677110883,0.000446140491,0.024556785700
0.373069836660,-0.024909119796,0.000670572644,-0.241129961627
0.370442584290,-0.024450980711,0.000794597674,-0.011862600237
0.367815331920,-0.024795300345,0.000755985435,-0.040708400532
0.365188079550,-0.024232114575,0.000807465323,-0.101333795199
0.362560827170,-0.024279136932,0.000817895995,-0.025792747665
0.359933574800,-0.024075323110,0.000924420638,-0.107993266575
0.357306322430,-0.023726233791,0.001071196834,0.019297368898
0.354679070060,-0.024100096798,0.001075028159,0.024342675430
0.352051817690,-0.023956855117,0.001073168577,-0.085566260751
0.349424565320,-0.023737653197,0.001085483584,-0.034570232903
0.346797312950,-0.023741611042,0.001093032143,-0.030244939970
0.344170060580,-0.023625194620,0.001108094750,-0.058664129472
0.341542808210,-0.023499591411,0.001054210689,-0.057803653863
0.338915555840,-0.023353478280,0.001169996376,-0.035953668328
0.336288303460,-0.023337920321,0.001291834428,-0.013436728237
0.333661051090,-0.023343101018,0.001465661278,0.007045153682
0.331033798720,-0.023479718269,0.001587798318,0.036340806842
0.328406546350,-0.023676974317,0.001708157514,0.025889193619
0.325779293980,-0.023791032486,0.001837694098,0.032812353065
0.323152041610,-0.023969508823,0.001812571576,0.057573744574
0.320524789240,-0.024224202203,0.001951017835,0.046267753681
0.317897536870,-0.024311975208,0.002044818568,0.016806979747
0.315270284500,-0.024367284276,0.002110725695,0.016666925563
0.312643032100,-0.024463024957,0.002181510370,-0.005014629133
0.310015779800,-0.024467920084,0.002204336761,-0.011147758454
0.307388527400,-0.024472338057,0.002120919111,0.003498507526
0.304761275000,-0.024508275712,0.002141509006,0.021970033633
0.302134022600,-0.024543645997,0.002136037355,0.036236848933
0.299506770300,-0.024632026589,0.002043890750,0.057818158165
0.296879517900,-0.024791667901,0.002046645259,0.069644767053
0.294252265500,-0.024974199102,0.001996564335,0.049702237795
0.291625013200,-0.024979789795,0.001950914999,-0.010219057613
0.288997760800,-0.024827818736,0.001756155113,-0.065868346796
0.286370508400,-0.024604977478,0.001576528024,-0.060981274729
0.283743256000,-0.024406898471,0.001473302811,-0.059088811895
0.281116003700,-0.024190271766,0.001357630007,-0.061391098328
0.278488751300,-0.024033366563,0.001316923932,-0.057934274940
0.275861498900,-0.023890517153,0.001231607205,-0.064598358082
0.273234246600,-0.023741663307,0.001096257201,-0.057351742050
0.270606994200,-0.023565706897,0.001011062495,-0.073350600383
0.267979741800,-0.023362677117,0.001073521333,-0.064224306427
0.265352489400,-0.023288351130,0.001011240514,-0.032087255273
0.262725237100,-0.023231222211,0.001006463425,-0.032377915676
0.260097984700,-0.023197892726,0.000918270447,-0.049202608797
0.257470732300,-0.023036006397,0.001053474314,-0.056267035655
0.254843480000,-0.023025303271,0.001133633883,0.023250826501
0.252216227600,-0.023261194164,0.001047911417,0.077948404504
0.249588975200,-0.023526569606,0.000926766956,0.142833282404
0.246961722900,-0.024090306341,0.000887507923,0.199497962288
0.244334470500,-0.024605623435,0.000883487327,0.177489872100
0.241707218100,-0.025059231166,0.000884162323,0.155802793603
0.239079965700,-0.025493842333,0.000908908492,0.141997598270
0.236452713400,-0.025869804100,0.000903710935,0.129806731526
0.233825461000,-0.026237490187,0.000925257874,0.112982304058
0.231198208600,-0.026518260691,0.000980292860,0.065055523567
0.228570956300,-0.026607696780,0.001051312007,0.025450904004
0.225943703900,-0.026655842206,0.000974868074,0.016771124219
0.223316451500,-0.026677741409,0.001005462969,0.001301201914
0.220689199100,-0.026628346490,0.001091645389,0.011090315004
0.218061946800,-0.026657924144,0.001115883787,0.034914907186
0.215434694400,-0.026739320122,0.001188528804,0.021759310334
0.212807442000,-0.026781526133,0.001166506475,0.028307825578
0.210180189700,-0.026853992429,0.001116427860,0.078160429234
0.207552937300,-0.027137772949,0.001089966783,0.128411323625
0.204925684900,-0.027467158049,0.001115769864,0.142956023633
0.202298432500,-0.027854559177,0.001104026375,0.145699575383
0.199671180200,-0.028228534614,0.001082544873,0.128841816885
0.197043927800,-0.028542090202,0.001164102156,0.089411707594
0.194416675400,-0.028707259074,0.001249441375,0.039274342462
0.191789423100,-0.028761341983,0.001247647577,0.010277700657
0.189162170700,-0.028788452678,0.001369687630,-0.027956692407
0.186534918300,-0.028662594086,0.001468942233,-0.058115761134
0.183907666000,-0.028500604144,0.001554147337,-0.050733598455
0.181280413600,-0.028404946903,0.001595514972,-0.049086602798
0.178653161200,-0.028267271464,0.001665743883,-0.090362551766
0.176025908800,-0.028037384954,0.001712892384,-0.089975782759
0.173398656500,-0.027879886615,0.001687096003,-0.056332921135
0.170771404100,-0.027810292415,0.001707822853,-0.053637071230
0.168144151700,-0.027677511038,0.001729060162,-0.050478727855
0.165516899400,-0.027664143929,0.001752216354,-0.030515845205
0.162889647000,-0.027667587508,0.001743765777,-0.042524695889
0.160262394600,-0.027610966390,0.001608091300,-0.042858282075
0.157635142200,-0.027616262277,0.001604752485,-0.002171063708
0.155007889900,-0.027763469242,0.001483549434,0.020149933780
0.152380637500,-0.027893397270,0.001473079481,0.005110127541
0.149753385100,-0.027962345473,0.001397222705,-0.006137446721
0.147126132800,-0.028089490642,0.001222096585,-0.003123406672
0.144498880400,-0.028167815284,0.001094272186,0.003039905244
0.141871628000,-0.028313085226,0.001150395715,-0.010545705239
0.139244375600,-0.028342150023,0.001209236053,-0.049951605639
0.136617123300,-0.028262932972,0.001194047821,-0.104846994733
0.133989870900,-0.028041284675,0.001114645112,-0.140276530367
0.131362618500,-0.027832997743,0.000949322396,-0.157336737426
0.128735366200,-0.027484836444,0.000919584682,-0.192140015430
0.126108113800,-0.027001705797,0.000844572300,-0.225833170472
0.123480861400,-0.026510968219,0.000755692891,-0.212925943760
0.120853609000,-0.026091344831,0.000771614576,-0.139573073430
0.118226356700,-0.025922696030,0.000798095486,-0.064956091166
0.115599104300,-0.025868883235,0.000852404058,-0.009432355150
0.112971851900,-0.026030500770,0.001036933200,0.034519926974
0.110344599600,-0.026215613349,0.001098699099,0.031493622975
0.107717347200,-0.026321994094,0.001165850438,0.057424013453
0.105090094800,-0.026626591067,0.001284969366,0.121237729209
0.102462842500,-0.026998709270,0.001271395060,0.141800460543
0.099835590100,-0.027351735412,0.001340433072,0.137170856794
0.097208337700,-0.027648196218,0.001461233670,0.140605794950
0.094581085300,-0.028059990826,0.001544420866,0.163174800475
0.091953833000,-0.028427489620,0.001637961452,0.150572470702
0.089326580600,-0.028705176171,0.001825123540,0.135681397616
0.086699328200,-0.028977927147,0.001839125272,0.096011742792
0.084072075900,-0.029087662962,0.001825369390,0.068496426316
0.081444823500,-0.029137499215,0.001899384485,0.098785948200
0.078817571100,-0.029393911272,0.001971002717,0.110671323708
0.076190318700,-0.029532150112,0.002097649048,0.078364638985
0.073563066400,-0.029578548079,0.002049697824,0.062227742279
0.070935814000,-0.029720115612,0.001994884333,0.022995432783
0.068308561600,-0.029570439207,0.002003532077,-0.087924726820
0.065681309300,-0.029120969213,0.001924494565,-0.121131065231
0.063054056900,-0.028823305500,0.001798230108,-0.084242919100
0.060426804500,-0.028540236919,0.001721031971,-0.053965418901
0.057799552100,-0.028400593676,0.001648495125,0.002020798539
0.055172299800,-0.028443444551,0.001544857243,0.070993061741
0.052545047400,-0.028630828554,0.001545420488,0.095181259920
0.049917795000,-0.028875098403,0.001613818487,0.133743214104
0.047290542700,-0.029230466327,0.001604918249,0.204949269202
0.044663290300,-0.029815120686,0.001595219158,0.223539135233
0.042036037900,-0.030294961972,0.001626661539,0.167802022120
0.039408785500,-0.030524483507,0.001463722483,0.149146355252
0.036781533200,-0.030913229841,0.001299286703,0.185417133629
0.034154280800,-0.031257310362,0.001220240652,0.148717257005
0.031527028400,-0.031409067461,0.001119738585,0.075823507514
0.028899776100,-0.031591336124,0.001146789522,0.072185387208
0.026272523700,-0.031732624357,0.001089973548,-0.085661538430
0.023645271300,-0.031086827562,0.000950458324,-0.056903890546
0.021018019000,-0.031198015613,0.000832283414,0.224952940732
0.018390766600,-0.031980157787,0.000730734688,0.187944920625
0.015763514200,-0.032081590772,0.000730591160,0.081605377989
0.013136261800,-0.032279068732,0.000710911199,0.025586098126
0.010509009500,-0.032181461559,0.000552244043,-0.057638648167
0.007881757100,-0.032031996694,0.000441248769,-0.084135683137
0.005254504700,-0.031669862302,0.000256818371,-0.246172980102
0.002627252400,-0.030725364373,0.000128708728,-0.812702490597
0.000000000000,-0.027447638156,0.000074415579,-1.261204636826
