0.391460603250,-0.047667251540,-0.000673879675,0.025759865829
0.388833350880,-0.047687734138,-0.000781993673,0.233357996876
0.386206098510,-0.048887753529,-0.000475914357,0.237416704030
0.383578846140,-0.049037559630,-0.000304494039,-0.069828184880
0.380951593770,-0.048527892850,-0.000180228809,-0.022542237842
0.378324341400,-0.048905693818,-0.000088750042,0.154088956337
0.375697089030,-0.049325602823,0.000120027857,0.114163282022
0.373069836660,-0.049542147814,0.000435241305,0.070373301346
0.370442584290,-0.049746279423,0.000611572973,-0.173167921061
0.367815331920,-0.048749124699,0.000827938930,-0.074030548911
0.365188079550,-0.049420362038,0.001084408391,0.166355677339
0.362560827170,-0.049685187678,0.001412767918,-0.046533392530
0.359933574800,-0.049316810608,0.001666647767,-0.190345200927
0.357306322430,-0.048846295999,0.001835131260,-0.091964955521
0.354679070060,-0.048829396125,0.002085909928,0.023261403822
0.352051817690,-0.048924411346,0.002241167605,0.026730773437
0.349424565320,-0.048984185697,0.002331522931,0.032826270257
0.346797312950,-0.049074948396,0.002309399222,0.027593469593
0.344170060580,-0.049194394948,0.002440067590,0.056572557414
0.341542808210,-0.049424934406,0.002493689988,0.098399950241
0.338915555840,-0.049733041154,0.002532393683,0.075934125472
0.336288303460,-0.049856922495,0.002587212857,0.073837107198
0.333661051090,-0.050059518952,0.002555242230,0.092576618424
0.331033798720,-0.050180686996,0.002525568492,0.081884366928
0.328406546350,-0.050303000201,0.002551133479,0.086997116893
0.325779293980,-0.050493903145,0.002566256730,0.087748306805
0.323152041610,-0.050624180725,0.002692227602,0.074562389952
0.320524789240,-0.050763224225,0.002816077782,0.090886902490
0.317897536870,-0.050989708874,0.002843843986,0.105598062819
0.315270284500,-0.051243772103,0.002859249259,0.093518525313
0.312643032100,-0.051442937504,0.002942058834,0.096421334170
0.310015779800,-0.051715052193,0.003077801144,0.121509111156
0.307388527400,-0.052034930917,0.003083729771,0.102117282078
0.304761275000,-0.052260681220,0.003079108257,0.042191257012
0.302134022600,-0.052328910385,0.003076050058,0.039236349308
0.299506770300,-0.052512615999,0.003051204187,0.047555281174
0.296879517900,-0.052581214167,0.003071692293,-0.002243349292
0.294252265500,-0.052563973052,0.003163321968,-0.021201778040
0.291625013200,-0.052564632681,0.003231009343,-0.042867233339
0.288997760800,-0.052486058753,0.003201579995,-0.057223364775
0.286370508400,-0.052429420142,0.003328940869,-0.042146251534
0.283743256000,-0.052331811001,0.003351837551,-0.035051486522
0.281116003700,-0.052265480926,0.003312516143,-0.000724979949
0.278488751300,-0.052325570931,0.003233781616,0.011509198586
0.275861498900,-0.052373494344,0.003183196737,-0.005828007683
0.273234246600,-0.052433622873,0.003012228941,0.005883465667
0.270606994200,-0.052463040030,0.002818691288,0.012634253009
0.267979741800,-0.052459449533,0.002697185828,0.000661737139
0.265352489400,-0.052463176767,0.002730547228,-0.010428821157
0.262725237100,-0.052344999249,0.002735987316,-0.045029125803
0.260097984700,-0.052142133888,0.002776368383,-0.057180588883
0.257470732300,-0.051980591871,0.002992299207,-0.047854640628
0.254843480000,-0.051808769948,0.003055071528,-0.061846142750
0.252216227600,-0.051641506911,0.003191046562,-0.047971753289
0.249588975200,-0.051551871734,0.003434338465,-0.038246093972
0.246961722900,-0.051417800353,0.003507512580,-0.075341964943
0.244334470500,-0.051254904141,0.003602207563,-0.065992137604
0.241707218100,-0.051169636899,0.003457572377,-0.041152621600
0.239079965700,-0.051056247484,0.003183358774,-0.033213296701
0.236452713400,-0.051024543758,0.002908347098,0.006729872828
0.233825461000,-0.051144041086,0.002692188188,-0.014222712781
0.231198208600,-0.051083633316,0.002543260226,0.002719658155
0.228570956300,-0.051329623972,0.002466772561,0.083486361296
0.225943703900,-0.051640532317,0.002332695770,0.078354919964
0.223316451500,-0.051871996359,0.002257823387,0.072797582923
0.220689199100,-0.052109490785,0.002303470149,0.054643167162
0.218061946800,-0.052279134626,0.002306762938,0.011095361420
0.215434694400,-0.052348879275,0.002251286248,-0.024340400248
0.212807442000,-0.052307036302,0.002210173256,-0.060910060571
0.210180189700,-0.052128763610,0.002214643071,-0.096873568954
0.207552937300,-0.051909022811,0.002096812373,-0.149922517927
0.204925684900,-0.051461481743,0.001939641308,-0.181205312152
0.202298432500,-0.051077383062,0.001917631016,-0.112426617008
0.199671180200,-0.050961670266,0.001980989544,-0.050671021337
0.197043927800,-0.050881532156,0.001949472503,0.011125545802
0.194416675400,-0.051110167842,0.001990750001,0.102435071403
0.191789423100,-0.051463441920,0.002039659315,0.092368290064
0.189162170700,-0.051623642568,0.002143896527,0.038368441269
0.186534918300,-0.051691716022,0.002339338066,0.039755330385
0.183907666000,-0.051848118730,0.002431535126,0.070880913175
0.181280413600,-0.052078988212,0.002606690648,0.046615511370
0.178653161200,-0.052156244917,0.002769698659,-0.000227993243
0.176025908800,-0.052147000404,0.002904724750,-0.034532886239
0.173398656500,-0.052092147930,0.003158259627,-0.032744179744
0.170771404100,-0.052074874203,0.003420391585,-0.038046077512
0.168144151700,-0.052021839759,0.003612494370,-0.069714855903
0.165516899400,-0.051824665228,0.003648935127,-0.055043308119
0.162889647000,-0.051836891498,0.003484116100,0.017164466677
0.160262394600,-0.051968256820,0.003415814195,-0.028146011086
0.157635142200,-0.051746586401,0.003274017465,-0.092973515612
0.155007889900,-0.051544817620,0.003088804673,-0.102942232965
0.152380637500,-0.051274222615,0.002880987369,-0.119863858526
0.149753385100,-0.050990991044,0.002787344226,-0.101273186748
0.147126132800,-0.050794228811,0.002701524515,-0.068542796474
0.144498880400,-0.050694048906,0.002564333527,-0.032683222252
0.141871628000,-0.050660882104,0.002474878528,0.000918685500
0.139244375600,-0.050748712270,0.002417748646,0.035415958486
0.136617123300,-0.050929259614,0.002373076611,0.057747566793
0.133989870900,-0.051100959327,0.002461711284,0.051896908691
0.131362618500,-0.051207653575,0.002679009581,0.040043032293
0.128735366200,-0.051351127316,0.002826646634,0.081406253278
0.126108113800,-0.051640998040,0.002900653649,0.084689596389
0.123480861400,-0.051791173543,0.003027734017,0.048843410732
0.120853609000,-0.051953883892,0.003048416207,0.058776470324
0.118226356700,-0.052205146018,0.003173754055,0.075391723840
0.115599104300,-0.052460816071,0.003267635659,0.053239736043
0.112971851900,-0.052517318163,0.003493380525,0.045598434571
0.110344599600,-0.052636109611,0.003660536160,0.059248207727
0.107717347200,-0.052797375655,0.003664962889,0.021482228364
0.105090094800,-0.052731618598,0.003734228878,-0.027997640640
0.102462842500,-0.052648203048,0.003908132349,-0.053378192444
0.099835590100,-0.052460789383,0.003990301974,-0.090583718000
0.097208337700,-0.052236133812,0.004071806072,-0.081307977107
0.094581085300,-0.052143783300,0.004135484453,-0.071247930668
0.091953833000,-0.052021476913,0.004303007784,-0.040358583281
0.089326580600,-0.052066331534,0.004490281582,0.015294137194
0.086699328200,-0.052169775782,0.004557479661,0.046008713465
0.084072075900,-0.052299740402,0.004752570751,0.082637865127
0.081444823500,-0.052594212761,0.004901606299,0.117906634981
0.078817571100,-0.052938403466,0.004983331554,0.094610034760
0.076190318700,-0.053133636073,0.004915503791,0.048910340109
0.073563066400,-0.053219347399,0.004729772824,0.024767295542
0.070935814000,-0.053304827965,0.004669534882,-0.005605164855
0.068308561600,-0.053306728480,0.004817040772,-0.027431790901
0.065681309300,-0.053210308292,0.004838631143,0.012968689457
0.063054056900,-0.053313785472,0.004882309875,0.070573893623
0.060426804500,-0.053588758359,0.004966693866,0.114139524820
0.057799552100,-0.053912214586,0.004760055767,0.125257588165
0.055172299800,-0.054251067932,0.004660870953,0.108731115275
0.052545047400,-0.054517287861,0.004543507294,0.083877745624
0.049917795000,-0.054727751885,0.004400180185,0.063011731492
0.047290542700,-0.054928946361,0.004256411336,0.061272307431
0.044663290300,-0.055146744423,0.004059242138,0.024936057320
0.042036037900,-0.055075407984,0.003974831707,-0.024338323545
0.039408785500,-0.055014078212,0.003812063618,0.022788843434
0.036781533200,-0.055183414714,0.003654079712,0.093314482827
0.034154280800,-0.055477693059,0.003573152071,0.124497993100
0.031527028400,-0.055777425396,0.003338208587,0.108978412200
0.028899776100,-0.056032547052,0.003223536828,0.137272753486
0.026272523700,-0.056439946785,0.002945209256,0.184039486292
0.023645271300,-0.056939844783,0.002624210500,0.205839473718
0.021018019000,-0.057560756784,0.002390491125,0.197591921885
0.018390766600,-0.058017798241,0.002212358894,-0.061180725811
0.015763514200,-0.057277190886,0.001811593291,0.152533613282
0.013136261800,-0.058437455122,0.001754413211,0.295110081650
0.010509009500,-0.058764288283,0.001576759993,-0.010435646660
0.007881757100,-0.058433074441,0.001427944615,-0.176186582600
0.005254504700,-0.057927322326,0.001462416611,-0.290217247786
0.002627252400,-0.057080062275,0.001411381778,-1.661885297759
0.000000000000,-0.049249137694,0.001039915986,-2.992905116374
