0.391460603250,0.046335811660,0.000499047407,-0.555875471493
0.388833350880,0.047928339373,-0.000208996671,-0.255095845263
0.386206098510,0.047891156681,-0.000470500011,-0.297312992592
0.383578846140,0.049587735885,-0.000662842947,-0.425871292083
0.380951593770,0.050076082447,-0.000503497568,0.070264114481
0.378324341400,0.049228640296,-0.000179456619,0.306133679953
0.375697089030,0.048497444189,0.000105409570,-0.097982881725
0.373069836660,0.049755443550,0.000448318628,-0.254041135391
0.370442584290,0.049828004968,0.000753579009,-0.054189056414
0.367815331920,0.049976134221,0.000958906770,0.002697783032
0.365188079550,0.049900526099,0.001184053717,-0.238755361898
0.362560827170,0.051248493310,0.001491548070,-0.503840755948
0.359933574800,0.052530974269,0.001813967487,-0.373314014081
0.357306322430,0.053171991726,0.002015287507,-0.257090683694
0.354679070060,0.053873906920,0.002314242829,-0.202432958310
0.352051817690,0.054265887649,0.002592915618,-0.142668145502
0.349424565320,0.054669208519,0.002737334064,-0.089404545024
0.346797312950,0.054916320767,0.002709202193,-0.029630497126
0.344170060580,0.054855684327,0.002675960462,-0.005102150826
0.341542808210,0.054867029567,0.002773000222,0.021197073063
0.338915555840,0.054722229798,0.002814980401,0.070357194487
0.336288303460,0.054522219131,0.002723174930,0.060151883649
0.333661051090,0.054406765676,0.002682674300,0.019359824362
0.331033798720,0.054253002703,0.002803267782,0.034958841542
0.328406546350,0.054071176612,0.002933925943,0.066176048194
0.325779293980,0.053898560342,0.002898115740,0.038609472036
0.323152041610,0.053864790839,0.002784269793,0.018357723281
0.320524789240,0.053771814205,0.002793443166,-0.004317048822
0.317897536870,0.053808537279,0.002731131944,0.038260538768
0.315270284500,0.053616607963,0.002824213290,0.106158390078
0.312643032100,0.053328222915,0.002908643943,0.072503715525
0.310015779800,0.053222115108,0.002945646585,0.022746132471
0.307388527400,0.053223152466,0.002914926032,0.022298195195
0.304761275000,0.053099873042,0.002842075772,0.070906836144
0.302134022600,0.052846506031,0.002868021308,0.100614310563
0.299506770300,0.052610723761,0.002827876862,0.130679961593
0.296879517900,0.052219912327,0.002688745299,0.119231797763
0.294252265500,0.051933807930,0.002604305472,0.068780539050
0.291625013200,0.051764138032,0.002469326856,0.023069601725
0.288997760800,0.051722244984,0.002282156535,-0.006391920041
0.286370508400,0.051759849704,0.002209201427,-0.051425864277
0.283743256000,0.051900982969,0.002282507870,-0.046324549125
0.281116003700,0.051910623903,0.002392182530,-0.020696460910
0.278488751300,0.051864545473,0.002471124589,-0.011039871000
0.275861498900,0.051896758182,0.002429507905,-0.003254997276
0.273234246600,0.051803134001,0.002354853824,-0.001583395872
0.270606994200,0.051797525938,0.002226824143,-0.037953751006
0.267979741800,0.051938423691,0.001976784719,0.154286828336
0.265352489400,0.050982607079,0.001910144391,0.133403054905
0.262725237100,0.051263521187,0.001897416015,-0.316966312862
0.260097984700,0.052697791293,0.001876830575,-0.304265930259
0.257470732300,0.052829597434,0.001817302873,-0.051979612574
0.254843480000,0.052928578224,0.001943047103,-0.029018110268
0.252216227600,0.052969773524,0.001978013925,-0.002970196287
0.249588975200,0.052924459895,0.001901647302,0.030096908844
0.246961722900,0.052764766258,0.001846683496,0.056442307901
0.244334470500,0.052617564504,0.001822945147,0.066196261408
0.241707218100,0.052382894390,0.001762941795,0.087383135537
0.239079965700,0.052192310372,0.001730110998,0.081158007020
0.236452713400,0.051942143867,0.001671601715,0.093119633771
0.233825461000,0.051704122935,0.001566181109,0.076590599927
0.231198208600,0.051543398957,0.001461752312,0.039942985232
0.228570956300,0.051412375735,0.001402966059,0.018846570688
0.225943703900,0.051377193112,0.001328652568,0.000494702162
0.223316451500,0.051368114942,0.001196769914,-0.013322243484
0.220689199100,0.051406296556,0.001046387548,-0.035859058904
0.218061946800,0.051502480408,0.000855643569,-0.004283260223
0.215434694400,0.051441280779,0.000709464345,0.018021428869
0.212807442000,0.051433272910,0.000608755449,-0.013555105029
0.210180189700,0.051484763053,0.000549080183,-0.013432003333
0.207552937300,0.051508260947,0.000494076933,-0.003693006474
0.204925684900,0.051510744956,0.000398656374,0.000233619611
0.202298432500,0.051518223240,0.000421879680,-0.019570822388
0.199671180200,0.051642690206,0.000449041399,-0.019380878270
0.197043927800,0.051693018841,0.000434510293,-0.024642068784
0.194416675400,0.051798990451,0.000517010712,-0.023491469174
0.191789423100,0.051854118259,0.000568371002,-0.017146709062
0.189162170700,0.051928055141,0.000568118113,-0.028503738970
0.186534918300,0.052058417427,0.000564018264,-0.011197341122
0.183907666000,0.052074688691,0.000528158944,0.019659784601
0.181280413600,0.052038074798,0.000568610638,0.021734343784
0.178653161200,0.052024571165,0.000657784917,0.007676276441
0.176025908800,0.052021209036,0.000628775933,0.001052406605
0.173398656500,0.052016404605,0.000637204215,0.011877372718
0.170771404100,0.052001387393,0.000640496780,0.024878167725
0.168144151700,0.051947188409,0.000656222368,0.027282815438
0.165516899400,0.051910432457,0.000760373590,0.019400281360
0.162889647000,0.051884465636,0.000801676999,0.035665018266
0.160262394600,0.051764337359,0.000842180609,0.060623706638
0.157635142200,0.051615342138,0.000937687574,0.034439776378
0.155007889900,0.051631820853,0.001213003220,-0.003988340554
0.152380637500,0.051678985481,0.001293242456,0.001886044240
0.149753385100,0.051674417998,0.001296957667,-0.000431168145
0.147126132800,0.051758143624,0.001262905932,-0.010338202703
0.144498880400,0.051825493879,0.001266934049,-0.025129990990
0.141871628000,0.052023085168,0.001142542286,-0.059873741558
0.139244375600,0.052288749540,0.001085341842,-0.059496493922
0.136617123300,0.052471795512,0.001009441556,-0.076189293496
0.133989870900,0.052862218398,0.001016442607,-0.128121069284
0.131362618500,0.053217334247,0.001029000993,-0.110508974063
0.128735366200,0.053454111813,0.000835984440,-0.062751038478
0.126108113800,0.053519853240,0.000744239305,-0.018016983550
0.123480861400,0.053520545451,0.000558265616,0.015707804053
0.120853609000,0.053412382339,0.000515128037,0.035876591316
0.118226356700,0.053266404238,0.000532174631,0.045227907930
0.115599104300,0.053085605269,0.000575225445,0.070864425761
0.112971851900,0.052787321630,0.000702233001,0.110711128005
0.110344599600,0.052411335183,0.000750687636,0.142427984457
0.107717347200,0.051937179286,0.000767246935,0.141624437868
0.105090094800,0.051510266950,0.000689701010,0.076765713185
0.102462842500,0.051278531199,0.000666622914,0.082374033941
0.099835590100,0.050845452353,0.000747207977,0.137224133589
0.097208337700,0.050424291097,0.000889000359,0.113681877783
0.094581085300,0.050105894485,0.000987554183,0.109401208919
0.091953833000,0.049731632497,0.001021275460,0.075383003049
0.089326580600,0.049572407860,0.001021959728,0.026702887892
0.086699328200,0.049508824054,0.001027134269,-0.026689914325
0.084072075900,0.049605225248,0.001023469778,-0.067098337171
0.081444823500,0.049754313626,0.001123838136,-0.021361397748
0.078817571100,0.049660423943,0.001305139719,-0.001942123818
0.076190318700,0.049721718300,0.001265762062,-0.103716255196
0.073563066400,0.050150982143,0.001317104776,-0.172755176063
0.070935814000,0.050563007327,0.001555381545,-0.188263486567
0.068308561600,0.050955876539,0.001502752369,-0.134265484225
0.065681309300,0.051125699239,0.001562045262,-0.097625816449
0.063054056900,0.051332920474,0.001597357719,-0.091174206386
0.060426804500,0.051492621753,0.001649094089,-0.029277886486
0.057799552100,0.051354876791,0.001639118375,0.044076096381
0.055172299800,0.051161553084,0.001468638975,0.044369498783
0.052545047400,0.050863305430,0.001526373670,0.089753730450
0.049917795000,0.050456363911,0.001701158804,0.107662425033
0.047290542700,0.050127817826,0.001807683892,0.101356831997
0.044663290300,0.049747521787,0.001758954333,0.102220134882
0.042036037900,0.049496472782,0.001698990414,0.069637034479
0.039408785500,0.049284704635,0.001727650115,0.095550500049
0.036781533200,0.048886873291,0.001693830594,0.095441396488
0.034154280800,0.048620586402,0.001702223603,0.038668450025
0.031527028400,0.048536287336,0.001672125868,-0.027703168094
0.028899776100,0.048669775307,0.001705601004,-0.084534738660
0.026272523700,0.048842100270,0.001666534306,0.132443449016
0.023645271300,0.047751840231,0.001553425541,-0.044409349109
0.021018019000,0.048873010056,0.001486005331,-0.224227736773
0.018390766600,0.048850601300,0.001418149754,0.046888178705
0.015763514200,0.048658080244,0.001242477025,0.077158584923
0.013136261800,0.048381041014,0.001032209476,0.066453340223
0.010509009500,0.048170258307,0.000689402214,-0.002795754834
0.007881757100,0.048231195015,0.000387970229,-0.085797062629
0.005254504700,0.048459796133,0.000218849755,-0.090825909892
0.002627252400,0.048568451744,0.000056598927,1.093261374928
0.000000000000,0.042635633993,-0.000184155736,2.246533622382
