0.391460603250,-0.053788389911,-0.000028426048,-0.308034930749
0.388833350880,-0.053002371089,-0.000363904076,-0.287534168353
0.386206098510,-0.052412046842,-0.000621874426,-0.040552626538
0.383578846140,-0.052660350090,-0.000706415378,0.253910479228
0.380951593770,-0.053592006015,-0.000538741495,0.874388914502
0.378324341400,-0.057091637748,-0.000381275505,0.887113308904
0.375697089030,-0.058098585686,-0.000198517332,0.163670426622
0.373069836660,-0.057765673429,-0.000031431210,-0.221261222347
0.370442584290,-0.056821180595,0.000091966012,0.135812447855
0.367815331920,-0.058315652690,0.000386133168,0.101997299648
0.365188079550,-0.057148349632,0.000707516542,-0.495070264209
0.362560827170,-0.055648272946,0.000995989429,-0.306277305178
0.359933574800,-0.055512362444,0.001317264281,0.067308833888
0.357306322430,-0.056001097916,0.001661583392,0.093776255105
0.354679070060,-0.056048169557,0.001901187644,-0.073931603834
0.352051817690,-0.055660442432,0.002133628431,-0.129490238901
0.349424565320,-0.055361753425,0.002246988925,-0.067871216591
0.346797312950,-0.055219980631,0.002373375616,-0.018216531418
0.344170060580,-0.055154683386,0.002295155352,0.013066396448
0.341542808210,-0.055176924581,0.002178493844,-0.011337795573
0.338915555840,-0.055003423449,0.002325592340,-0.007425197600
0.336288303460,-0.055122281912,0.002353165417,0.064069291733
0.333661051090,-0.055377261412,0.002410256082,0.091362466363
0.331033798720,-0.055585729873,0.002394768171,0.060649902926
0.328406546350,-0.055748411276,0.002401693073,0.047811571320
0.325779293980,-0.055984031630,0.002555880979,0.058332024448
0.323152041610,-0.056141289809,0.002621042504,0.059825000905
0.320524789240,-0.056304537802,0.002690560119,0.084153264313
0.317897536870,-0.056512351966,0.002771681705,0.065475788917
0.315270284500,-0.056659939981,0.002770259091,0.038413738677
0.312643032100,-0.056811542074,0.002771311694,0.027867139106
0.310015779800,-0.056921584097,0.002836519496,0.013899864853
0.307388527400,-0.056996150277,0.002827160173,0.033182139017
0.304761275000,-0.057167756860,0.002861157902,0.058519059383
0.302134022600,-0.057344504804,0.002833795973,0.054593648545
0.299506770300,-0.057465263804,0.002900510301,0.035809315385
0.296879517900,-0.057513144709,0.002885731191,0.008967748044
0.294252265500,-0.057561014934,0.002890896680,-0.010758997077
0.291625013200,-0.057567984442,0.003006915690,-0.014867206463
0.288997760800,-0.057595772805,0.003009043806,0.003018272975
0.286370508400,-0.057737048221,0.003039299691,0.034354113812
0.283743256000,-0.057885452297,0.003022990707,0.004509707404
0.281116003700,-0.057901533475,0.003073246057,-0.054406840220
0.278488751300,-0.057741918506,0.002969381006,-0.083694275115
0.275861498900,-0.057593105197,0.002860306777,-0.079810249008
0.273234246600,-0.057441842772,0.002755313540,-0.073869835082
0.270606994200,-0.057344180316,0.002565681632,-0.076586480757
0.267979741800,-0.057171113465,0.002351214060,-0.075294289626
0.265352489400,-0.057040930750,0.002288707518,-0.044867059792
0.262725237100,-0.057033655455,0.002299488306,-0.021072805790
0.260097984700,-0.057043506736,0.002367612728,-0.008597623515
0.257470732300,-0.057085460388,0.002319887113,-0.012965104822
0.254843480000,-0.057129779537,0.002193767773,-0.023758981714
0.252216227600,-0.057116963438,0.002278801739,-0.020018597693
0.249588975200,-0.057161176629,0.002360206116,0.014767650580
0.246961722900,-0.057344275050,0.002403446723,0.031834800680
0.244334470500,-0.057474767591,0.002508656393,0.035101302923
0.241707218100,-0.057685028607,0.002499353473,0.048980272633
0.239079965700,-0.057868102161,0.002449849188,0.023315966749
0.236452713400,-0.057962526741,0.002419614797,0.004472855967
0.233825461000,-0.058043106421,0.002373677426,0.012926236096
0.231198208600,-0.058153103674,0.002151502379,0.015189735837
0.228570956300,-0.058259683271,0.001978810710,0.020701310409
0.225943703900,-0.058360018723,0.001841278077,0.050837923934
0.223316451500,-0.058588575516,0.001680784666,0.054607705769
0.220689199100,-0.058705201842,0.001578561359,0.055812377417
0.218061946800,-0.058861045006,0.001592498687,0.088638182622
0.215434694400,-0.059156908258,0.001569423270,0.130418814979
0.212807442000,-0.059469562212,0.001579614371,0.134056035706
0.210180189700,-0.059714899239,0.001622300097,0.084856089365
0.207552937300,-0.059864361866,0.001690904196,0.063835279541
0.204925684900,-0.059946165838,0.001804998924,0.032433231329
0.202298432500,-0.059944914499,0.001880652699,-0.008172869074
0.199671180200,-0.059903703961,0.001905735562,-0.011150293022
0.197043927800,-0.059861012163,0.002057941627,-0.036460405535
0.194416675400,-0.059668130698,0.002096954250,-0.028296503220
0.191789423100,-0.059560508832,0.002031962373,0.005708390342
0.189162170700,-0.059543072686,0.002019807413,0.016651120829
0.186534918300,-0.059524740423,0.002099970418,0.020272477395
0.183907666000,-0.059552726270,0.002159844772,0.022834801397
0.181280413600,-0.059536066773,0.002106242466,0.008117201291
0.178653161200,-0.059512536033,0.002098741141,0.011073526565
0.176025908800,-0.059536806045,0.002235661714,0.037702622499
0.173398656500,-0.059631685257,0.002363446525,0.047466038730
0.170771404100,-0.059707011138,0.002422380979,0.036033480540
0.168144151700,-0.059728794593,0.002566639116,0.022316880363
0.165516899400,-0.059716075013,0.002662428837,0.001941314927
0.162889647000,-0.059622081984,0.002848754021,0.017874497581
0.160262394600,-0.059677376502,0.002926389719,0.033863161540
0.157635142200,-0.059689979308,0.002879661794,0.012548600919
0.155007889900,-0.059662028640,0.003010742249,-0.010744330126
0.152380637500,-0.059556377957,0.003133669055,-0.028539795485
0.149753385100,-0.059400218810,0.003075255549,-0.093208604144
0.147126132800,-0.059055685289,0.003186241584,-0.149030355931
0.144498880400,-0.058573612864,0.003230424471,-0.160313609203
0.141871628000,-0.058158990462,0.003244659260,-0.130658765978
0.139244375600,-0.057785245580,0.003288174301,-0.084866650137
0.136617123300,-0.057578711412,0.003136726386,-0.068224632831
0.133989870900,-0.057284366762,0.002994311834,-0.061521900037
0.131362618500,-0.057082047075,0.002870670802,-0.038647066134
0.128735366200,-0.056936558474,0.002684782813,-0.016685690309
0.126108113800,-0.056902921817,0.002535884030,0.077446287038
0.123480861400,-0.057166501678,0.002535197857,0.146194600592
0.120853609000,-0.057479979297,0.002478138799,0.133667412867
0.118226356700,-0.057703207399,0.002418086065,0.167381140309
0.115599104300,-0.058212869140,0.002372313741,0.223641194929
0.112971851900,-0.058759022454,0.002335365506,0.217183065248
0.110344599600,-0.059244102101,0.002434409445,0.205583260297
0.107717347200,-0.059716579862,0.002392164773,0.154221259181
0.105090094800,-0.060022693080,0.002382072293,0.140511272847
0.102462842500,-0.060403672206,0.002481782858,0.203004964945
0.099835590100,-0.061039285465,0.002545810723,0.229058149283
0.097208337700,-0.061570734861,0.002573943939,0.177490284215
0.094581085300,-0.061920416668,0.002538015114,0.137610447463
0.091953833000,-0.062253838930,0.002559291879,0.104677435117
0.089326580600,-0.062409622504,0.002739206558,0.028628320838
0.086699328200,-0.062366906946,0.002710097854,-0.064923284011
0.084072075900,-0.062096455633,0.002677406281,-0.147377050510
0.081444823500,-0.061590822684,0.002843855811,-0.174646756069
0.078817571100,-0.061200105581,0.002797986248,-0.097855589581
0.076190318700,-0.061094716022,0.002729067567,-0.054433205841
0.073563066400,-0.060918488444,0.002871035787,-0.077184340558
0.070935814000,-0.060686042284,0.002859752504,-0.079982411249
0.068308561600,-0.060558840967,0.002862517026,-0.013320958538
0.065681309300,-0.060693804218,0.002797364890,0.048013071922
0.063054056900,-0.060893198614,0.002770131935,0.057593907352
0.060426804500,-0.061070848057,0.002859524111,0.056132528299
0.057799552100,-0.061319296504,0.002966219574,0.095072629024
0.055172299800,-0.061724592873,0.002973588449,0.178455037112
0.052545047400,-0.062379281837,0.002957153573,0.169608507550
0.049917795000,-0.062779045051,0.002993332645,0.105693839607
0.047290542700,-0.063149533636,0.002884377392,0.105682205659
0.044663290300,-0.063551786511,0.002681986585,0.075685988967
0.042036037900,-0.063765115142,0.002592514223,0.027996856862
0.039408785500,-0.063902187076,0.002407860869,-0.009707022585
0.036781533200,-0.063958130719,0.002221383162,-0.041032244404
0.034154280800,-0.064037185155,0.002134040113,-0.055644817028
0.031527028400,-0.064004229346,0.002174022727,-0.110556282272
0.028899776100,-0.063813943484,0.002211145062,-0.126380930243
0.026272523700,-0.063632513408,0.002185157491,-0.360250501257
0.023645271300,-0.062138055269,0.002108708811,-0.417407308624
0.021018019000,-0.061762883162,0.001939099494,0.154633783916
0.018390766600,-0.063162527031,0.001816581999,0.271792855999
0.015763514200,-0.063385650985,0.001743033799,0.049409626263
0.013136261800,-0.063593998095,0.001620397049,0.029111241270
0.010509009500,-0.063659398809,0.001525892954,-0.032639094703
0.007881757100,-0.063489496963,0.001447616094,-0.090672932607
0.005254504700,-0.063291828263,0.001405921498,-0.252818090420
0.002627252400,-0.062263048457,0.001377529554,-1.491359115293
0.000000000000,-0.055543035963,0.000993232123,-2.560775292842
