0.391460603250,-0.023571190327,0.000912565312,-0.134979948814
0.388833350880,-0.023248581702,0.000970704021,-0.109945965642
0.386206098510,-0.022946379221,0.001204120342,0.073178161840
0.383578846140,-0.023551930200,0.001443620708,0.492831082021
0.380951593770,-0.025483095584,0.001532534922,0.226646591438
0.378324341400,-0.024743694697,0.001510409274,-0.245047479851
0.375697089030,-0.024222137456,0.001524033612,0.065172698905
0.373069836660,-0.025128129671,0.001564689102,-0.024427750223
0.370442584290,-0.024085952957,0.001720668955,-0.203386646255
0.367815331920,-0.024134789516,0.001621176627,0.008765697938
0.365188079550,-0.024056981566,0.001501161843,-0.031612062132
0.362560827170,-0.023869153261,0.001418481963,-0.161049518557
0.359933574800,-0.023152712058,0.001477234081,-0.245791749194
0.357306322430,-0.022621391755,0.001440412014,0.027950769607
0.354679070060,-0.023463446100,0.001441436115,0.078160196164
0.352051817690,-0.023195891702,0.001544842512,-0.140057107743
0.349424565320,-0.022902754069,0.001641566130,-0.119731919613
0.346797312950,-0.022692574684,0.001802826985,-0.089899320794
0.344170060580,-0.022568905559,0.001955373815,-0.052224924932
0.341542808210,-0.022562702914,0.002096189465,-0.032249066691
0.338915555840,-0.022570021948,0.002104444078,-0.037147463793
0.336288303460,-0.022476927046,0.002113477458,-0.050793637166
0.333661051090,-0.022412136426,0.002153461711,-0.012713449317
0.331033798720,-0.022499295210,0.002144118178,0.017830697733
0.328406546350,-0.022603281424,0.002165928606,-0.003337200396
0.325779293980,-0.022616607065,0.002184878295,0.003786874016
0.323152041610,-0.022776098634,0.002204837949,0.047650964799
0.320524789240,-0.022969288440,0.002354099547,0.038807259621
0.317897536870,-0.023098687593,0.002483786823,0.029380913005
0.315270284500,-0.023186881253,0.002506048331,0.040573167635
0.312643032100,-0.023334360260,0.002577874846,0.076528465528
0.310015779800,-0.023609180147,0.002656568291,0.083643053802
0.307388527400,-0.023848405417,0.002736964595,0.064233018426
0.304761275000,-0.024008007563,0.002688116796,0.052968743364
0.302134022600,-0.024217692239,0.002557706446,0.044428423199
0.299506770300,-0.024347436571,0.002561016228,0.001856936331
0.296879517900,-0.024364164499,0.002664050851,-0.034545722966
0.294252265500,-0.024321998566,0.002555777885,-0.042239122212
0.291625013200,-0.024275079703,0.002486363302,-0.058361234868
0.288997760800,-0.024161747795,0.002578978525,-0.081662828447
0.286370508400,-0.023976775671,0.002693930837,-0.096877003944
0.283743256000,-0.023752917610,0.002699089716,-0.091494305313
0.281116003700,-0.023577488438,0.002692820038,-0.064835316506
0.278488751300,-0.023551399467,0.002498877178,-0.041088937030
0.275861498900,-0.023513013001,0.002298454557,-0.047861876859
0.273234246600,-0.023470900929,0.002217929001,-0.036413318796
0.270606994200,-0.023507854309,0.002135474396,-0.014712733181
0.267979741800,-0.023550434997,0.001903201754,0.018254841707
0.265352489400,-0.023684102115,0.001701423467,0.024980093693
0.262725237100,-0.023799146992,0.001709325288,0.049197109963
0.260097984700,-0.024011500861,0.001695577450,0.077049565366
0.257470732300,-0.024203300861,0.001642735734,0.066624155157
0.254843480000,-0.024290060420,0.001585479521,0.025644700868
0.252216227600,-0.024318613253,0.001510601271,0.019766184344
0.249588975200,-0.024341106622,0.001513137436,0.031741314043
0.246961722900,-0.024437021522,0.001471791115,0.042215951811
0.244334470500,-0.024525162044,0.001531210834,0.043321493955
0.241707218100,-0.024565367829,0.001553831350,0.055583826365
0.239079965700,-0.024690471193,0.001469332105,0.071420256303
0.236452713400,-0.024886566847,0.001526973311,0.108006296353
0.233825461000,-0.025171166282,0.001540550807,0.152786379972
0.231198208600,-0.025602353613,0.001504456189,0.178578283287
0.228570956300,-0.026032072697,0.001568396864,0.192296184877
0.225943703900,-0.026521577140,0.001547244934,0.213323708763
0.223316451500,-0.027025993161,0.001685708792,0.198129685241
0.220689199100,-0.027406508286,0.001744249322,0.180590796454
0.218061946800,-0.027820669509,0.001699298187,0.134262381328
0.215434694400,-0.028041359598,0.001663323414,0.072315400890
0.212807442000,-0.028128752091,0.001658178825,0.031662128868
0.210180189700,-0.028111345103,0.001634525805,-0.012561061213
0.207552937300,-0.027976784474,0.001727558972,-0.033693148863
0.204925684900,-0.027790142269,0.001814427298,-0.076244661536
0.202298432500,-0.027569960000,0.001737079821,-0.080353080315
0.199671180200,-0.027416965974,0.001762437790,-0.051002594587
0.197043927800,-0.027372819973,0.001824421533,-0.012987977817
0.194416675400,-0.027436083499,0.001907556579,-0.008735402610
0.191789423100,-0.027423971383,0.001959816792,-0.013330293763
0.189162170700,-0.027457281816,0.002008169699,-0.009457332608
0.186534918300,-0.027461386563,0.002182489050,-0.016890450336
0.183907666000,-0.027491020502,0.002440318003,-0.003736532442
0.181280413600,-0.027594990987,0.002630400893,-0.013331177629
0.178653161200,-0.027606825767,0.002699978041,-0.039365554411
0.176025908800,-0.027533929602,0.002729110045,-0.057527469316
0.173398656500,-0.027414553373,0.002798791539,-0.079056592577
0.170771404100,-0.027259803301,0.002720325329,-0.103046465708
0.168144151700,-0.027003673089,0.002678209650,-0.103940320531
0.165516899400,-0.026741002845,0.002755290147,-0.113132849300
0.162889647000,-0.026470146690,0.002914115893,-0.112339216541
0.160262394600,-0.026210396319,0.003036745792,-0.120215986073
0.157635142200,-0.025898006122,0.003053090879,-0.160056408059
0.155007889900,-0.025404129567,0.003104356288,-0.202781870434
0.152380637500,-0.024892213357,0.003207144295,-0.184312554051
0.149753385100,-0.024460020895,0.003081534738,-0.150473764177
0.147126132800,-0.024150110660,0.003065894276,-0.114875813927
0.144498880400,-0.023936325989,0.003115703640,-0.066754556294
0.141871628000,-0.023817107312,0.003134470575,0.002765750121
0.139244375600,-0.023958637601,0.003133895486,0.059893309970
0.136617123300,-0.024144717234,0.003119750921,0.056029836694
0.133989870900,-0.024283529761,0.003121861833,0.070480668118
0.131362618500,-0.024496086783,0.003090411887,0.089722943973
0.128735366200,-0.024726700854,0.003065116062,0.104374073187
0.126108113800,-0.024994877869,0.002930739804,0.118314401478
0.123480861400,-0.025304408540,0.002755133197,0.130869128106
0.120853609000,-0.025596669003,0.002601082727,0.124910398359
0.118226356700,-0.025948549309,0.002528782397,0.159645715496
0.115599104300,-0.026488692415,0.002443661937,0.247671219371
0.112971851900,-0.027277749403,0.002530895470,0.303971970146
0.110344599600,-0.028129246322,0.002755690142,0.277347783711
0.107717347200,-0.028746568818,0.002714051963,0.159657275613
0.105090094800,-0.028926826429,0.002654761262,0.054037923346
0.102462842500,-0.029015475957,0.002668189149,0.019902058333
0.099835590100,-0.029085140437,0.002537574363,-0.019140869911
0.097208337700,-0.029021481201,0.002532930850,-0.041533793757
0.094581085300,-0.028888518629,0.002504440119,-0.077640377591
0.091953833000,-0.028629095488,0.002378647769,-0.110714909398
0.089326580600,-0.028375403166,0.002218954266,-0.104659457777
0.086699328200,-0.028190188939,0.002309670801,-0.082692697907
0.084072075900,-0.028063160121,0.002434655751,-0.065372387234
0.081444823500,-0.027927234728,0.002343939895,-0.069253925037
0.078817571100,-0.027782105363,0.002300395485,-0.054718342959
0.076190318700,-0.027705004408,0.002269736849,-0.013462512110
0.073563066400,-0.027769862684,0.002227209070,0.012138940205
0.070935814000,-0.027807077446,0.002347148332,0.017801145503
0.068308561600,-0.027897162349,0.002274868812,0.038638184273
0.065681309300,-0.028102476157,0.002225362698,0.080926440048
0.063054056900,-0.028420716804,0.002204054309,0.093534444259
0.060426804500,-0.028678360361,0.002184311964,0.078476510114
0.057799552100,-0.028853803855,0.002154174917,0.079815585523
0.055172299800,-0.029091946483,0.002276135640,0.111205413971
0.052545047400,-0.029469299875,0.002214270598,0.141977118122
0.049917795000,-0.029801394392,0.002092570643,0.127245204889
0.047290542700,-0.030112081323,0.001935910258,0.108370619380
0.044663290300,-0.030425132954,0.001822872039,0.044145216950
0.042036037900,-0.030432328054,0.001841607532,-0.012392871099
0.039408785500,-0.030409224584,0.001773936273,-0.011348714169
0.036781533200,-0.030378690462,0.001435346198,-0.025541409128
0.034154280800,-0.030364869873,0.001281966008,-0.031107520855
0.031527028400,-0.030410909388,0.001380368843,-0.030192442794
0.028899776100,-0.030488487661,0.001263858901,-0.004649266135
0.026272523700,-0.030632211865,0.001312036983,-0.169228756987
0.023645271300,-0.029758225477,0.001450348698,0.031630092688
0.021018019000,-0.030850729667,0.001425918251,0.258445972341
0.018390766600,-0.031252058815,0.001456412467,0.091748749736
0.015763514200,-0.031519469968,0.001314170696,-0.009125530364
0.013136261800,-0.031427140198,0.001027438825,-0.077399007983
0.010509009500,-0.031197868731,0.000947473341,-0.109538441100
0.007881757100,-0.030922072017,0.001002900430,-0.206003847246
0.005254504700,-0.030188615382,0.000954951220,-0.252726161141
0.002627252400,-0.029642030845,0.000847754594,-0.637807592245
0.000000000000,-0.026909267372,0.000717277181,-1.074405340504
