0.391460603250,0.056381231817,0.000923523340,-0.087922681983
0.388833350880,0.056701985613,0.000724648445,-0.279099017822
0.386206098510,0.058011438164,0.000325062327,0.206735047868
0.383578846140,0.055782748050,0.000388896544,0.461776953075
0.380951593770,0.055721002037,0.000446774034,0.140635010262
0.378324341400,0.055161692033,0.000578018907,-0.035488768845
0.375697089030,0.055947868653,0.000782478082,-0.142227959328
0.373069836660,0.055952116697,0.000932375174,-0.179075265017
0.370442584290,0.056894215842,0.001249814344,-0.324099510228
0.367815331920,0.057677713194,0.001587028138,-0.261273305741
0.365188079550,0.058257935048,0.001789284290,-0.434791694591
0.362560827170,0.059907684358,0.001805471808,-0.361764154995
0.359933574800,0.060060710355,0.002038226780,0.023319199635
0.357306322430,0.059726876684,0.002136457569,-0.161400418308
0.354679070060,0.060779895371,0.002388227973,-0.268575220990
0.352051817690,0.061152528781,0.002518682876,-0.097520996521
0.349424565320,0.061315385972,0.002605100706,-0.047224964678
0.346797312950,0.061415221061,0.002604819084,-0.027984885250
0.344170060580,0.061456892468,0.002645698725,0.008076036259
0.341542808210,0.061400246015,0.002715183412,0.032254606483
0.338915555840,0.061318397594,0.002724300250,0.024406027984
0.336288303460,0.061274984279,0.002637579032,0.030726253739
0.333661051090,0.061181652831,0.002751918864,0.056106799279
0.331033798720,0.060989958368,0.002791607349,0.083835142521
0.328406546350,0.060785792677,0.002757703591,0.078670461707
0.325779293980,0.060601434535,0.002756341946,0.059651891610
0.323152041610,0.060509122756,0.002697694058,0.019596105909
0.320524789240,0.060367570957,0.002803953740,0.040579741437
0.317897536870,0.060187277590,0.002751642004,0.044989469662
0.315270284500,0.060072393158,0.002711887720,0.028844676539
0.312643032100,0.059958966915,0.002827811127,0.011538086804
0.310015779800,0.059986227847,0.002940397204,-0.021403188407
0.307388527400,0.059999677783,0.003026446977,0.025217628471
0.304761275000,0.059795173035,0.003230604058,0.067482132302
0.302134022600,0.059595797025,0.003340996853,0.053367155908
0.299506770300,0.059425577345,0.003317762421,0.055297518095
0.296879517900,0.059266184187,0.003342167637,0.046913194761
0.294252265500,0.059108115665,0.003337887718,0.044093897131
0.291625013200,0.058974322680,0.003342918175,0.027770882475
0.288997760800,0.058928252675,0.003370213778,-0.039080777117
0.286370508400,0.059060920341,0.003285146683,-0.047159279234
0.283743256000,0.059109543909,0.003286183315,-0.023540315262
0.281116003700,0.059129491805,0.003258711146,-0.043104568930
0.278488751300,0.059223775411,0.003289138302,-0.066233897724
0.275861498900,0.059325903344,0.003226132292,-0.080566829187
0.273234246600,0.059493460340,0.002833011111,-0.075485830124
0.270606994200,0.059603559658,0.002604416486,-0.062427312596
0.267979741800,0.059688010581,0.002431377889,-0.030504793146
0.265352489400,0.059632059763,0.002354747986,-0.011851381230
0.262725237100,0.059627157672,0.002123922659,-0.010878745092
0.260097984700,0.059544530437,0.001955440778,0.003759969305
0.257470732300,0.059472274621,0.001936387280,-0.008478853081
0.254843480000,0.059483431135,0.001865146012,-0.021760908059
0.252216227600,0.059455356482,0.001816683088,-0.027737863690
0.249588975200,0.059445296636,0.001847538801,-0.017332470643
0.246961722900,0.059340937595,0.001868802344,0.002823652013
0.244334470500,0.059248099785,0.001881157360,0.014256556881
0.241707218100,0.059108567716,0.001861866687,0.009133149360
0.239079965700,0.059001613302,0.001754484418,0.001604601329
0.236452713400,0.058904439668,0.001591633419,0.010693635336
0.233825461000,0.058757733880,0.001357599852,0.030561133923
0.231198208600,0.058579699635,0.001164015990,0.029945845483
0.228570956300,0.058408629236,0.000985284932,0.015252635020
0.225943703900,0.058282869886,0.000808665231,0.023389992916
0.223316451500,0.058060259151,0.000651193423,0.043287264235
0.220689199100,0.057823627176,0.000611395997,0.045646527979
0.218061946800,0.057681638270,0.000609027394,0.028057944203
0.215434694400,0.057498900891,0.000601773538,0.030573954365
0.212807442000,0.057348273144,0.000746543216,0.020436540179
0.210180189700,0.057415445747,0.000744665905,-0.030730341008
0.207552937300,0.057443418388,0.000794014618,-0.028195248919
0.204925684900,0.057543422353,0.000652395685,-0.064358088114
0.202298432500,0.057760501949,0.000549144401,-0.055191308909
0.199671180200,0.057852442881,0.000574942574,-0.019175245678
0.197043927800,0.057889523100,0.000546197324,-0.024441517690
0.194416675400,0.058010965193,0.000560358919,-0.021916226160
0.191789423100,0.058020643612,0.000644166930,0.033349207529
0.189162170700,0.057860501473,0.000738460966,0.072452301598
0.186534918300,0.057675600121,0.000829629414,0.101721627250
0.183907666000,0.057395887326,0.000968652423,0.106856518606
0.181280413600,0.057235402997,0.001066660414,0.048540633066
0.178653161200,0.057250764141,0.001168147999,0.006886801489
0.176025908800,0.057289441818,0.001313979578,-0.005327796996
0.173398656500,0.057359337810,0.001349482713,-0.014614579717
0.170771404100,0.057449724835,0.001591904825,-0.000048029706
0.168144151700,0.057557283420,0.001718879895,-0.014220995073
0.165516899400,0.057719309730,0.001627058390,-0.037240633187
0.162889647000,0.057864474338,0.001660397067,-0.054157999349
0.160262394600,0.058096150711,0.001781991394,-0.067098794926
0.157635142200,0.058323501043,0.001757954160,-0.058755843276
0.155007889900,0.058559420327,0.001781232816,-0.074059251931
0.152380637500,0.058863769765,0.001860063850,-0.102151272888
0.149753385100,0.059277412685,0.001799003559,-0.132958247973
0.147126132800,0.059742892103,0.001724574638,-0.104421406740
0.144498880400,0.060037101861,0.001548750420,-0.055300419865
0.141871628000,0.060243917648,0.001336496382,-0.050535581772
0.139244375600,0.060493722445,0.001184198167,-0.019335552231
0.136617123300,0.060488179263,0.001073154666,0.054383180581
0.133989870900,0.060424298452,0.000817574865,0.060257230123
0.131362618500,0.060376731689,0.000677142360,0.058583693147
0.128735366200,0.060269212694,0.000641427440,0.088315800316
0.126108113800,0.060022013806,0.000646543423,0.119247176613
0.123480861400,0.059715900510,0.000725207209,0.133359389304
0.120853609000,0.059396978296,0.000627668964,0.158993038408
0.118226356700,0.058996752149,0.000486668291,0.190299331284
0.115599104300,0.058534545226,0.000318187665,0.239630067309
0.112971851900,0.057895889660,0.000239420801,0.256005321924
0.110344599600,0.057290710429,0.000353777354,0.254344548308
0.107717347200,0.056645146450,0.000464118389,0.270854635136
0.105090094800,0.055967156225,0.000642222919,0.234629664443
0.102462842500,0.055517012981,0.000781018539,0.140707210741
0.099835590100,0.055322793395,0.000830687248,0.054688527279
0.097208337700,0.055302950263,0.000936035520,-0.027227266341
0.094581085300,0.055480097153,0.001136614324,-0.127118331175
0.091953833000,0.055875281030,0.001303787074,-0.169559186400
0.089326580600,0.056221081989,0.001174099258,-0.148722900669
0.086699328200,0.056495065019,0.001206420523,-0.124269704551
0.084072075900,0.056773711654,0.001243935577,-0.095444225722
0.081444823500,0.056942930850,0.001248563915,-0.053023116751
0.078817571100,0.056990010475,0.001299981966,-0.005856560949
0.076190318700,0.056921698739,0.001299087332,0.015641750085
0.073563066400,0.056827723058,0.001371257891,-0.001022688960
0.070935814000,0.056833231908,0.001512503567,-0.003936120498
0.068308561600,0.056742012788,0.001397192806,0.031192166208
0.065681309300,0.056490002608,0.001313599085,0.049114765513
0.063054056900,0.056267684524,0.001359949038,0.047784467990
0.060426804500,0.056013085919,0.001416610972,0.045472526095
0.057799552100,0.055790920757,0.001497801530,0.020025646090
0.055172299800,0.055666095855,0.001565283817,0.022161055106
0.052545047400,0.055408019256,0.001528490798,0.052703842723
0.049917795000,0.055104450197,0.001425562887,0.038161120414
0.047290542700,0.054893979702,0.001328251336,-0.009801618780
0.044663290300,0.054876197569,0.001284498651,-0.071863396529
0.042036037900,0.054966950532,0.001201017326,-0.091361332137
0.039408785500,0.055038128508,0.001083826507,-0.077947203944
0.036781533200,0.055104455351,0.000978325540,-0.101206878097
0.034154280800,0.055319942974,0.001010981456,-0.130858370306
0.031527028400,0.055531092544,0.001138006216,-0.093411013915
0.028899776100,0.055562901462,0.001063800892,-0.061693446430
0.026272523700,0.055632508776,0.001001015051,-0.036945358061
0.023645271300,0.055560896439,0.000752523244,0.030856401457
0.021018019000,0.055354064054,0.000610886998,0.106216183458
0.018390766600,0.054896529784,0.000651549152,0.131248160554
0.015763514200,0.054515395684,0.000574382475,0.114573179257
0.013136261800,0.054218723528,0.000492273051,0.084162143009
0.010509009500,0.054042851823,0.000278693194,0.012488612987
0.007881757100,0.054129362554,0.000192380234,-0.064117473676
0.005254504700,0.054357755968,0.000205386152,-0.094983594788
0.002627252400,0.054625858766,0.000200891158,0.168526669230
0.000000000000,0.053472667975,0.000138649952,0.426669522805
