0.391460603250,-0.046371953921,-0.000635016448,0.453478714403
0.388833350880,-0.047507676860,-0.001066703267,0.186052035554
0.386206098510,-0.047363642328,-0.001171455228,-0.013365237300
0.383578846140,-0.047458185402,-0.001127815832,0.409621065906
0.380951593770,-0.049547031529,-0.001066363759,0.538006782015
0.378324341400,-0.050250768783,-0.000904870282,0.049616840442
0.375697089030,-0.049806106962,-0.000673905648,-0.298881249159
0.373069836660,-0.048714315400,-0.000365928707,0.014798722050
0.370442584290,-0.049956402459,-0.000040406041,0.253514998907
0.367815331920,-0.050083941207,0.000437931947,-0.032114535107
0.365188079550,-0.049781260678,0.000811330483,-0.132845697858
0.362560827170,-0.049347428905,0.001217028301,-0.145038577663
0.359933574800,-0.049045883870,0.001627475705,-0.085954238876
0.357306322430,-0.048950408195,0.001959429680,-0.086683395003
0.354679070060,-0.048709498429,0.002434594176,-0.092609891202
0.352051817690,-0.048496343945,0.002723437331,-0.066804734331
0.349424565320,-0.048395202557,0.002739121129,-0.061916934524
0.346797312950,-0.048211525203,0.002759934301,-0.050540158245
0.344170060580,-0.048230805949,0.002756915582,0.006445835672
0.341542808210,-0.048329065704,0.002816453284,0.019571693371
0.338915555840,-0.048373359796,0.003041039544,0.046753476808
0.336288303460,-0.048633048195,0.003006856727,0.050147786571
0.333661051090,-0.048704976707,0.002895877839,0.031197389825
0.331033798720,-0.048771436523,0.002982443202,0.039177665069
0.328406546350,-0.048948647044,0.003051400239,0.052025768373
0.325779293980,-0.049138923818,0.003033225734,0.046856624446
0.323152041610,-0.049258425694,0.003010085342,0.014937075694
0.320524789240,-0.049344599092,0.002939864606,0.031846087022
0.317897536870,-0.049472049357,0.002933674538,0.057057234583
0.315270284500,-0.049614594106,0.002991437818,0.054165670389
0.312643032100,-0.049795151205,0.003087977349,0.066836771492
0.310015779800,-0.050045068532,0.003096713188,0.071695051654
0.307388527400,-0.050229501056,0.003050858166,0.060068426795
0.304761275000,-0.050382696191,0.003092196125,0.035209579875
0.302134022600,-0.050422570154,0.003118935131,0.025615090825
0.299506770300,-0.050499496137,0.003078087639,0.028049570504
0.296879517900,-0.050552143668,0.003218147188,0.026169413390
0.294252265500,-0.050686562576,0.003331988408,0.055988737399
0.291625013200,-0.050844016338,0.003375718959,0.107084996288
0.288997760800,-0.051194930015,0.003329058053,0.128899255617
0.286370508400,-0.051490030578,0.003317221570,0.101835696413
0.283743256000,-0.051742303794,0.003514384804,0.047954375994
0.281116003700,-0.051753247510,0.003547475158,-0.016175199739
0.278488751300,-0.051661439292,0.003529015043,-0.032989950841
0.275861498900,-0.051606215751,0.003404917074,-0.023579191726
0.273234246600,-0.051583335803,0.003170131058,-0.027356361934
0.270606994200,-0.051503562109,0.002976134998,-0.027225611029
0.267979741800,-0.051477063780,0.002791455067,-0.007205957549
0.265352489400,-0.051500375630,0.002679488160,-0.019316192307
0.262725237100,-0.051412174066,0.002635183270,-0.056757315328
0.260097984700,-0.051264573562,0.002595594719,-0.081619085737
0.257470732300,-0.051044494939,0.002663828178,-0.079140402712
0.254843480000,-0.050899514203,0.002646552879,-0.056921243112
0.252216227600,-0.050795974881,0.002695741783,-0.038357028599
0.249588975200,-0.050729529587,0.002848157254,-0.008586127196
0.246961722900,-0.050788749328,0.002929975012,0.046811341736
0.244334470500,-0.050991447649,0.003022606377,0.070853659612
0.241707218100,-0.051160730036,0.002997964663,0.053590785577
0.239079965700,-0.051286158372,0.002921572052,0.061949922008
0.236452713400,-0.051478206033,0.002922845504,0.027141779291
0.233825461000,-0.051435143476,0.002849936271,-0.014157710508
0.231198208600,-0.051413628147,0.002592894104,0.006195484602
0.228570956300,-0.051423016005,0.002242942873,0.010649500588
0.225943703900,-0.051387250577,0.002020400583,-0.027539618334
0.223316451500,-0.051234080276,0.001870230484,-0.048614006516
0.220689199100,-0.051164890751,0.001657360991,-0.003957362880
0.218061946800,-0.051268813892,0.001471967516,0.029458807614
0.215434694400,-0.051406448081,0.001408095928,0.045941901896
0.212807442000,-0.051525016963,0.001343959969,0.046809096327
0.210180189700,-0.051660611277,0.001249107385,0.034525609493
0.207552937300,-0.051675511330,0.001240930257,-0.039097392550
0.204925684900,-0.051475623271,0.001237842682,-0.069650299551
0.202298432500,-0.051361547298,0.001226272573,-0.069168447844
0.199671180200,-0.051159960276,0.001306877885,-0.103535207077
0.197043927800,-0.050914435163,0.001305812448,-0.110064599030
0.194416675400,-0.050681282149,0.001353584031,-0.085041102621
0.191789423100,-0.050535219849,0.001466463177,-0.023144743302
0.189162170700,-0.050590726288,0.001500793840,0.014544308948
0.186534918300,-0.050683094716,0.001495322721,0.022666196265
0.183907666000,-0.050781430577,0.001579024631,0.018109743811
0.181280413600,-0.050850589960,0.001736739988,-0.002118702394
0.178653161200,-0.050880814244,0.001849090444,-0.000861872819
0.176025908800,-0.050913852088,0.001885483544,-0.002373757538
0.173398656500,-0.050892219490,0.002037075613,-0.009280550078
0.170771404100,-0.050865851873,0.002127391786,-0.006336412887
0.168144151700,-0.050874279687,0.002376522942,0.015033496192
0.165516899400,-0.050962191868,0.002559954545,0.017172237005
0.162889647000,-0.051013466272,0.002656498714,-0.006960611375
0.160262394600,-0.050985215699,0.002780188581,0.000461527615
0.157635142200,-0.051062638452,0.002922677500,0.038060565117
0.155007889900,-0.051216750328,0.002872703234,0.014073330457
0.152380637500,-0.051228285590,0.002828602843,-0.033746004838
0.149753385100,-0.051117136297,0.002793996112,-0.080073428961
0.147126132800,-0.050891418974,0.002659819409,-0.086779418746
0.144498880400,-0.050741357548,0.002593627319,-0.066639026881
0.141871628000,-0.050591585708,0.002540568518,-0.076731697099
0.139244375600,-0.050381404728,0.002422676873,-0.097498199888
0.136617123300,-0.050156610153,0.002305458142,-0.099119176564
0.133989870900,-0.049974837343,0.002129954186,-0.046767428750
0.131362618500,-0.049932724174,0.002098519619,0.009899882267
0.128735366200,-0.050044900109,0.002169205164,0.034523657046
0.126108113800,-0.050172712218,0.002268628281,0.033239439518
0.123480861400,-0.050286959981,0.002305195493,0.043634022676
0.120853609000,-0.050475424195,0.002346678267,0.082102139890
0.118226356700,-0.050798431682,0.002340061748,0.100468275926
0.115599104300,-0.051109646824,0.002450026820,0.086998665107
0.112971851900,-0.051346840838,0.002658647113,0.085017982732
0.110344599600,-0.051637634379,0.002807640781,0.110961002875
0.107717347200,-0.051959592558,0.002816640855,0.127544296773
0.105090094800,-0.052272177817,0.002792273299,0.130732109522
0.102462842500,-0.052585789327,0.002848159043,0.137152807190
0.099835590100,-0.053008926500,0.002957592681,0.149891339499
0.097208337700,-0.053366384877,0.002971081950,0.107367939742
0.094581085300,-0.053540352687,0.003125465351,0.024713073906
0.091953833000,-0.053495994092,0.003175469938,-0.016001650473
0.089326580600,-0.053462393685,0.003343297332,-0.055355078580
0.086699328200,-0.053241893473,0.003519418879,-0.126366889906
0.084072075900,-0.052880035706,0.003600865722,-0.141730056268
0.081444823500,-0.052505302645,0.003749067796,-0.144914609373
0.078817571100,-0.052149870901,0.003806731479,-0.131074570681
0.076190318700,-0.051903705166,0.003830097310,-0.059549330845
0.073563066400,-0.051857080035,0.003916102923,0.005058197077
0.070935814000,-0.051975727878,0.004065367512,0.024190206658
0.068308561600,-0.052041246142,0.004161346046,0.063826352241
0.065681309300,-0.052287918167,0.004232645651,0.094906905428
0.063054056900,-0.052483814212,0.004182447739,0.062373086148
0.060426804500,-0.052603663882,0.004184936666,0.080821655565
0.057799552100,-0.052888088602,0.004278823175,0.118919427148
0.055172299800,-0.053152398589,0.004191677657,0.115821641406
0.052545047400,-0.053423409180,0.004106611067,0.080434340420
0.049917795000,-0.053565208021,0.004215124419,0.042373623356
0.047290542700,-0.053619857827,0.004287637887,0.070983097819
0.044663290300,-0.053854593902,0.004299253150,0.087098653632
0.042036037900,-0.054113447124,0.004304052636,0.085321745712
0.039408785500,-0.054392951974,0.004164649066,0.082995385178
0.036781533200,-0.054565976225,0.004031543467,0.027415662140
0.034154280800,-0.054492545403,0.004033712973,0.000554104279
0.031527028400,-0.054525515085,0.003996659373,0.038499836323
0.028899776100,-0.054623560568,0.003874109893,0.061800404331
0.026272523700,-0.054744512974,0.003660743940,0.069110995876
0.023645271300,-0.054918573128,0.003401234820,0.078792641803
0.021018019000,-0.055189130249,0.003153675595,0.078730707315
0.018390766600,-0.055441080752,0.003061203618,0.074603630494
0.015763514200,-0.055563505207,0.002895308008,0.043356865492
0.013136261800,-0.055602283905,0.002484457737,0.170794895016
0.010509009500,-0.056173410650,0.002205376330,0.167202389698
0.007881757100,-0.056458473171,0.001883410544,0.116228345792
0.005254504700,-0.056812152055,0.001694251031,-0.087918821342
0.002627252400,-0.056043029909,0.001508667814,-0.701743182376
0.000000000000,-0.053198730267,0.001205723628,-1.089065665887
