0.391460603250,-0.044335594713,-0.000176804075,-0.132611674530
0.388833350880,-0.043995075117,0.000107928364,-0.189923465343
0.386206098510,-0.043547194690,0.000200267817,-0.100250647277
0.383578846140,-0.043605299524,0.000384584925,0.145382969582
0.380951593770,-0.044392960532,0.000619766589,0.247826072376
0.378324341400,-0.044965155872,0.000546118299,0.011709067897
0.375697089030,-0.044506017833,0.000547230881,-0.060013130553
0.373069836660,-0.044706257295,0.000728008774,0.213033803457
0.370442584290,-0.045548820863,0.000846410437,0.056153604065
0.367815331920,-0.045169054259,0.000916247624,-0.167288534014
0.365188079550,-0.044815503969,0.000956786331,-0.081349289563
0.362560827170,-0.044582107599,0.000852269801,-0.158771878991
0.359933574800,-0.044259445535,0.000972578499,-0.110495232088
0.357306322430,-0.044043786265,0.000985899329,-0.123807039657
0.354679070060,-0.043750786104,0.001238322919,-0.108755657839
0.352051817690,-0.043570167541,0.001298361054,-0.085331595740
0.349424565320,-0.043397942941,0.001354220794,-0.094706157994
0.346797312950,-0.043191859774,0.001316879780,-0.058348652322
0.344170060580,-0.043092890082,0.001311223462,-0.040300289187
0.341542808210,-0.043014053271,0.001171743046,-0.028317443389
0.338915555840,-0.043030863805,0.001282806478,0.001358805666
0.336288303460,-0.043070824211,0.001437061178,-0.015020810724
0.333661051090,-0.042989463859,0.001561869002,-0.017999800161
0.331033798720,-0.043016211314,0.001749669178,0.021358113590
0.328406546350,-0.043187060953,0.001890837293,0.064575220201
0.325779293980,-0.043382325291,0.001973796258,0.074785361496
0.323152041610,-0.043606630843,0.002084840305,0.066195968509
0.320524789240,-0.043776744308,0.002186963195,0.059880995343
0.317897536870,-0.044002558476,0.002170339788,0.071619362860
0.315270284500,-0.044200141272,0.002159499068,0.049216661040
0.312643032100,-0.044272318761,0.002135432536,0.015848425093
0.310015779800,-0.044316405309,0.002146532838,0.004608098419
0.307388527400,-0.044344634593,0.002166383547,0.012455934915
0.304761275000,-0.044397648032,0.002022608415,0.024126064997
0.302134022600,-0.044448829672,0.001966261199,0.043051674355
0.299506770300,-0.044585132828,0.001965699273,0.088637379235
0.296879517900,-0.044914552323,0.001845962761,0.103795950428
0.294252265500,-0.045151392705,0.001849256571,0.048364311436
0.291625013200,-0.045153264781,0.001800622175,-0.027620976039
0.288997760800,-0.045028353063,0.001635669999,-0.055680202988
0.286370508400,-0.044854155447,0.001506478483,-0.074006346195
0.283743256000,-0.044671406345,0.001334622034,-0.085141175465
0.281116003700,-0.044497882813,0.001275827675,-0.067969549104
0.278488751300,-0.044394722691,0.001237837892,-0.090064015783
0.275861498900,-0.044100891034,0.001178325118,-0.164492469594
0.273234246600,-0.043663815344,0.001156897089,-0.131387260855
0.270606994200,-0.043528975313,0.001156757616,-0.040654131755
0.267979741800,-0.043523822782,0.001151566263,-0.005480918306
0.265352489400,-0.043487718883,0.001197087858,-0.026156819568
0.262725237100,-0.043361115698,0.001145672029,-0.060120295825
0.260097984700,-0.043195132278,0.001070581064,-0.058241873954
0.257470732300,-0.043097262804,0.001081396721,-0.019893051145
0.254843480000,-0.043078384616,0.001150042689,0.035637275429
0.252216227600,-0.043231617786,0.001199028913,0.093769208383
0.249588975200,-0.043568996990,0.001161081837,0.137415057697
0.246961722900,-0.043998754309,0.001111963041,0.147134924855
0.244334470500,-0.044370570428,0.001149063449,0.141669541406
0.241707218100,-0.044802180295,0.001111442553,0.143457725672
0.239079965700,-0.045170988075,0.001136768683,0.125883112229
0.236452713400,-0.045526775211,0.001227369612,0.108167484618
0.233825461000,-0.045797560306,0.001222566314,0.099942397073
0.231198208600,-0.046060691155,0.001237350699,0.089128099932
0.228570956300,-0.046271821962,0.001200210434,0.047179328669
0.225943703900,-0.046353493986,0.001217168720,0.022955168913
0.223316451500,-0.046428207330,0.001154309414,0.017140064069
0.220689199100,-0.046459193837,0.001138044287,0.000479086651
0.218061946800,-0.046456555943,0.001237958630,0.007630613572
0.215434694400,-0.046516934475,0.001164309933,0.009055166360
0.212807442000,-0.046492443294,0.001269290530,0.029555505894
0.210180189700,-0.046630177883,0.001338006659,0.100801421136
0.207552937300,-0.046978655917,0.001185265064,0.134031940989
0.204925684900,-0.047343398854,0.001163192545,0.128453310649
0.202298432500,-0.047664491660,0.001221644165,0.124312931508
0.199671180200,-0.048021007969,0.001293027953,0.111347489322
0.197043927800,-0.048250847080,0.001293052704,0.079170950988
0.194416675400,-0.048430378911,0.001503007588,0.042455395970
0.191789423100,-0.048433140880,0.001474934756,-0.011257720710
0.189162170700,-0.048296274076,0.001569955001,-0.025968186210
0.186534918300,-0.048259828015,0.001548454692,-0.013316823591
0.183907666000,-0.048211921988,0.001586691440,-0.032773613153
0.181280413600,-0.048068079537,0.001775328043,-0.048388548798
0.178653161200,-0.047889911269,0.001882166313,-0.015992919690
0.176025908800,-0.047849876046,0.001905313967,0.012042614611
0.173398656500,-0.047814304706,0.001905686853,0.001639086863
0.170771404100,-0.047794999480,0.001949909652,0.005277802161
0.168144151700,-0.047757670577,0.002047142601,-0.006709141787
0.165516899400,-0.047660817995,0.002172643920,-0.019480958763
0.162889647000,-0.047636523604,0.002123605000,0.009404484078
0.160262394600,-0.047748009899,0.002002930759,0.011638304485
0.157635142200,-0.047737224314,0.002075827288,-0.006658293049
0.155007889900,-0.047747960484,0.002082428124,-0.012689994907
0.152380637500,-0.047762764686,0.002053892005,-0.000173798538
0.149753385100,-0.047860628184,0.001997941356,0.030326605477
0.147126132800,-0.048017098764,0.002041859506,0.046105308658
0.144498880400,-0.048220868006,0.002004444522,0.022290222946
0.141871628000,-0.048287225830,0.001950496647,-0.025603426906
0.139244375600,-0.048246947440,0.001978042153,-0.078533556593
0.136617123300,-0.048079620169,0.001911477207,-0.122743408282
0.133989870900,-0.047851884881,0.001890968811,-0.144757025984
0.131362618500,-0.047602998159,0.001854855062,-0.175497094152
0.128735366200,-0.047219629161,0.001840670060,-0.226551625220
0.126108113800,-0.046683427861,0.001742182008,-0.234871745011
0.123480861400,-0.046186288533,0.001649973769,-0.209163019430
0.120853609000,-0.045790454599,0.001668827491,-0.166559812103
0.118226356700,-0.045491707365,0.001774205916,-0.113634188614
0.115599104300,-0.045353467442,0.001839419863,-0.042598571315
0.112971851900,-0.045401970123,0.001775610837,0.010940335238
0.110344599600,-0.045512988522,0.001780466909,0.017910242188
0.107717347200,-0.045569416944,0.001846504611,0.034789240199
0.105090094800,-0.045772805040,0.001794997002,0.075979362092
0.102462842500,-0.046057247739,0.001833056714,0.104171380400
0.099835590100,-0.046457569174,0.001931907357,0.129464139115
0.097208337700,-0.046899208583,0.002039452473,0.151029763259
0.094581085300,-0.047420970136,0.002018861975,0.135506430353
0.091953833000,-0.047712961617,0.001993849661,0.094944787321
0.089326580600,-0.048013715406,0.002079959468,0.110487984225
0.086699328200,-0.048360164026,0.002192210675,0.108163570776
0.084072075900,-0.048657754441,0.002145022082,0.084118629424
0.081444823500,-0.048866245874,0.002129124620,0.052830998566
0.078817571100,-0.049003445699,0.002309548700,0.046359386563
0.076190318700,-0.049144299226,0.002472783599,0.039740708214
0.073563066400,-0.049229442550,0.002384635804,-0.000880951257
0.070935814000,-0.049144767092,0.002372753504,-0.029270065915
0.068308561600,-0.049003877597,0.002120404090,-0.068801033798
0.065681309300,-0.048722211577,0.002019824237,-0.124519068537
0.063054056900,-0.048341796491,0.002120193534,-0.087786899788
0.060426804500,-0.048223740415,0.002089084342,0.020519670241
0.057799552100,-0.048373730539,0.001900243841,0.061495510424
0.055172299800,-0.048498442994,0.001869895995,0.062389127500
0.052545047400,-0.048711981017,0.001911941085,0.122912105259
0.049917795000,-0.049138327889,0.001767302053,0.172493443447
0.047290542700,-0.049597413781,0.001723026709,0.149505910028
0.044663290300,-0.049923187320,0.001701904867,0.156473738820
0.042036037900,-0.050409540573,0.001606268567,0.178412348382
0.039408785500,-0.050872879151,0.001365505393,0.138178581416
0.036781533200,-0.051156214305,0.001263309408,0.107139169489
0.034154280800,-0.051454256451,0.001232036337,0.103629279074
0.031527028400,-0.051726915974,0.001250921105,0.056462724680
0.028899776100,-0.051777301529,0.001263479462,0.007447043462
0.026272523700,-0.051766911310,0.001284041065,-0.000989159792
0.023645271300,-0.051793721579,0.001335920494,0.016852734706
0.021018019000,-0.051931391316,0.001149721678,0.024356719334
0.018390766600,-0.051976862142,0.001113229184,0.022140030811
0.015763514200,-0.052080695898,0.001115812284,-0.018925210738
0.013136261800,-0.051969763665,0.001180501874,-0.068653224004
0.010509009500,-0.051816713397,0.001062772963,-0.065018766685
0.007881757100,-0.051673372692,0.000910663626,-0.096246902019
0.005254504700,-0.051289161012,0.000886973821,-0.218280806857
0.002627252400,-0.050542559351,0.000748390220,-1.291643098050
0.000000000000,-0.044517438847,0.000502541460,-2.302549496611
