0.391460603250,0.015715235798,0.000840751078,0.280674852020
0.388833350880,0.014914526356,0.001126148019,0.215122589684
0.386206098510,0.014594279011,0.001333594682,-0.229491249578
0.383578846140,0.016234153031,0.001537814974,-0.047915252401
0.380951593770,0.014936220556,0.001620478322,0.152524277367
0.378324341400,0.015415117190,0.001600695420,-0.212836857231
0.375697089030,0.016012081490,0.001661802619,-0.196362744017
0.373069836660,0.016349060040,0.001663503307,-0.120220914410
0.370442584290,0.016585246125,0.001590138621,-0.166902981639
0.367815331920,0.017233126696,0.001448967802,-0.198644780944
0.365188079550,0.017583767344,0.001337345758,-0.253367932509
0.362560827170,0.018504173527,0.001313576821,-0.268877621277
0.359933574800,0.018896922618,0.001396863503,-0.141401506181
0.357306322430,0.019177775102,0.001390767125,-0.101213869592
0.354679070060,0.019304883775,0.001329766657,-0.100693196245
0.352051817690,0.019554192500,0.001624532415,-0.129289649912
0.349424565320,0.019921943432,0.001785792741,-0.118458142415
0.346797312950,0.020088066759,0.001889736495,-0.049684336601
0.344170060580,0.020036388572,0.002044865972,-0.044297811405
0.341542808210,0.020129222017,0.002121889990,-0.067160597546
0.338915555840,0.020188094969,0.002176599255,-0.047370023483
0.336288303460,0.020195692953,0.002236731027,-0.033053179070
0.333661051090,0.020163685603,0.002181864421,-0.004956107106
0.331033798720,0.020089756456,0.002237907538,0.035890157771
0.328406546350,0.019899807897,0.002344969716,0.041141834202
0.325779293980,0.019763489728,0.002310219093,0.015991123420
0.323152041610,0.019716068670,0.002222120476,0.013940362594
0.320524789240,0.019574298882,0.002264352741,0.030546681916
0.317897536870,0.019486306116,0.002330401884,0.005898456282
0.315270284500,0.019499297278,0.002455883535,-0.015123008678
0.312643032100,0.019504305970,0.002473915542,-0.008981466442
0.310015779800,0.019458242271,0.002674842153,0.015966362457
0.307388527400,0.019304991868,0.002728276533,0.048751269529
0.304761275000,0.019104895607,0.002619050277,0.054524574067
0.302134022600,0.018921018087,0.002513311588,0.030047120619
0.299506770300,0.018796839799,0.002478363269,0.005715437667
0.296879517900,0.018705596060,0.002436244874,0.001852045211
0.294252265500,0.018623457924,0.002430266155,-0.012368327407
0.291625013200,0.018638827609,0.002369602748,-0.044408491080
0.288997760800,0.018777868309,0.002407875744,-0.065899996035
0.286370508400,0.018906328960,0.002409856506,-0.066227221031
0.283743256000,0.019057624216,0.002477603769,-0.093129218443
0.281116003700,0.019251819677,0.002566373582,-0.102470297921
0.278488751300,0.019428790451,0.002337026963,-0.076514976802
0.275861498900,0.019467413519,0.002172928509,-0.044819266447
0.273234246600,0.019465071621,0.001996806820,-0.010270562980
0.270606994200,0.019423077188,0.001766055173,0.031392973528
0.267979741800,0.019280185028,0.001648065370,0.048161808363
0.265352489400,0.019109008323,0.001533774153,0.045113364512
0.262725237100,0.018992850229,0.001472761623,0.038880004555
0.260097984700,0.018849868922,0.001372985736,0.040936782534
0.257470732300,0.018695734959,0.001359686542,0.056327847971
0.254843480000,0.018554522203,0.001411214825,0.067985655797
0.252216227600,0.018398875772,0.001378551475,0.074340106665
0.249588975200,0.018261692909,0.001324794595,0.058932656562
0.246961722900,0.018193120392,0.001349425366,0.032394132924
0.244334470500,0.018203663324,0.001402043482,0.018797270223
0.241707218100,0.018160540150,0.001396803870,0.044204971614
0.239079965700,0.018053707408,0.001449157486,0.088875518621
0.236452713400,0.017856435916,0.001517065425,0.137648114038
0.233825461000,0.017535606637,0.001462522609,0.159795662381
0.231198208600,0.017201645944,0.001417015772,0.175486628299
0.228570956300,0.016820939737,0.001360334097,0.197187170675
0.225943703900,0.016403941355,0.001355265880,0.195993479864
0.223316451500,0.015976091890,0.001246058119,0.190683651801
0.220689199100,0.015561960435,0.001251667283,0.183327859594
0.218061946800,0.015146173972,0.001366659477,0.137942950447
0.215434694400,0.014918555635,0.001322563416,0.087061793820
0.212807442000,0.014711861061,0.001267932291,0.057926306422
0.210180189700,0.014654068639,0.001238606332,-0.007097000054
0.207552937300,0.014800324421,0.001246935314,-0.038219718680
0.204925684900,0.014894843396,0.001260888756,-0.031394157309
0.202298432500,0.014984921518,0.001292624734,-0.066979059425
0.199671180200,0.015229386363,0.001305384587,-0.109403308641
0.197043927800,0.015486825920,0.001358780789,-0.082542959351
0.194416675400,0.015581697696,0.001400878367,-0.026536252937
0.191789423100,0.015575578879,0.001420820068,-0.013099609459
0.189162170700,0.015554310554,0.001434829496,-0.015833417339
0.186534918300,0.015566353642,0.001614524303,0.004024322751
0.183907666000,0.015465125273,0.001813532215,0.031852155405
0.181280413600,0.015372559134,0.001904786844,0.019019020740
0.178653161200,0.015379222595,0.002045003422,-0.008226546502
0.176025908800,0.015457301934,0.002142245346,-0.041177986312
0.173398656500,0.015624705656,0.002104180514,-0.024053242069
0.170771404100,0.015646767703,0.002054575541,-0.009928617045
0.168144151700,0.015744377057,0.002066811649,-0.058857588312
0.165516899400,0.015924185458,0.002170279391,-0.113155677408
0.162889647000,0.016311547476,0.002239364097,-0.149662563858
0.160262394600,0.016668580340,0.002293298350,-0.148924267077
0.157635142200,0.017068141051,0.002431625653,-0.163882618415
0.155007889900,0.017510660264,0.002608188370,-0.146951315692
0.152380637500,0.017826852041,0.002623440254,-0.127036322340
0.149753385100,0.018172838026,0.002574559484,-0.145552436092
0.147126132800,0.018520081988,0.002606050001,-0.143135988352
0.144498880400,0.018868987152,0.002529204739,-0.119581058803
0.141871628000,0.019081083353,0.002567591695,-0.046315679427
0.139244375600,0.019055406369,0.002605426286,0.025089704935
0.136617123300,0.018928589583,0.002533694043,0.060601905276
0.133989870900,0.018726563237,0.002585912976,0.097205677953
0.131362618500,0.018402732190,0.002507107787,0.090802748721
0.128735366200,0.018205713076,0.002462916355,0.063645852028
0.126108113800,0.018088964601,0.002396858867,0.073510451048
0.123480861400,0.017824862213,0.002220628424,0.116030035984
0.120853609000,0.017449842375,0.002062594751,0.119645557082
0.118226356700,0.017136775381,0.001895004833,0.099026051012
0.115599104300,0.016861422922,0.001804783403,0.153302062602
0.112971851900,0.016347069249,0.001787573441,0.260078016981
0.110344599600,0.015552646382,0.001851644534,0.308327423074
0.107717347200,0.014757509919,0.002003506508,0.250758569954
0.105090094800,0.014254927409,0.001999469996,0.135662773398
0.102462842500,0.014097685864,0.001945239643,0.039218687703
0.099835590100,0.014090830293,0.001909000898,-0.017768107992
0.097208337700,0.014187072074,0.001827345798,-0.050703574552
0.094581085300,0.014330743267,0.001681593418,-0.062349709039
0.091953833000,0.014488205240,0.001547898208,-0.046212883025
0.089326580600,0.014480500449,0.001517621955,-0.061908218707
0.086699328200,0.014672820332,0.001589526232,-0.110748090002
0.084072075900,0.014947154673,0.001540015315,-0.098256940564
0.081444823500,0.015061531260,0.001420810686,-0.066490188514
0.078817571100,0.015114442202,0.001440631544,-0.058535493457
0.076190318700,0.015238481155,0.001273157741,-0.031305781056
0.073563066400,0.015210499886,0.001172068204,-0.007154473617
0.070935814000,0.015255730597,0.001309115420,-0.051231925925
0.068308561600,0.015402370131,0.001454938528,-0.036921442765
0.065681309300,0.015387468391,0.001434785348,0.045998123627
0.063054056900,0.015071913283,0.001301970777,0.116626033374
0.060426804500,0.014647193163,0.001304112006,0.143509986112
0.057799552100,0.014306670533,0.001378580032,0.128151592034
0.055172299800,0.013896731343,0.001399830949,0.139458397645
0.052545047400,0.013514867918,0.001338214961,0.128082393543
0.049917795000,0.013215519097,0.001349269810,0.106884332390
0.047290542700,0.012978694144,0.001250988118,0.119887480626
0.044663290300,0.012700129726,0.000951086080,0.076952165435
0.042036037900,0.012587408050,0.000869125636,0.040544888749
0.039408785500,0.012526056842,0.000767224292,0.014580553264
0.036781533200,0.012508715928,0.000586146354,-0.011783439482
0.034154280800,0.012553170399,0.000482582530,-0.036214952055
0.031527028400,0.012675321049,0.000398341921,-0.031142975414
0.028899776100,0.012625899203,0.000317647049,0.042838020506
0.026272523700,0.012343243985,0.000306272222,0.157556068017
0.023645271300,0.011708480105,0.000383632364,0.112772806305
0.021018019000,0.011615579056,0.000480027685,-0.054497910143
0.018390766600,0.011902250862,0.000460976934,-0.045312253765
0.015763514200,0.011788063560,0.000391405349,0.020273727125
0.013136261800,0.011790492689,0.000400421071,-0.066020898426
0.010509009500,0.012115774317,0.000358685873,-0.147359283352
0.007881757100,0.012511513621,0.000265822264,-0.180975021583
0.005254504700,0.012986978905,0.000339374029,-0.171906965666
0.002627252400,0.013360850327,0.000334244767,-0.016997117993
0.000000000000,0.013066851353,0.000080539479,0.108170148990
