0.391460603250,-0.045701886071,-0.000367916503,0.771117055231
0.388833350880,-0.047612705631,0.000003858189,0.375980464444
0.386206098510,-0.047578608920,0.000367989902,0.213008382392
0.383578846140,-0.048189787001,0.000400994502,-0.031867270703
0.380951593770,-0.047132264382,0.000360016406,-0.018782413414
0.378324341400,-0.047975409816,0.000609999611,0.251208057434
0.375697089030,-0.048299932244,0.000794385840,0.088486305986
0.373069836660,-0.048316383033,0.000796868629,0.073094138466
0.370442584290,-0.048543131628,0.000981720377,0.082811894451
0.367815331920,-0.048741910353,0.001058509101,0.234640494286
0.365188079550,-0.049882184826,0.001045702420,-0.143625114004
0.362560827170,-0.048213696117,0.001248944953,-0.146355676457
0.359933574800,-0.049170311075,0.001391404740,0.135399554466
0.357306322430,-0.049005928714,0.001538199113,-0.051449482080
0.354679070060,-0.048939807697,0.001559470393,-0.062047933161
0.352051817690,-0.048722168739,0.001651439980,-0.094377938635
0.349424565320,-0.048518318591,0.001759210641,-0.119886414023
0.346797312950,-0.048173043080,0.001865246315,-0.094687603971
0.344170060580,-0.048053570924,0.001854084180,-0.022510420314
0.341542808210,-0.048058239798,0.001889568029,-0.022967850954
0.338915555840,-0.047980949462,0.002154397527,-0.003653935883
0.336288303460,-0.048040432764,0.002330820182,0.042014222427
0.333661051090,-0.048224252605,0.002329126938,0.093390485074
0.331033798720,-0.048600504035,0.002441322250,0.138497448861
0.328406546350,-0.049003791605,0.002562681993,0.092807938273
0.325779293980,-0.049187469880,0.002519002033,0.062836468128
0.323152041610,-0.049416020013,0.002559769773,0.095342249028
0.320524789240,-0.049719027586,0.002642882280,0.105214827658
0.317897536870,-0.050008411192,0.002544314006,0.079961158669
0.315270284500,-0.050161466256,0.002507961544,0.059747054447
0.312643032100,-0.050396758728,0.002598087506,0.039189704001
0.310015779800,-0.050426344010,0.002636328388,-0.020440048341
0.307388527400,-0.050347579340,0.002647011714,-0.016274309943
0.304761275000,-0.050407166026,0.002737868950,-0.017290297757
0.302134022600,-0.050307714116,0.002807126700,-0.049564506019
0.299506770300,-0.050200882375,0.002860475448,-0.037233562278
0.296879517900,-0.050163419282,0.002866766134,-0.049289345590
0.294252265500,-0.050008412080,0.002812872388,-0.083760440109
0.291625013200,-0.049796164576,0.002760382807,-0.060410318875
0.288997760800,-0.049714959401,0.002700732995,-0.030088973615
0.286370508400,-0.049692238774,0.002749192303,-0.005636687700
0.283743256000,-0.049733042001,0.002863810507,-0.003421969368
0.281116003700,-0.049729344833,0.002811500762,-0.008406757763
0.278488751300,-0.049726728013,0.002770912167,-0.003093079208
0.275861498900,-0.049809723103,0.002798151155,0.019407182772
0.273234246600,-0.049918575060,0.002825962802,0.017750602675
0.270606994200,-0.050016260907,0.002898863030,-0.016218918141
0.267979741800,-0.049971346795,0.002880736634,-0.046102628329
0.265352489400,-0.049914016303,0.002892816075,-0.047752218251
0.262725237100,-0.049925632381,0.002832831666,-0.025116423665
0.260097984700,-0.050032668433,0.002684230504,-0.010729062367
0.257470732300,-0.050123641175,0.002314604935,-0.023436425896
0.254843480000,-0.050145136598,0.002026537589,-0.056775916959
0.252216227600,-0.050120874535,0.001899291273,-0.085270944829
0.249588975200,-0.050019458624,0.001763699994,-0.095987266449
0.246961722900,-0.049925962067,0.001702699861,-0.063025862754
0.244334470500,-0.049982538317,0.001589963684,-0.021129406565
0.241707218100,-0.050098935386,0.001489733056,0.024604255009
0.239079965700,-0.050364299585,0.001445801675,0.068687231248
0.236452713400,-0.050695660337,0.001438487153,0.077310397282
0.233825461000,-0.051017777859,0.001466525368,0.065402527646
0.231198208600,-0.051349881198,0.001588487313,0.047374454126
0.228570956300,-0.051518695789,0.001600765574,0.007168147770
0.225943703900,-0.051553611200,0.001651433251,0.009364171106
0.223316451500,-0.051685137108,0.001801685600,0.039585398526
0.220689199100,-0.051740709558,0.001884416916,0.008970050252
0.218061946800,-0.051693073560,0.001877304752,-0.012830150389
0.215434694400,-0.051636784746,0.001944166230,-0.013294127376
0.212807442000,-0.051579926049,0.002084133378,-0.014140262511
0.210180189700,-0.051461662092,0.002291616651,-0.013238114113
0.207552937300,-0.051406863318,0.002410610141,0.003122456025
0.204925684900,-0.051410406961,0.002375491487,0.002948864768
0.202298432500,-0.051348243435,0.002429676676,-0.000762844868
0.199671180200,-0.051335137454,0.002538082439,0.003548025919
0.197043927800,-0.051269776274,0.002512100327,0.007195427094
0.194416675400,-0.051244884737,0.002497483847,0.026026145358
0.191789423100,-0.051262790027,0.002470314398,0.048408544056
0.189162170700,-0.051379898336,0.002432034665,0.057807280277
0.186534918300,-0.051441080047,0.002425778160,0.047015506993
0.183907666000,-0.051443226067,0.002527580330,0.022230534902
0.181280413600,-0.051428751336,0.002611367429,0.003792952114
0.178653161200,-0.051313946153,0.002665605285,-0.018828510227
0.176025908800,-0.051177863861,0.002699363030,-0.039665004355
0.173398656500,-0.050980150588,0.002691602334,-0.067043123923
0.170771404100,-0.050725810850,0.002589974209,-0.101405586376
0.168144151700,-0.050397863232,0.002461479668,-0.116973246419
0.165516899400,-0.050081183316,0.002224389353,-0.101283989503
0.162889647000,-0.049828921634,0.002255272198,-0.104967379988
0.160262394600,-0.049470942870,0.002327436791,-0.131654558441
0.157635142200,-0.049153200937,0.002309115306,-0.078436101417
0.155007889900,-0.049095500995,0.002376345268,-0.005334216826
0.152380637500,-0.049119131807,0.002384476701,0.038482627177
0.149753385100,-0.049298441547,0.002343376548,0.101211140854
0.147126132800,-0.049599214774,0.002288174869,0.134056677551
0.144498880400,-0.049943103740,0.002212276600,0.156993835709
0.141871628000,-0.050314479751,0.002119832062,0.180971445120
0.139244375600,-0.050773148287,0.002044419532,0.199728238293
0.136617123300,-0.051260118505,0.002017383215,0.216337050322
0.133989870900,-0.051825829007,0.002000143923,0.207326095543
0.131362618500,-0.052240117908,0.002121170104,0.173152474936
0.128735366200,-0.052608258725,0.002215938694,0.162800625763
0.126108113800,-0.052882044860,0.002347914183,0.145125047866
0.123480861400,-0.053178311680,0.002531507516,0.118526373059
0.120853609000,-0.053373396668,0.002779903941,0.025067962483
0.118226356700,-0.053255634599,0.002938633668,-0.021189014804
0.115599104300,-0.053299012558,0.003164741153,0.003704462664
0.112971851900,-0.053291082993,0.003340992879,-0.036495166864
0.110344599600,-0.053114391449,0.003536730534,-0.051100094103
0.107717347200,-0.053072057611,0.003626369243,-0.032499023581
0.105090094800,-0.052997377533,0.003699941033,-0.057648125034
0.102462842500,-0.052844040567,0.003853876617,-0.084140132604
0.099835590100,-0.052635877692,0.003937628910,-0.064849858420
0.097208337700,-0.052607794954,0.003910525624,-0.025607926167
0.094581085300,-0.052712881553,0.004012011601,0.032139622380
0.091953833000,-0.052894769844,0.004096826149,0.059124126600
0.089326580600,-0.053129366527,0.004032205554,0.058324922650
0.086699328200,-0.053314596460,0.004150420438,-0.004968599881
0.084072075900,-0.053290479780,0.004232598472,-0.025887874256
0.081444823500,-0.053374193980,0.004296484254,0.006576387292
0.078817571100,-0.053584809473,0.004390947852,0.017336334115
0.076190318700,-0.053781610196,0.004379156219,0.000144567774
0.073563066400,-0.053911575062,0.004414298478,-0.006482724945
0.070935814000,-0.053916998155,0.004541914160,-0.035040146696
0.068308561600,-0.053919071659,0.004507879930,-0.011724081334
0.065681309300,-0.054014184489,0.004420969892,-0.011145467728
0.063054056900,-0.054016817617,0.004359271871,-0.036992388353
0.060426804500,-0.053982501989,0.004269188384,-0.027808779225
0.057799552100,-0.053957543909,0.004198293753,-0.029193069943
0.055172299800,-0.053969179343,0.004221680662,-0.048811145969
0.052545047400,-0.053865762443,0.004177855486,-0.059496218670
0.049917795000,-0.053808037374,0.004110898068,-0.030890797902
0.047290542700,-0.053906713512,0.004091551657,-0.005995445865
0.044663290300,-0.054057107927,0.004026706979,0.003415403263
0.042036037900,-0.054141988593,0.003819770774,0.017021023933
0.039408785500,-0.054319603908,0.003792585750,0.056048334622
0.036781533200,-0.054528422354,0.003724418120,0.136714863587
0.034154280800,-0.055072630836,0.003531017106,0.274293334736
0.031527028400,-0.056006154378,0.003211329311,0.312636658033
0.028899776100,-0.056752106851,0.002834657233,0.150713274758
0.026272523700,-0.056883745662,0.002640697247,-0.074045546311
0.023645271300,-0.056379110674,0.002470203224,0.205651240792
0.021018019000,-0.057854552162,0.002293299633,0.328980154506
0.018390766600,-0.058125997906,0.002213646921,0.041259173820
0.015763514200,-0.058071172246,0.002069982006,-0.056330689818
0.013136261800,-0.057865033181,0.002005391948,-0.093709097629
0.010509009500,-0.057653581004,0.001944469659,-0.092872495618
0.007881757100,-0.057435574092,0.001735829502,-0.130820573475
0.005254504700,-0.056970814996,0.001566450278,-0.197097596893
0.002627252400,-0.056358055006,0.001486146208,-1.044547344061
0.000000000000,-0.051409339657,0.001578534323,-1.896891139979
