0.391460603250,0.017515295806,0.000613305994,-0.162652672187
0.388833350880,0.017883055528,0.000108953376,-0.256610948659
0.386206098510,0.018851919527,0.000075305343,-0.106684590778
0.383578846140,0.018447800696,0.000031199141,0.265349638301
0.380951593770,0.017505735744,0.000260664347,0.228260570041
0.378324341400,0.017280225394,0.000518937722,-0.264562586065
0.375697089030,0.018940166619,0.000726256621,-0.310945025508
0.373069836660,0.018985846597,0.000891757225,0.084964419143
0.370442584290,0.018764501650,0.000866210995,-0.025572580987
0.367815331920,0.019053367829,0.000980907281,-0.180164946911
0.365188079550,0.019680226420,0.001097406539,-0.238799233351
0.362560827170,0.020294219590,0.001275989556,-0.155266950035
0.359933574800,0.020542917674,0.001399858325,-0.101492567402
0.357306322430,0.020755722806,0.001558912699,-0.127057628627
0.354679070060,0.021116635836,0.001611137397,-0.107117580586
0.352051817690,0.021226308990,0.001723642112,-0.084978415624
0.349424565320,0.021381655397,0.001778828477,-0.110517076219
0.346797312950,0.021603564454,0.001761378685,-0.097637210693
0.344170060580,0.021732737408,0.001795350762,-0.060775561484
0.341542808210,0.021808395261,0.001855179612,-0.049375916168
0.338915555840,0.021863484064,0.001834430671,-0.062704024418
0.336288303460,0.021963388960,0.001889629219,-0.068793423169
0.333661051090,0.021982944007,0.002003684579,-0.025727452919
0.331033798720,0.021902082198,0.002075621486,0.019233202340
0.328406546350,0.021762349863,0.002023946193,0.045774748822
0.325779293980,0.021594607910,0.002076341852,0.035728970216
0.323152041610,0.021502177584,0.002310321365,0.019971059604
0.320524789240,0.021359735955,0.002466007174,0.017277292506
0.317897536870,0.021274678752,0.002512553050,0.012631722054
0.315270284500,0.021108214040,0.002403351605,0.036873152753
0.312643032100,0.020938880110,0.002406812156,0.023135805733
0.310015779800,0.020826682492,0.002437372200,0.035353519416
0.307388527400,0.020652853004,0.002437279486,0.032291359793
0.304761275000,0.020548812685,0.002367476742,0.026097553540
0.302134022600,0.020428192102,0.002370211401,0.011576044186
0.299506770300,0.020444634988,0.002432958298,-0.019269575569
0.296879517900,0.020516931552,0.002374936651,-0.003092280187
0.294252265500,0.020469401441,0.002252539185,0.009238237923
0.291625013200,0.020472687893,0.002160075259,-0.036144721866
0.288997760800,0.020682026614,0.002064722779,-0.088350391563
0.286370508400,0.020956101853,0.002012134814,-0.103695793654
0.283743256000,0.021149799754,0.001974551095,-0.090528995546
0.281116003700,0.021296195747,0.001905453850,-0.089091831561
0.278488751300,0.021485887554,0.001869577640,-0.075343594046
0.275861498900,0.021581659750,0.001777629587,-0.039916089879
0.273234246600,0.021588256345,0.001620957366,-0.026218037553
0.270606994200,0.021603742238,0.001469505435,-0.018241229009
0.267979741800,0.021599756291,0.001236993366,-0.013158766819
0.265352489400,0.021587557765,0.001117640498,-0.010837205796
0.262725237100,0.021579679881,0.001019161616,0.006948286328
0.260097984700,0.021518009121,0.000972979105,0.040490429219
0.257470732300,0.021376088825,0.000992456163,0.039975562024
0.254843480000,0.021266101808,0.000892268369,0.062669673784
0.252216227600,0.020976119476,0.000930790468,0.101288281578
0.249588975200,0.020660334829,0.001064696239,0.091913698150
0.246961722900,0.020407766326,0.001209674554,0.103200655276
0.244334470500,0.020063855967,0.001286204281,0.086895771471
0.241707218100,0.019923013436,0.001281485355,0.030573070431
0.239079965700,0.019793120295,0.001247365632,0.036805227933
0.236452713400,0.019627996395,0.001271404275,0.052827936522
0.233825461000,0.019455206108,0.001310608665,0.062976757728
0.231198208600,0.019273497140,0.001290475926,0.043444129306
0.228570956300,0.019166016480,0.001162669432,0.035811043157
0.225943703900,0.019044128165,0.001183133194,0.068675298437
0.223316451500,0.018813730999,0.001224430490,0.106154804076
0.220689199100,0.018471840046,0.001160605670,0.109140499959
0.218061946800,0.018193708140,0.001108942972,0.125701491292
0.215434694400,0.017783607372,0.001053518654,0.161197018291
0.212807442000,0.017349757498,0.000930907830,0.148453821863
0.210180189700,0.017005986072,0.001015942427,0.121739155552
0.207552937300,0.016712315011,0.001019393733,0.102485334318
0.204925684900,0.016479902094,0.000950580926,0.069102408040
0.202298432500,0.016327577793,0.000849296114,0.058461228002
0.199671180200,0.016201387746,0.000866915964,0.023524997940
0.197043927800,0.016219526583,0.000924559790,-0.015096301222
0.194416675400,0.016314928232,0.001076520917,-0.028549663378
0.191789423100,0.016439382915,0.001198734924,-0.033566300687
0.189162170700,0.016600448347,0.001278132883,-0.045325955396
0.186534918300,0.016784654381,0.001277313501,-0.063442454753
0.183907666000,0.016920741499,0.001324177450,-0.044441993597
0.181280413600,0.016990752253,0.001339248782,-0.013055699740
0.178653161200,0.017031136917,0.001375110356,-0.019802719292
0.176025908800,0.017140639756,0.001450824281,-0.021084090467
0.173398656500,0.017189059553,0.001401881895,-0.016717354033
0.170771404100,0.017201786788,0.001503161058,0.004685455087
0.168144151700,0.017138894974,0.001480826955,0.008823280850
0.165516899400,0.017159840730,0.001495239243,-0.024485188882
0.162889647000,0.017226536540,0.001600993401,-0.001687902142
0.160262394600,0.017114535336,0.001601884367,-0.005844674838
0.157635142200,0.017181155593,0.001511768344,-0.038063753418
0.155007889900,0.017190621297,0.001408845216,-0.013628789000
0.152380637500,0.017103460847,0.001419312012,-0.052783579556
0.149753385100,0.017290537576,0.001498732763,-0.088796969062
0.147126132800,0.017475178742,0.001489884056,-0.116244237744
0.144498880400,0.017783079383,0.001525780901,-0.177044753141
0.141871628000,0.018212168924,0.001661905864,-0.190705803975
0.139244375600,0.018581039377,0.001770606340,-0.180939824119
0.136617123300,0.019046024921,0.001789336913,-0.190824894466
0.133989870900,0.019466201006,0.001762259079,-0.198046155453
0.131362618500,0.019971476045,0.001763922797,-0.170924119725
0.128735366200,0.020289520913,0.001777820366,-0.121733856766
0.126108113800,0.020485833603,0.001842254229,-0.085405181255
0.123480861400,0.020633479718,0.001907643828,-0.026835240769
0.120853609000,0.020528411571,0.001860977654,0.031035945102
0.118226356700,0.020378353259,0.001906555150,0.031868160789
0.115599104300,0.020268928285,0.001871416172,0.052111614642
0.112971851900,0.020007810139,0.001809825546,0.114280667626
0.110344599600,0.019556029468,0.001678351069,0.150235013454
0.107717347200,0.019124267681,0.001487854639,0.127901007364
0.105090094800,0.018724345560,0.001503844426,0.098358083305
0.102462842500,0.018403085699,0.001538090278,0.127589632624
0.099835590100,0.017956313283,0.001490601566,0.150238156279
0.097208337700,0.017487383998,0.001619439788,0.127311518810
0.094581085300,0.017147549340,0.001593151427,0.122462053162
0.091953833000,0.016780241429,0.001474155134,0.134745060348
0.089326580600,0.016425991380,0.001305696946,0.110781796103
0.086699328200,0.016194775116,0.001235745862,0.036747605484
0.084072075900,0.016216322442,0.001142230387,-0.040209987329
0.081444823500,0.016374162493,0.000995493487,-0.051594432067
0.078817571100,0.016451670531,0.000978781148,-0.025922311107
0.076190318700,0.016528035862,0.000943273251,-0.066545397349
0.073563066400,0.016723668836,0.000905200393,-0.083615552799
0.070935814000,0.016919520290,0.000763485063,-0.106676147312
0.068308561600,0.017242607091,0.000671247842,-0.121436400472
0.065681309300,0.017551104064,0.000576634302,-0.072634388652
0.063054056900,0.017576518198,0.000574181657,0.026396292881
0.060426804500,0.017350746369,0.000668025769,0.099543664066
0.057799552100,0.017044696764,0.000722837593,0.132665727479
0.055172299800,0.016620111271,0.000609572520,0.145475270697
0.052545047400,0.016254906461,0.000673204805,0.153089937218
0.049917795000,0.015829419126,0.000740164915,0.168798286548
0.047290542700,0.015356720172,0.000578248806,0.169613014092
0.044663290300,0.014916271754,0.000459982962,0.132802995535
0.042036037900,0.014630416337,0.000461343213,0.103266155776
0.039408785500,0.014335994669,0.000423568273,0.094201482915
0.036781533200,0.014116970972,0.000309911085,0.061774637320
0.034154280800,0.014014097527,0.000261517409,0.047611832636
0.031527028400,0.013874141886,0.000297051373,0.008494169006
0.028899776100,0.013905678709,0.000463256574,-0.002167129613
0.026272523700,0.013826661227,0.000496747712,0.098325557796
0.023645271300,0.013367254585,0.000515912191,0.111068442398
0.021018019000,0.013271892726,0.000416096435,-0.046740907558
0.018390766600,0.013634370652,0.000306541447,-0.090850338530
0.015763514200,0.013742618420,0.000107820158,0.008843170524
0.013136261800,0.013503492025,0.000162626781,0.040521634045
0.010509009500,0.013467700129,0.000246567509,-0.067031220330
0.007881757100,0.013830845671,0.000124887839,-0.152894764501
0.005254504700,0.014246235208,0.000061281570,-0.121091990986
0.002627252400,0.014470286379,0.000040754487,0.093781424534
0.000000000000,0.013672353352,0.000031371726,0.303363007348
