0.391460603250,-0.031790467198,-0.000400386009,-1.012436890215
0.388833350880,-0.029143853610,-0.000725178162,-0.038945823781
0.386206098510,-0.031517565316,-0.001061015756,0.718055679764
0.383578846140,-0.032741476342,-0.000984095088,0.469219752597
0.380951593770,-0.033926684651,-0.000995055205,0.293469620692
0.378324341400,-0.034272144377,-0.000853590480,-0.510288379643
0.375697089030,-0.031344967858,-0.000277287185,-0.235797220571
0.373069836660,-0.033075730089,-0.000143661465,0.295654396286
0.370442584290,-0.032872733872,0.000195276088,-0.149864177801
0.367815331920,-0.032239891309,0.000514133614,-0.321285513734
0.365188079550,-0.031144475018,0.000961480417,-0.158289797720
0.362560827170,-0.031432331505,0.001337222783,-0.035737278279
0.359933574800,-0.031023504461,0.001766285577,-0.023817925918
0.357306322430,-0.031454177996,0.002219922029,-0.008693922977
0.354679070060,-0.031232249531,0.002573800269,-0.064884635705
0.352051817690,-0.031213692967,0.002762508947,-0.004345312572
0.349424565320,-0.031152966490,0.002888997258,-0.015131805181
0.346797312950,-0.031131603798,0.002959942470,0.001858537686
0.344170060580,-0.031140056287,0.002967495046,0.011048793365
0.341542808210,-0.031167558567,0.002935297092,-0.007016426517
0.338915555840,-0.031069460033,0.002924702330,0.013135783099
0.336288303460,-0.031228096639,0.003041785211,0.081485108156
0.333661051090,-0.031470076838,0.002990792945,0.075281102271
0.331033798720,-0.031603095934,0.002953386195,0.061592268625
0.328406546350,-0.031803075573,0.002941139211,0.067627769630
0.325779293980,-0.031920776488,0.002950155310,0.063637637136
0.323152041610,-0.032073736366,0.002933845988,0.059929604996
0.320524789240,-0.032202164883,0.002904172068,0.057633564053
0.317897536870,-0.032350611173,0.002877541234,0.051549441639
0.315270284500,-0.032467765209,0.002866024153,0.041892075987
0.312643032100,-0.032535331648,0.002960004119,0.053976162535
0.310015779800,-0.032661281466,0.002920938046,0.096071158657
0.307388527400,-0.032914376238,0.002854247992,0.103336687790
0.304761275000,-0.033105385046,0.002897563075,0.061571600068
0.302134022600,-0.033147075766,0.002912343272,0.016020879249
0.299506770300,-0.033125454568,0.003015679086,0.024030430026
0.296879517900,-0.033230046538,0.003084137644,0.052839769009
0.294252265500,-0.033364680770,0.003157047236,0.080741209672
0.291625013200,-0.033584599234,0.003213920064,0.119866389778
0.288997760800,-0.033915538565,0.003332519691,0.138087292350
0.286370508400,-0.034248098866,0.003403944182,0.122352576677
0.283743256000,-0.034480845634,0.003398071999,0.079874498792
0.281116003700,-0.034577816742,0.003418376672,0.058223329041
0.278488751300,-0.034687443974,0.003421535755,0.045517097378
0.275861498900,-0.034710091675,0.003364230211,0.029917647884
0.273234246600,-0.034686475408,0.003166034505,0.014793195112
0.270606994200,-0.034676174225,0.002887558025,0.005759267552
0.267979741800,-0.034631418254,0.002755722660,-0.037051673451
0.265352489400,-0.034439190622,0.002696047080,-0.048291319043
0.262725237100,-0.034388273985,0.002819458837,-0.048428253082
0.260097984700,-0.034248243839,0.002828761369,-0.107900906535
0.257470732300,-0.033945737578,0.002715081453,-0.137138741994
0.254843480000,-0.033660062013,0.002635757797,-0.079378785011
0.252216227600,-0.033565521034,0.002648301824,-0.013041400622
0.249588975200,-0.033584371052,0.002759581289,0.008722314697
0.246961722900,-0.033695471178,0.002851000039,0.014852359715
0.244334470500,-0.033757162008,0.002968109438,-0.005947603602
0.241707218100,-0.033733446597,0.002975866307,-0.028603725409
0.239079965700,-0.033745561758,0.003010849095,-0.001959532191
0.236452713400,-0.033840208914,0.002947265303,0.004983350920
0.233825461000,-0.033852558608,0.002764889042,-0.014120427371
0.231198208600,-0.033798119352,0.002519618642,-0.039881954155
0.228570956300,-0.033679505311,0.002228521244,-0.059287617862
0.225943703900,-0.033547048425,0.001933716991,-0.086814458665
0.223316451500,-0.033290451336,0.001737528480,-0.098172215012
0.220689199100,-0.033130438283,0.001555667619,-0.055729190980
0.218061946800,-0.033135722700,0.001534643211,-0.012941445736
0.215434694400,-0.033241954235,0.001516027675,0.017903260575
0.212807442000,-0.033390950205,0.001382233716,0.032699113412
0.210180189700,-0.033514484846,0.001283798739,0.008840873102
0.207552937300,-0.033554147710,0.001196332678,0.002785003691
0.204925684900,-0.033621271267,0.001231057037,-0.019145549880
0.202298432500,-0.033550219837,0.001304864154,-0.081594931325
0.199671180200,-0.033273744992,0.001253225669,-0.107282302284
0.197043927800,-0.033007852017,0.001297907602,-0.081390459004
0.194416675400,-0.032863581150,0.001370352527,-0.066737962961
0.191789423100,-0.032721543232,0.001369739035,-0.045373108681
0.189162170700,-0.032684131963,0.001426175870,-0.017736165131
0.186534918300,-0.032680476634,0.001433002362,-0.018413844113
0.183907666000,-0.032655607478,0.001528219656,-0.032931752991
0.181280413600,-0.032621392667,0.001676713170,-0.017832948100
0.178653161200,-0.032686763181,0.001789168444,-0.018173435439
0.176025908800,-0.032622143001,0.001892948231,-0.036790543264
0.173398656500,-0.032561699791,0.002087592083,-0.014467416243
0.170771404100,-0.032623998244,0.002287530750,0.009571445600
0.168144151700,-0.032664443798,0.002461772920,0.009520393303
0.165516899400,-0.032724803095,0.002598624377,0.005843161648
0.162889647000,-0.032767791350,0.002776713588,-0.001346080299
0.160262394600,-0.032767857633,0.002878048146,-0.000579139550
0.157635142200,-0.032820576201,0.002901214830,0.022040836684
0.155007889900,-0.032931779968,0.002872963589,0.023787213960
0.152380637500,-0.032959793278,0.002798104735,0.031333959114
0.149753385100,-0.033042329994,0.002705519085,0.011506097750
0.147126132800,-0.032982046860,0.002708746875,-0.038934042294
0.144498880400,-0.032849922237,0.002459751945,-0.059656825720
0.141871628000,-0.032698790861,0.002393565026,-0.060418187822
0.139244375600,-0.032553462321,0.002318454732,-0.058034228103
0.136617123300,-0.032398007193,0.002141536564,-0.058733946597
0.133989870900,-0.032274656826,0.001968899876,-0.030931632460
0.131362618500,-0.032267368568,0.001995576064,0.009387840391
0.128735366200,-0.032381734674,0.001937259537,0.010392069951
0.126108113800,-0.032375201588,0.001998121790,-0.007957021025
0.123480861400,-0.032417312820,0.002170505595,0.033667137787
0.120853609000,-0.032637407803,0.002282265083,0.056088346880
0.118226356700,-0.032782557626,0.002304686604,0.066840204296
0.115599104300,-0.033061701441,0.002398320635,0.109256168916
0.112971851900,-0.033425570448,0.002436049711,0.118253760001
0.110344599600,-0.033725849411,0.002527452275,0.102846171965
0.107717347200,-0.034029576229,0.002607836571,0.131267087525
0.105090094800,-0.034407657268,0.002547954213,0.166312712097
0.102462842500,-0.034850857460,0.002590273309,0.154200439806
0.099835590100,-0.035196529694,0.002622981036,0.140991170518
0.097208337700,-0.035582949673,0.002774434868,0.085536174554
0.094581085300,-0.035675076954,0.002799609121,0.017112116689
0.091953833000,-0.035696366196,0.002835620563,-0.055609943722
0.089326580600,-0.035369963186,0.003036008575,-0.142886143432
0.086699328200,-0.034953688740,0.003242147715,-0.148170065615
0.084072075900,-0.034612046614,0.003409594388,-0.145794854744
0.081444823500,-0.034213447840,0.003578538361,-0.141742811015
0.078817571100,-0.033924935647,0.003627222400,-0.092048028170
0.076190318700,-0.033813657304,0.003702811584,-0.015205465906
0.073563066400,-0.033893837253,0.003768867263,0.026479964421
0.070935814000,-0.033978829005,0.003715392285,0.033643295775
0.068308561600,-0.034052810217,0.003685209142,0.033247704712
0.065681309300,-0.034187175598,0.003778758586,0.010457646618
0.063054056900,-0.034135738807,0.003935130613,0.018826370031
0.060426804500,-0.034264262329,0.003898761887,0.039101237119
0.057799552100,-0.034355195887,0.003850464098,0.037029382734
0.055172299800,-0.034436089668,0.003852859857,0.052345027754
0.052545047400,-0.034655395792,0.003774206493,0.111091967462
0.049917795000,-0.034994950822,0.003781211443,0.115477096854
0.047290542700,-0.035205683730,0.003906382625,0.086004006483
0.044663290300,-0.035464866186,0.003829323894,0.104571274953
0.042036037900,-0.035765146915,0.003774325463,0.110241974194
0.039408785500,-0.035982548043,0.003723879719,0.103749838939
0.036781533200,-0.036271130172,0.003604103239,0.102495321069
0.034154280800,-0.036535581619,0.003608638952,0.043575167101
0.031527028400,-0.036485426161,0.003512942795,-0.013436850773
0.028899776100,-0.036408527249,0.003339626737,0.024007126461
0.026272523700,-0.036494298162,0.003157995641,-0.084591006097
0.023645271300,-0.035851169390,0.002840893175,-0.018786089190
0.021018019000,-0.036375333178,0.002594826340,0.318133930586
0.018390766600,-0.037428947785,0.002674685979,0.258413786988
0.015763514200,-0.037669173131,0.002487924298,0.173581942490
0.013136261800,-0.038247753818,0.002158518899,0.206450843458
0.010509009500,-0.038588765938,0.001984169140,0.150267201060
0.007881757100,-0.038913638219,0.001702500958,0.118230641305
0.005254504700,-0.039086741787,0.001227236192,-0.003253340339
0.002627252400,-0.038806782708,0.001084748369,-0.899237311316
0.000000000000,-0.034279722120,0.000958633588,-1.732699506209
