0.391460603250,0.053220769226,0.000090804111,0.150503500999
0.388833350880,0.052722392492,-0.000403391872,0.136353010070
0.386206098510,0.052669236836,-0.000714963929,-0.075807888533
0.383578846140,0.052998728732,-0.000771039679,0.377489800714
0.380951593770,0.050586978122,-0.000611201362,0.011166995313
0.378324341400,0.052850638194,-0.000451033361,-0.604820473926
0.375697089030,0.053735430792,-0.000056611134,-0.018427801599
0.373069836660,0.052972245814,0.000383226640,0.035006000517
0.370442584290,0.053514724173,0.000750294526,-0.303446106775
0.367815331920,0.054487758552,0.000969644662,-0.295408009092
0.365188079550,0.055081254636,0.001132017859,-0.060648474947
0.362560827170,0.054872744446,0.001542741536,-0.232112308189
0.359933574800,0.056228001720,0.001624399319,-0.420927625966
0.357306322430,0.057022039593,0.001783352447,-0.231415958955
0.354679070060,0.057410646618,0.002126546824,-0.157122068619
0.352051817690,0.057784359479,0.002428148272,-0.154254389278
0.349424565320,0.058171886943,0.002395820374,-0.159137384386
0.346797312950,0.058344756449,0.002620473571,-0.088738792967
0.344170060580,0.058498173172,0.002613839504,-0.025985714711
0.341542808210,0.058427873721,0.002594124382,0.040511610807
0.338915555840,0.058216128317,0.002619919883,0.039100945925
0.336288303460,0.058189140421,0.002630307930,0.011855113757
0.333661051090,0.058071361493,0.002636306440,0.028217095867
0.331033798720,0.057923125027,0.002702168812,0.019907287781
0.328406546350,0.057855924640,0.002754016361,0.015871089163
0.325779293980,0.057795790894,0.002812166409,0.021942600779
0.323152041610,0.057715463331,0.002668496901,0.039280799411
0.320524789240,0.057465658187,0.002587435037,0.049786436268
0.317897536870,0.057379746638,0.002697940996,0.021608868821
0.315270284500,0.057205151432,0.002735099778,0.023459040713
0.312643032100,0.057130178165,0.002768783187,0.037153799305
0.310015779800,0.056970974223,0.002798185894,0.028977333939
0.307388527400,0.056900511912,0.002730190143,0.019507537317
0.304761275000,0.056789835790,0.002865409503,0.063263106825
0.302134022600,0.056539137643,0.002886091626,0.117992787444
0.299506770300,0.056126887898,0.002717879256,0.140023876779
0.296879517900,0.055763254917,0.002650517919,0.094172135303
0.294252265500,0.055586842196,0.002463618334,0.036401802357
0.291625013200,0.055507745957,0.002324496009,0.011254502301
0.288997760800,0.055492198535,0.002280107046,-0.019102459436
0.286370508400,0.055614423993,0.002157491640,-0.020095798781
0.283743256000,0.055621122077,0.002134016690,-0.008799134636
0.281116003700,0.055599507784,0.002122771929,-0.008183495643
0.278488751300,0.055611938143,0.002204295405,-0.010580679073
0.275861498900,0.055573867083,0.002308851790,0.006149299806
0.273234246600,0.055504962130,0.002243435664,-0.014309256819
0.270606994200,0.055532252349,0.002150509395,-0.035411761167
0.267979741800,0.055645895713,0.001991523218,-0.073946213365
0.265352489400,0.055918143858,0.001879453808,-0.111328600414
0.262725237100,0.056191192436,0.001802248202,-0.097280359619
0.260097984700,0.056398052641,0.001784042415,-0.068235438870
0.257470732300,0.056563698539,0.001810036373,-0.043554386649
0.254843480000,0.056552657887,0.001844564149,-0.007502703792
0.252216227600,0.056542711479,0.001890792775,0.003198737680
0.249588975200,0.056548457874,0.001813412801,0.034711854188
0.246961722900,0.056336502643,0.001673165969,0.066653268493
0.244334470500,0.056117241112,0.001644284563,0.064969375426
0.241707218100,0.055966575254,0.001591518221,0.074102051347
0.239079965700,0.055750226367,0.001628786345,0.080803876662
0.236452713400,0.055507753669,0.001657592502,0.068803356235
0.233825461000,0.055338493164,0.001556386253,0.049843039166
0.231198208600,0.055211324930,0.001480679348,0.039483903350
0.228570956300,0.055168345491,0.001338065723,-0.000057294444
0.225943703900,0.055145604209,0.001232180027,0.007131343726
0.223316451500,0.055144688151,0.001059807820,0.002300222961
0.220689199100,0.055168287552,0.000902496512,0.012626284452
0.218061946800,0.055136860840,0.000741244929,0.029962780648
0.215434694400,0.055067293269,0.000672765070,0.042253040471
0.212807442000,0.054945531243,0.000557271459,0.024193503087
0.210180189700,0.054941518306,0.000490307419,-0.015165921717
0.207552937300,0.055010978639,0.000352242168,-0.021562868226
0.204925684900,0.055034507833,0.000238897355,-0.013982110907
0.202298432500,0.055069548534,0.000207477824,-0.007643268198
0.199671180200,0.055084617726,0.000242352410,-0.027833746160
0.197043927800,0.055186884072,0.000288878589,-0.024982343749
0.194416675400,0.055174154779,0.000393784840,0.008229287376
0.191789423100,0.055181909907,0.000412767942,-0.023611834696
0.189162170700,0.055363365973,0.000404633858,-0.022893079220
0.186534918300,0.055350202100,0.000439503818,0.027969344182
0.183907666000,0.055310995912,0.000448675112,0.012856227271
0.181280413600,0.055370480491,0.000453769145,0.008700688223
0.178653161200,0.055328466693,0.000590301020,0.048359299235
0.176025908800,0.055227775166,0.000691119914,0.040210937821
0.173398656500,0.055271063876,0.000683766102,0.022950842415
0.170771404100,0.055216626477,0.000653243147,0.036690105457
0.168144151700,0.055172151968,0.000735592174,0.016036049246
0.165516899400,0.055230275426,0.000710002619,-0.006782058406
0.162889647000,0.055239548151,0.000706758665,0.016262666611
0.160262394600,0.055190682280,0.000774188287,0.026408902638
0.157635142200,0.055178348539,0.000950560646,0.021036414915
0.155007889900,0.055086943995,0.001223280172,0.033522712141
0.152380637500,0.055017994373,0.001199822168,-0.007160856504
0.149753385100,0.055175123001,0.001282559073,-0.025696048593
0.147126132800,0.055172120419,0.001337655684,-0.023428302140
0.144498880400,0.055346116789,0.001255162577,-0.055919992651
0.141871628000,0.055558707764,0.001087412575,-0.081613976816
0.139244375600,0.055864086850,0.000971044598,-0.102889006877
0.136617123300,0.056201703331,0.000940487182,-0.109907488444
0.133989870900,0.056573584246,0.000903485641,-0.123809396781
0.131362618500,0.056957876965,0.000841697579,-0.077351822474
0.128735366200,0.057097353981,0.000689756538,-0.001368990243
0.126108113800,0.057126872937,0.000570943326,0.007165329867
0.123480861400,0.057170223167,0.000506806957,0.012907349172
0.120853609000,0.057115041800,0.000525190172,0.054950378698
0.118226356700,0.056921633479,0.000429155370,0.083460712700
0.115599104300,0.056698043498,0.000441687248,0.102105935554
0.112971851900,0.056391090661,0.000432093635,0.104103108569
0.110344599600,0.056066566586,0.000305738239,0.101557184848
0.107717347200,0.055696798405,0.000351544903,0.124988687178
0.105090094800,0.055276006085,0.000276604146,0.155230479840
0.102462842500,0.054822974612,0.000373402468,0.176526459140
0.099835590100,0.054319504510,0.000449116232,0.188300126103
0.097208337700,0.053798960855,0.000483331725,0.130496891446
0.094581085300,0.053574928323,0.000506651331,0.090580883380
0.091953833000,0.053220179224,0.000476643403,0.097489821493
0.089326580600,0.052934999247,0.000464967708,0.068026863987
0.086699328200,0.052754577392,0.000460730691,0.002084845327
0.084072075900,0.052804391470,0.000545665824,-0.055444067963
0.081444823500,0.052912007780,0.000745725101,-0.087604340400
0.078817571100,0.053129540280,0.000849272817,-0.116904826051
0.076190318700,0.053398003653,0.000923961835,-0.116678671094
0.073563066400,0.053619515631,0.000940612228,-0.143270775386
0.070935814000,0.053946670429,0.001016716384,-0.155844565196
0.068308561600,0.054248823976,0.000983905192,-0.179091384049
0.065681309300,0.054607569442,0.000972455328,-0.124311155222
0.063054056900,0.054701670384,0.001106015825,-0.051176323377
0.060426804500,0.054736603338,0.001162830409,-0.028309679641
0.057799552100,0.054688124907,0.000940446455,0.024616766416
0.055172299800,0.054417192260,0.000973325709,0.083524875919
0.052545047400,0.054036191855,0.001172538202,0.105505780481
0.049917795000,0.053610300996,0.001225894889,0.094552601423
0.047290542700,0.053257260791,0.001222374846,0.066924787305
0.044663290300,0.052959650843,0.001310667587,0.075593497651
0.042036037900,0.052570652031,0.001223052736,0.091430325620
0.039408785500,0.052277236469,0.001209344969,0.070991081851
0.036781533200,0.051965176799,0.001255702065,0.055839124540
0.034154280800,0.051737491763,0.001257284052,0.010846420315
0.031527028400,0.051629897477,0.001282859323,-0.036694880702
0.028899776100,0.051678090744,0.001230337676,-0.086791393964
0.026272523700,0.051829201340,0.001115852964,0.263756064844
0.023645271300,0.050060439399,0.000823200211,0.099902147363
0.021018019000,0.051042423470,0.000724359351,-0.447542788144
0.018390766600,0.052167084429,0.000712873421,-0.250398126672
0.015763514200,0.052126641378,0.000617265120,-0.004366101489
0.013136261800,0.052022999517,0.000565923736,0.017787476702
0.010509009500,0.051933897294,0.000296352354,0.018081842314
0.007881757100,0.051811138400,0.000168975252,-0.042854227603
0.005254504700,0.052058208359,0.000101886765,-0.098076446865
0.002627252400,0.052270790755,-0.000005113327,0.621073886901
0.000000000000,0.048765241720,-0.000048661387,1.317394514721
