0.391460603250,0.042020761877,0.000349603695,-0.656167782421
0.388833350880,0.043780644502,0.000222490364,-0.372072578991
0.386206098510,0.044012213637,0.000204549304,0.248083400118
0.383578846140,0.042538277584,0.000272067788,0.435962493703
0.380951593770,0.041796751046,0.000361665212,0.125218023670
0.378324341400,0.041987832410,0.000644736786,-0.091581205843
0.375697089030,0.042340009374,0.000936369260,-0.073324684379
0.373069836660,0.042468780945,0.001238855208,-0.113647516515
0.370442584290,0.043157685740,0.001248399894,-0.124355028545
0.367815331920,0.043130489610,0.001282736358,-0.244863234867
0.365188079550,0.044177271114,0.001394211890,-0.385551426289
0.362560827170,0.045043288437,0.001512299259,-0.253782911654
0.359933574800,0.045418295303,0.001665802457,-0.121723603621
0.357306322430,0.045622825267,0.001964601523,-0.131727403488
0.354679070060,0.046018424348,0.002151499332,-0.169486772978
0.352051817690,0.046370220559,0.002101340198,-0.134260319334
0.349424565320,0.046540538601,0.002032697868,-0.084788919688
0.346797312950,0.046640319016,0.002086273743,-0.062395745090
0.344170060580,0.046739625356,0.002079993129,-0.080526142261
0.341542808210,0.046997972346,0.002074979476,-0.083798476958
0.338915555840,0.047104163442,0.002104309045,-0.019763236896
0.336288303460,0.047029001204,0.002154031907,0.031520773628
0.333661051090,0.046931873832,0.002083783707,0.031650916581
0.331033798720,0.046843146673,0.002122990875,0.045405423347
0.328406546350,0.046648217356,0.002197266649,0.051945968781
0.325779293980,0.046530122693,0.002224673345,0.018857161746
0.323152041610,0.046510760958,0.002387475575,0.018938017092
0.320524789240,0.046352577991,0.002416504498,0.060056933342
0.317897536870,0.046124474931,0.002405659704,0.063573545282
0.315270284500,0.045992523681,0.002524426945,0.051219864430
0.312643032100,0.045840370349,0.002540438574,0.053464044336
0.310015779800,0.045650987001,0.002534809780,0.073607141077
0.307388527400,0.045439205352,0.002415395749,0.023969738570
0.304761275000,0.045425259499,0.002295262330,-0.019364410597
0.302134022600,0.045413614052,0.002335363576,0.021006765745
0.299506770300,0.045232269619,0.002325988178,0.035072676916
0.296879517900,0.045108872068,0.002258860957,0.006439218706
0.294252265500,0.045149762703,0.002260437112,0.006822849336
0.291625013200,0.045072251881,0.002204273252,0.002578493649
0.288997760800,0.045110449563,0.001928401053,-0.080345945816
0.286370508400,0.045374408158,0.001864554315,-0.094814434692
0.283743256000,0.045619252560,0.001883387638,-0.080385540408
0.281116003700,0.045766194047,0.001856330283,-0.061022549870
0.278488751300,0.045861866615,0.001763763512,-0.068284747032
0.275861498900,0.046030728613,0.001679794918,-0.059707044699
0.273234246600,0.046071465169,0.001592515440,-0.029826031734
0.270606994200,0.045996885035,0.001516758396,-0.008747876254
0.267979741800,0.045895503439,0.001291639481,-0.048166099096
0.265352489400,0.046098166552,0.001132903184,-0.081447825292
0.262725237100,0.046258587148,0.000949919382,-0.030332271365
0.260097984700,0.046253151986,0.000931187435,0.009722704929
0.257470732300,0.046223304696,0.000909173540,0.014855482892
0.254843480000,0.046133723353,0.000904056734,0.030072514958
0.252216227600,0.045915398948,0.000927711595,0.067315488929
0.249588975200,0.045685309183,0.000874127867,0.063371942318
0.246961722900,0.045483941767,0.000909664174,0.063936537711
0.244334470500,0.045328695223,0.000960905611,0.077194225331
0.241707218100,0.045124772666,0.001021584719,0.085153545240
0.239079965700,0.044955658932,0.001049934366,0.076919904320
0.236452713400,0.044748803034,0.000973474947,0.082265982212
0.233825461000,0.044560027574,0.001009223637,0.082628111815
0.231198208600,0.044391811886,0.001136177480,0.076884017771
0.228570956300,0.044189335470,0.001064198125,0.070739346439
0.225943703900,0.044006939866,0.000935621021,0.067176357496
0.223316451500,0.043824805895,0.000703122323,0.077857925279
0.220689199100,0.043579559410,0.000656612222,0.087975859182
0.218061946800,0.043289385609,0.000623391550,0.101144616998
0.215434694400,0.042907334071,0.000559488944,0.147986851302
0.212807442000,0.042480312146,0.000426007132,0.162513837992
0.210180189700,0.042095164716,0.000302861094,0.140089748552
0.207552937300,0.041757743636,0.000309423021,0.098027472893
0.204925684900,0.041567881350,0.000320177355,0.046067400762
0.202298432500,0.041465875609,0.000403438443,0.001783283372
0.199671180200,0.041488286243,0.000400338667,-0.019232896491
0.197043927800,0.041542916007,0.000490686911,-0.037114228694
0.194416675400,0.041616490835,0.000535186695,-0.069132592216
0.191789423100,0.041825212098,0.000554974108,-0.065655785479
0.189162170700,0.041921097014,0.000635495564,-0.047043597318
0.186534918300,0.042072607200,0.000724923303,-0.053628011820
0.183907666000,0.042228271386,0.000775345325,-0.062424033339
0.181280413600,0.042404314358,0.000797042916,-0.054120054965
0.178653161200,0.042476387492,0.000855072199,0.003554689219
0.176025908800,0.042372352373,0.000829304448,0.021799246579
0.173398656500,0.042366317062,0.000915056600,-0.008085631338
0.170771404100,0.042451145867,0.000989187096,-0.012551737656
0.168144151700,0.042436148148,0.001021374392,0.021827096018
0.165516899400,0.042358894268,0.001116765449,0.033639387156
0.162889647000,0.042281653640,0.001203780127,0.013591072615
0.160262394600,0.042262314882,0.001245070197,-0.011795750167
0.157635142200,0.042259181013,0.001222682290,-0.029962407992
0.155007889900,0.042292445974,0.001147332459,-0.022691265346
0.152380637500,0.042249449784,0.001171298811,-0.037476307149
0.149753385100,0.042326589950,0.001236057446,-0.086560352887
0.147126132800,0.042538350153,0.001230415089,-0.097050346453
0.144498880400,0.042789850585,0.001174933710,-0.117572307636
0.141871628000,0.043072996400,0.001257299887,-0.141948893721
0.139244375600,0.043444735322,0.001355207998,-0.179636835015
0.136617123300,0.043966727361,0.001361462669,-0.216570034261
0.133989870900,0.044557448068,0.001415646360,-0.223919813240
0.131362618500,0.045064344361,0.001309616593,-0.166461489403
0.128735366200,0.045347443984,0.001323267550,-0.111267983157
0.126108113800,0.045605903125,0.001369453134,-0.086664866301
0.123480861400,0.045771928432,0.001334478560,-0.045319538531
0.120853609000,0.045835424966,0.001321291567,0.000286532093
0.118226356700,0.045794188240,0.001302571768,0.053526508635
0.115599104300,0.045558028241,0.001227892724,0.128083275234
0.112971851900,0.045189963912,0.001174829160,0.160916395456
0.110344599600,0.044806291287,0.001045602500,0.148907341412
0.107717347200,0.044444760559,0.000776162379,0.181359360627
0.105090094800,0.043888403310,0.000705926415,0.172157980313
0.102462842500,0.043551091484,0.000775511582,0.115917309481
0.099835590100,0.043307839816,0.000841090098,0.126899854977
0.097208337700,0.042868594091,0.000705773223,0.195778926150
0.094581085300,0.042294227040,0.000698134657,0.193177568374
0.091953833000,0.041824927774,0.000831005052,0.186578139797
0.089326580600,0.041342819968,0.000677270029,0.133205821251
0.086699328200,0.041171545737,0.000475786483,0.055861402179
0.084072075900,0.041111463977,0.000494709609,0.004651688165
0.081444823500,0.041221906265,0.000390446637,-0.054392304876
0.078817571100,0.041388313033,0.000167194466,-0.072995739166
0.076190318700,0.041604778294,0.000198820983,-0.071932119972
0.073563066400,0.041787219011,0.000184023438,-0.060992371321
0.070935814000,0.041933155530,0.000060882417,-0.069160096407
0.068308561600,0.042145313908,0.000069573521,-0.095601674163
0.065681309300,0.042393120029,0.000073910280,-0.072493033895
0.063054056900,0.042445880521,0.000076366965,0.014487001572
0.060426804500,0.042299757178,0.000034769429,0.077781933667
0.057799552100,0.042032391734,0.000004419853,0.128738536009
0.055172299800,0.041595244343,-0.000110027820,0.166936882326
0.052545047400,0.041093737231,0.000024562621,0.150546759275
0.049917795000,0.040779861311,0.000043090835,0.107393297569
0.047290542700,0.040506957928,0.000011898841,0.112536677533
0.044663290300,0.040146847566,-0.000092016793,0.112159826508
0.042036037900,0.039839679837,-0.000179550498,0.122135910373
0.039408785500,0.039403169525,-0.000213874990,0.132421905294
0.036781533200,0.039087223214,-0.000215287327,0.081813879712
0.034154280800,0.038942552685,-0.000217617460,0.019585011061
0.031527028400,0.038933035861,-0.000166357636,-0.035185127475
0.028899776100,0.039071504479,-0.000133214053,-0.046471062391
0.026272523700,0.039203609920,-0.000199067685,-0.020508833438
0.023645271300,0.039261992134,-0.000274847499,-0.026199618860
0.021018019000,0.039382189838,-0.000129934513,0.000201370679
0.018390766600,0.039267494428,-0.000057214325,0.023584205155
0.015763514200,0.039242554530,-0.000101862339,0.012785073234
0.013136261800,0.039203376139,-0.000159819258,0.032352225844
0.010509009500,0.039141714134,-0.000260435504,-0.003229903945
0.007881757100,0.039332772565,-0.000444531903,-0.062966963883
0.005254504700,0.039593273507,-0.000435516079,-0.077778794490
0.002627252400,0.039853200241,-0.000416615951,1.030100758826
0.000000000000,0.034258066842,-0.000444480834,2.112274860498
