0.391460603250,-0.054587262211,-0.000475647442,-0.393848566305
0.388833350880,-0.053517420629,-0.001166684385,-0.280404131055
0.386206098510,-0.053219494050,-0.001311592828,-0.014429958981
0.383578846140,-0.053454210773,-0.001330080834,0.314439630448
0.380951593770,-0.054831025812,-0.001201446482,0.186723419997
0.378324341400,-0.054370818987,-0.000950389405,0.212169809153
0.375697089030,-0.055860410427,-0.000692627516,0.275915466198
0.373069836660,-0.055727769144,-0.000430312784,0.164179332372
0.370442584290,-0.056583594377,-0.000135239158,0.152622050941
0.367815331920,-0.056539386123,0.000223320342,-0.096800971677
0.365188079550,-0.056129483477,0.000539618964,-0.168302219252
0.362560827170,-0.055732780502,0.000981850784,-0.160079103117
0.359933574800,-0.055387355206,0.001514800497,-0.150498210675
0.357306322430,-0.055084958942,0.001899536579,-0.117855969527
0.354679070060,-0.054881862290,0.002249932821,-0.101515367247
0.352051817690,-0.054709824592,0.002364106122,-0.059805436898
0.349424565320,-0.054646472309,0.002661177836,-0.012103310138
0.346797312950,-0.054641096749,0.002718400341,0.003649541669
0.344170060580,-0.054583647224,0.002684497181,-0.237690048896
0.341542808210,-0.053411645563,0.002864726802,0.042520424817
0.338915555840,-0.054611690654,0.002689733235,0.242911228898
0.336288303460,-0.054729975794,0.002726575178,0.018606455270
0.333661051090,-0.054752966196,0.002752716788,0.024749618428
0.331033798720,-0.054902776317,0.002751743686,0.055758128549
0.328406546350,-0.055085068472,0.002746575701,0.032358524642
0.325779293980,-0.055136061937,0.002808155995,0.041297630885
0.323152041610,-0.055307529874,0.002862615406,0.071244684937
0.320524789240,-0.055424518897,0.002866595497,0.040705373735
0.317897536870,-0.055515097820,0.002873756964,0.049812255605
0.315270284500,-0.055738897154,0.003003933718,0.075964616152
0.312643032100,-0.055973581201,0.003024812436,0.063322992448
0.310015779800,-0.056156807809,0.002999866148,0.042896310985
0.307388527400,-0.056272228314,0.003039038059,0.054127593023
0.304761275000,-0.056513312438,0.002950183576,0.079814929550
0.302134022600,-0.056724409807,0.002967777460,0.061071429054
0.299506770300,-0.056845252171,0.003023217185,0.022023929208
0.296879517900,-0.056854555711,0.003129085746,0.006452270831
0.294252265500,-0.056864128260,0.003244227002,0.039163895671
0.291625013200,-0.057071990800,0.003327669812,0.082812996581
0.288997760800,-0.057298198827,0.003451342885,0.104686553096
0.286370508400,-0.057584306359,0.003383889942,0.085388575853
0.283743256000,-0.057784952181,0.003361053273,0.040899250392
0.281116003700,-0.057858296516,0.003421603553,0.019781310299
0.278488751300,-0.057840631970,0.003324451963,-0.010632953988
0.275861498900,-0.057756539871,0.003179450090,-0.049484464192
0.273234246600,-0.057616049177,0.002957400699,-0.044666456907
0.270606994200,-0.057563968110,0.002754856412,-0.020440260963
0.267979741800,-0.057519665274,0.002544110494,-0.035158741143
0.265352489400,-0.057407459580,0.002389997796,-0.061071541127
0.262725237100,-0.057265392580,0.002399677309,-0.061303851177
0.260097984700,-0.057120303310,0.002560370401,-0.026724977764
0.257470732300,-0.057116851850,0.002559221330,-0.018166507543
0.254843480000,-0.057025549716,0.002591988010,-0.028945593492
0.252216227600,-0.056936924728,0.002668186576,-0.013652581598
0.249588975200,-0.056937571187,0.002642331180,0.007353691024
0.246961722900,-0.057010674881,0.002751071386,0.027856951070
0.244334470500,-0.057102362620,0.002921405586,0.038996494784
0.241707218100,-0.057268876994,0.002943884686,0.053484981197
0.239079965700,-0.057413442503,0.002855006093,0.072640878955
0.236452713400,-0.057616424990,0.002788928935,0.054835887138
0.233825461000,-0.057715122565,0.002759300093,0.018318515080
0.231198208600,-0.057751258667,0.002563720713,0.006860077498
0.228570956300,-0.057797073590,0.002267593677,-0.025467580746
0.225943703900,-0.057751633229,0.002023640535,-0.062203786493
0.223316451500,-0.057626906303,0.001872978173,-0.045635351288
0.220689199100,-0.057624033357,0.001749533863,0.000276780370
0.218061946800,-0.057703514267,0.001570274998,0.053429319486
0.215434694400,-0.057870991261,0.001464397804,0.053764571737
0.212807442000,-0.057956028797,0.001451268150,0.042021520015
0.210180189700,-0.058068519145,0.001406475037,0.046237254337
0.207552937300,-0.058160401218,0.001361100877,0.023299252801
0.204925684900,-0.058168422828,0.001329348995,-0.021229392457
0.202298432500,-0.058049010252,0.001374898819,-0.051871876853
0.199671180200,-0.057886200444,0.001425602904,-0.045789381049
0.197043927800,-0.057712000818,0.001382071906,-0.058488934261
0.194416675400,-0.057554064330,0.001355966417,-0.043485212341
0.191789423100,-0.057487768075,0.001431840852,-0.001193619232
0.189162170700,-0.057508801412,0.001427920942,0.025140221039
0.186534918300,-0.057624038189,0.001416099328,0.042950037036
0.183907666000,-0.057741566111,0.001582258307,0.051488709916
0.181280413600,-0.057861474250,0.001728988738,0.049889573204
0.178653161200,-0.057992924133,0.001793075582,0.014882673600
0.176025908800,-0.057916223503,0.001871836225,-0.025981540614
0.173398656500,-0.057829682687,0.001978107394,-0.012435329711
0.170771404100,-0.057820074757,0.001989301732,-0.003647694072
0.168144151700,-0.057852060908,0.002141799677,0.009946711988
0.165516899400,-0.057883540557,0.002250938626,-0.006810341729
0.162889647000,-0.057827185443,0.002478146173,-0.009111651111
0.160262394600,-0.057808859303,0.002622070389,-0.001771790077
0.157635142200,-0.057815101323,0.002614499337,-0.020525669843
0.155007889900,-0.057726273219,0.002769736334,-0.034499777773
0.152380637500,-0.057635090306,0.002782203588,-0.036450288982
0.149753385100,-0.057489341874,0.002605464192,-0.039538390751
0.147126132800,-0.057436935710,0.002567266181,-0.020061293158
0.144498880400,-0.057323671474,0.002594282750,-0.075493211315
0.141871628000,-0.057023466504,0.002548183630,-0.102423069613
0.139244375600,-0.056805614431,0.002367467569,-0.077717352174
0.136617123300,-0.056656696145,0.002148927526,-0.083897160352
0.133989870900,-0.056407141619,0.002070073118,-0.088826728661
0.131362618500,-0.056216554046,0.002064626843,-0.011814929840
0.128735366200,-0.056328081227,0.002084811098,0.068161977274
0.126108113800,-0.056525358367,0.002084848387,0.050068656324
0.123480861400,-0.056581265738,0.002120303070,0.031573007135
0.120853609000,-0.056745260998,0.002156453599,0.071156869972
0.118226356700,-0.057021607561,0.002206279513,0.118634000526
0.115599104300,-0.057414846055,0.002222463575,0.140100548160
0.112971851900,-0.057857575909,0.002397135283,0.151847127213
0.110344599600,-0.058314881533,0.002577913893,0.146908791905
0.107717347200,-0.058755716930,0.002642094826,0.112350874994
0.105090094800,-0.059075444989,0.002703078871,0.102993433356
0.102462842500,-0.059470344316,0.002694554453,0.140867213533
0.099835590100,-0.059940177542,0.002834701827,0.125412829485
0.097208337700,-0.060226219936,0.002991243260,0.083285812990
0.094581085300,-0.060468229234,0.002970899682,0.068445789312
0.091953833000,-0.060624330807,0.003040604737,0.018577959695
0.089326580600,-0.060546727294,0.003194800143,-0.057302869714
0.086699328200,-0.060311171221,0.003296658979,-0.118317247402
0.084072075900,-0.059925121281,0.003402975201,-0.158210439531
0.081444823500,-0.059462271907,0.003484808530,-0.168352053917
0.078817571100,-0.059090278033,0.003536508787,-0.147052013546
0.076190318700,-0.058779170572,0.003572400230,-0.083854163526
0.073563066400,-0.058721428689,0.003717232662,-0.015311949651
0.070935814000,-0.058761108181,0.003813605530,0.018566587448
0.068308561600,-0.058854123186,0.003951660299,0.055487745255
0.065681309300,-0.059028816457,0.004076283291,0.042152477208
0.063054056900,-0.059167902172,0.004002040311,0.053185629785
0.060426804500,-0.059376184826,0.004075846448,0.096291326698
0.057799552100,-0.059756293398,0.004294665048,0.092059095523
0.055172299800,-0.060048533953,0.004216883013,0.073127928216
0.052545047400,-0.060238279254,0.004261522318,0.064857654396
0.049917795000,-0.060424935788,0.004288746080,0.093826556226
0.047290542700,-0.060739532307,0.004305908729,0.108598681693
0.044663290300,-0.061058108383,0.004267026664,0.056477717036
0.042036037900,-0.061119849543,0.004263900465,0.023765917922
0.039408785500,-0.061255378570,0.004231273994,0.010288819954
0.036781533200,-0.061316067956,0.004118187506,-0.013855101669
0.034154280800,-0.061364693476,0.003994729685,-0.002108642609
0.031527028400,-0.061392936049,0.003962303282,0.019015658932
0.028899776100,-0.061519232562,0.003785174370,0.027880793195
0.026272523700,-0.061589717573,0.003607779594,0.000578856406
0.023645271300,-0.061576730048,0.003237525110,0.034155229038
0.021018019000,-0.061737671142,0.003190460067,0.091974524951
0.018390766600,-0.062003563466,0.002992795117,0.109514970933
0.015763514200,-0.062189306836,0.002749967440,0.051265442984
0.013136261800,-0.062290175204,0.002501245171,0.044776994822
0.010509009500,-0.062485689408,0.002293685348,0.069451774187
0.007881757100,-0.062720184625,0.001923352700,-0.263956218277
0.005254504700,-0.061189474803,0.001847769995,-0.087846411057
0.002627252400,-0.062587384364,0.001528736038,-1.592719591097
0.000000000000,-0.052865746108,0.000875871917,-3.671593584031
