0.391460603250,0.006265284385,0.000430331483,-0.343448362948
0.388833350880,0.007151715729,0.000327333326,0.005519651246
0.386206098510,0.006241878864,0.000616885797,0.337321507239
0.383578846140,0.005472137706,0.000482617691,0.045642753631
0.380951593770,0.006093994091,0.000363450254,-0.159085787951
0.378324341400,0.006460177238,0.000542516649,-0.098508179961
0.375697089030,0.006675868826,0.000742753570,-0.078403198534
0.373069836660,0.006870300901,0.000780954064,-0.128552307375
0.370442584290,0.007308401990,0.000756682691,-0.149266959466
0.367815331920,0.007576596939,0.000840473044,-0.168024288064
0.365188079550,0.008119662419,0.000893183336,-0.169074216285
0.362560827170,0.008398267587,0.001039254736,-0.113200312955
0.359933574800,0.008669259759,0.001071791458,-0.113366590021
0.357306322430,0.008951736818,0.001077099687,-0.158461347227
0.354679070060,0.009388838330,0.001019065372,-0.139603327908
0.352051817690,0.009550324213,0.000989392243,-0.087296064674
0.349424565320,0.009671260656,0.000953680141,-0.077520829479
0.346797312950,0.009781569496,0.000975977424,-0.053246297196
0.344170060580,0.009878688850,0.001007998217,0.078579195905
0.341542808210,0.009336840668,0.001328825279,0.080222573200
0.338915555840,0.009996681372,0.001231590837,-0.118551931420
0.336288303460,0.009863783827,0.001370064067,-0.004263451290
0.333661051090,0.009884415337,0.001493014530,-0.022094498888
0.331033798720,0.009913780948,0.001586701105,0.004571449698
0.328406546350,0.009834742301,0.001670453149,0.028043870445
0.325779293980,0.009674935084,0.001820920265,0.039364133923
0.323152041610,0.009453595136,0.001903378867,0.036777177570
0.320524789240,0.009366033368,0.002024963003,0.017402305600
0.317897536870,0.009249838335,0.002095199138,0.043514115682
0.315270284500,0.009037709160,0.002127903597,0.051895621309
0.312643032100,0.008870829266,0.002089168824,0.003727367765
0.310015779800,0.008858300615,0.002210735180,-0.042484452074
0.307388527400,0.008924036674,0.002223681945,-0.049646871381
0.304761275000,0.009035751149,0.002153461303,-0.019853696937
0.302134022600,0.009018051645,0.002206474857,0.033975939330
0.299506770300,0.008934472694,0.002212679755,0.036982180664
0.296879517900,0.008909302532,0.002264851300,0.031064843632
0.294252265500,0.008828734680,0.002158087601,0.041052648514
0.291625013200,0.008701554873,0.001960855353,0.021953753716
0.288997760800,0.008725685522,0.001880326590,-0.028115650228
0.286370508400,0.008918357476,0.001739337222,-0.063837284005
0.283743256000,0.009120880429,0.001631553391,-0.073791113967
0.281116003700,0.009358188750,0.001498069334,-0.069634513908
0.278488751300,0.009514683855,0.001319624645,-0.060925565692
0.275861498900,0.009703659037,0.001265741036,-0.078601845359
0.273234246600,0.009963256446,0.001232590526,-0.075612422584
0.270606994200,0.010151821746,0.001147713425,-0.047867291402
0.267979741800,0.010258248304,0.001118295086,-0.017452813328
0.265352489400,0.010292456808,0.001049198253,-0.016180642842
0.262725237100,0.010382128170,0.000945977559,-0.033753108624
0.260097984700,0.010543005717,0.000886212038,-0.025649375557
0.257470732300,0.010632687104,0.000835309979,0.024356844279
0.254843480000,0.010558454192,0.000817754396,0.061708643122
0.252216227600,0.010381445487,0.000861824602,0.095907880796
0.249588975200,0.010048936278,0.000915604453,0.163019561982
0.246961722900,0.009505844664,0.000860515799,0.224015385345
0.244334470500,0.008895633213,0.000806339947,0.205868759542
0.241707218100,0.008489641600,0.000746229119,0.194058396215
0.239079965700,0.008019600873,0.000778178513,0.233268629507
0.236452713400,0.007437164804,0.000786775975,0.183423313737
0.233825461000,0.007168513397,0.000787389456,0.089601580458
0.231198208600,0.007021648129,0.000851774961,0.064605946611
0.228570956300,0.006848182334,0.000798842182,0.040398671832
0.225943703900,0.006826474993,0.000776608046,0.001681607378
0.223316451500,0.006891134182,0.000842810674,-0.006119526751
0.220689199100,0.006938135911,0.000953755094,0.001105513835
0.218061946800,0.006971208838,0.000987195094,0.026488406423
0.215434694400,0.006917137337,0.000999101579,0.042155039839
0.212807442000,0.006852585442,0.000958361570,0.035183879469
0.210180189700,0.006809926976,0.001016984081,0.053974530833
0.207552937300,0.006638833832,0.001068001011,0.125003885764
0.204925684900,0.006208845803,0.001025091150,0.184145510763
0.202298432500,0.005741781707,0.000970542603,0.196408750194
0.199671180200,0.005276864176,0.000961760985,0.160518362425
0.197043927800,0.004942300489,0.001013760671,0.106813862658
0.194416675400,0.004780402526,0.001094721219,0.077019099156
0.191789423100,0.004626176347,0.001136177189,0.043791714474
0.189162170700,0.004622430098,0.001168582341,0.001689240761
0.186534918300,0.004667569828,0.001312072627,-0.044011288620
0.183907666000,0.004895758052,0.001334541722,-0.099914334105
0.181280413600,0.005231183368,0.001342049978,-0.115294972176
0.178653161200,0.005508227932,0.001355337812,-0.094347413461
0.176025908800,0.005711177816,0.001381022561,-0.067068907944
0.173398656500,0.005827916165,0.001322117612,-0.059467883345
0.170771404100,0.005954218242,0.001325664862,-0.046846963569
0.168144151700,0.005998112758,0.001320975961,-0.036350065974
0.165516899400,0.006036485124,0.001203203471,-0.039729401772
0.162889647000,0.006082716875,0.001140112324,-0.029010801560
0.160262394600,0.006124902937,0.001032686350,-0.032224840726
0.157635142200,0.006112248806,0.000960020283,-0.027624002387
0.155007889900,0.006053616634,0.000906895251,-0.016162591407
0.152380637500,0.005977217521,0.000865920834,-0.000254502597
0.149753385100,0.005842309262,0.000737488983,0.014622834328
0.147126132800,0.005670690517,0.000652826005,0.004554686063
0.144498880400,0.005597185008,0.000575278129,0.011672558073
0.141871628000,0.005399206167,0.000507984250,0.021121950770
0.139244375600,0.005333098688,0.000588295202,-0.043270278258
0.136617123300,0.005433722292,0.000535600775,-0.094648658890
0.133989870900,0.005609630414,0.000346166881,-0.100001887860
0.131362618500,0.005738404668,0.000338439797,-0.112858595713
0.128735366200,0.005983361180,0.000243367598,-0.185895233725
0.126108113800,0.006452082896,0.000163991605,-0.200966109610
0.123480861400,0.006805772165,0.000162887879,-0.151625032339
0.120853609000,0.007091606284,0.000124214705,-0.135992988826
0.118226356700,0.007429503363,0.000211508747,-0.058031992550
0.115599104300,0.007421611868,0.000401798823,0.041113559275
0.112971851900,0.007240841351,0.000541102529,0.096098160359
0.110344599600,0.007040354308,0.000626054935,0.107861518139
0.107717347200,0.006745361185,0.000767613700,0.112825452467
0.105090094800,0.006471386180,0.001009403017,0.110461642150
0.102462842500,0.006218705544,0.001045697652,0.113730618301
0.099835590100,0.005929371432,0.001038364198,0.137905031184
0.097208337700,0.005647550341,0.001279885063,0.141301259054
0.094581085300,0.005367621594,0.001331127157,0.152462181069
0.091953833000,0.004972733398,0.001476715285,0.195005988954
0.089326580600,0.004515956347,0.001534942187,0.166626121538
0.086699328200,0.004236621049,0.001457379130,0.076450259709
0.084072075900,0.004261563891,0.001504761770,0.033480226866
0.081444823500,0.004217079408,0.001695316521,0.049144711535
0.078817571100,0.004154840082,0.002023180668,0.082334176533
0.076190318700,0.004045550982,0.002085959770,0.102563554027
0.073563066400,0.003849163523,0.001998294272,0.077653409577
0.070935814000,0.003880414559,0.001925696838,0.001536451409
0.068308561600,0.004084965026,0.001837613578,-0.029854384745
0.065681309300,0.004261224623,0.001657630830,-0.026711542140
0.063054056900,0.004407422046,0.001565582308,-0.088518398896
0.060426804500,0.004829180598,0.001633735488,-0.131254461131
0.057799552100,0.005231139508,0.001486134756,-0.052852532639
0.055172299800,0.005334637386,0.001351547502,0.059376337908
0.052545047400,0.005176886425,0.001321836379,0.125602605442
0.049917795000,0.004894607794,0.001319189141,0.181048319012
0.047290542700,0.004455077127,0.001337452779,0.196300742395
0.044663290300,0.004066927459,0.001279000826,0.155761789423
0.042036037900,0.003772050344,0.001205551571,0.146397763813
0.039408785500,0.003399798572,0.001099241165,0.171515394791
0.036781533200,0.002991155087,0.000881125662,0.165109126090
0.034154280800,0.002612722616,0.000785436897,0.117042642785
0.031527028400,0.002470760824,0.000889952175,0.086480228550
0.028899776100,0.002304160588,0.000837664393,0.094135709703
0.026272523700,0.002111276896,0.000729869669,0.173639446177
0.023645271300,0.001563460630,0.000558858047,0.156174429775
0.021018019000,0.001463215941,0.000499008829,-0.022968081579
0.018390766600,0.001891871452,0.000488461769,-0.023192430010
0.015763514200,0.001800575104,0.000404681374,0.052603133327
0.013136261800,0.001745080352,0.000352852089,0.021117901578
0.010509009500,0.001832504716,0.000300584054,0.012383711960
0.007881757100,0.001851356254,0.000068275550,-0.032696873564
0.005254504700,0.002096675463,-0.000115206960,-0.125848902969
0.002627252400,0.002523353915,-0.000112382545,-0.120620180651
0.000000000000,0.002726734985,-0.000186364191,-0.090149545088
