0.391460603250,-0.026048966668,0.000985369735,-0.460262843090
0.388833350880,-0.024812539402,0.001047504113,-0.076689630778
0.386206098510,-0.025666776648,0.001068834364,0.462734775951
0.383578846140,-0.027302584937,0.001225867865,-0.094397024179
0.380951593770,-0.025210160134,0.001440139552,-0.351891183720
0.378324341400,-0.025466032676,0.001616517543,0.078412975322
0.375697089030,-0.025604377194,0.001617499675,0.262431597799
0.373069836660,-0.026822677446,0.001620894429,0.217152488279
0.370442584290,-0.026733300423,0.001534757603,-0.078574324135
0.367815331920,-0.026437543845,0.001426562730,-0.134100712095
0.365188079550,-0.026075819968,0.001321350237,-0.136993488703
0.362560827170,-0.025759266458,0.001301540055,-0.152549045130
0.359933574800,-0.025341077053,0.001275234838,-0.127883451284
0.357306322430,-0.025155571915,0.001316461059,-0.092757241940
0.354679070060,-0.024954329717,0.001419371445,-0.128559773971
0.352051817690,-0.024741738500,0.001519233698,-0.115851228032
0.349424565320,-0.024486462376,0.001658354679,-0.109520129176
0.346797312950,-0.024316544608,0.001808651880,-0.083639474451
0.344170060580,-0.024220766767,0.001862784113,-0.062347794769
0.341542808210,-0.024127609088,0.002016824910,-0.053226462734
0.338915555840,-0.024118942615,0.002060153227,-0.041872128093
0.336288303460,-0.024089294166,0.002130591616,-0.041268276319
0.333661051090,-0.024022002639,0.002168991274,-0.016804582548
0.331033798720,-0.024103580974,0.002221932813,0.023813621472
0.328406546350,-0.024285709711,0.002181842824,0.049677757360
0.325779293980,-0.024441408496,0.002181449299,0.041690680064
0.323152041610,-0.024559102444,0.002279743685,0.017190600734
0.320524789240,-0.024625952045,0.002308236032,0.025171836997
0.317897536870,-0.024696098231,0.002345434073,0.027356576665
0.315270284500,-0.024762875223,0.002554985850,0.013789320194
0.312643032100,-0.024819739773,0.002761909149,0.024025241576
0.310015779800,-0.024986140079,0.002819241900,0.067813395967
0.307388527400,-0.025366869454,0.002742030861,0.085657154889
0.304761275000,-0.025545277237,0.002685038986,0.039369834209
0.302134022600,-0.025681836076,0.002699445642,0.036674317268
0.299506770300,-0.025768465845,0.002669000663,0.016327435273
0.296879517900,-0.025904125753,0.002580213453,-0.000594190432
0.294252265500,-0.025917454575,0.002590088045,-0.039436812149
0.291625013200,-0.025824822519,0.002648534577,-0.057340247630
0.288997760800,-0.025812329370,0.002655368131,-0.075726629954
0.286370508400,-0.025644590868,0.002642214521,-0.099058922547
0.283743256000,-0.025493272156,0.002682918484,-0.104163188608
0.281116003700,-0.025291078743,0.002657080420,-0.103173640201
0.278488751300,-0.025186225510,0.002579281416,-0.074883485146
0.275861498900,-0.025131754777,0.002472053056,-0.064072538480
0.273234246600,-0.025074844945,0.002332653432,-0.041945626599
0.270606994200,-0.025137946904,0.002169383495,-0.008274764351
0.267979741800,-0.025197594950,0.002031516280,0.023075622262
0.265352489400,-0.025378649955,0.001948257336,0.053422601290
0.262725237100,-0.025592751992,0.001827871710,0.055645710764
0.260097984700,-0.025736095836,0.001714830133,0.021162162946
0.257470732300,-0.025811920613,0.001675448488,0.011624110342
0.254843480000,-0.025912526375,0.001610051135,0.033586212306
0.252216227600,-0.026040156383,0.001609701958,0.016689540812
0.249588975200,-0.026099186857,0.001545062943,0.012235619498
0.246961722900,-0.026191137473,0.001601575118,0.046836021512
0.244334470500,-0.026341761100,0.001644932713,0.074981416504
0.241707218100,-0.026472532207,0.001558689365,0.065998783933
0.239079965700,-0.026558490272,0.001557902462,0.048247202661
0.236452713400,-0.026661163572,0.001625005712,0.061406817713
0.233825461000,-0.026834632997,0.001557103017,0.125382702058
0.231198208600,-0.027209276903,0.001521188427,0.182986868395
0.228570956300,-0.027623978040,0.001574140088,0.200807298683
0.225943703900,-0.028105281744,0.001574472289,0.218065994972
0.223316451500,-0.028616782769,0.001669793341,0.199338428159
0.220689199100,-0.029007796738,0.001536360886,0.151251207842
0.218061946800,-0.029291301029,0.001610591204,0.106971603723
0.215434694400,-0.029499660992,0.001667271844,0.061509710831
0.212807442000,-0.029554449059,0.001628541179,0.007845468425
0.210180189700,-0.029493368720,0.001639235138,-0.004316797707
0.207552937300,-0.029471088126,0.001665244625,-0.035121149127
0.204925684900,-0.029313306962,0.001736392037,-0.059273710836
0.202298432500,-0.029159188201,0.001720679598,-0.052035573814
0.199671180200,-0.029044084245,0.001801131101,-0.046194092024
0.197043927800,-0.028986832323,0.001922228039,-0.028269367188
0.194416675400,-0.028989171298,0.001914994843,-0.026852074383
0.191789423100,-0.028961951328,0.001968399481,-0.025372562459
0.189162170700,-0.029025124354,0.002099196868,-0.003580557644
0.186534918300,-0.029128059264,0.002302949018,-0.018454960517
0.183907666000,-0.029159699524,0.002471514869,-0.040782171251
0.181280413600,-0.029120544326,0.002544746925,-0.042100251488
0.178653161200,-0.029128236540,0.002723586611,-0.046308302192
0.176025908800,-0.029041769284,0.002812167692,-0.059134278004
0.173398656500,-0.028948912289,0.002830176602,-0.054049779755
0.170771404100,-0.028835983894,0.002844698144,-0.073113473892
0.168144151700,-0.028651581857,0.002933051625,-0.115636219998
0.165516899400,-0.028398501742,0.002899939224,-0.147158965613
0.162889647000,-0.028014672680,0.002903098413,-0.190620477700
0.160262394600,-0.027499439558,0.003108429968,-0.185275289054
0.157635142200,-0.027091292118,0.003224588656,-0.143323951234
0.155007889900,-0.026768616165,0.003242394919,-0.136274959689
0.152380637500,-0.026383431790,0.003271914442,-0.153814918757
0.149753385100,-0.025973007380,0.003196578555,-0.143712646938
0.147126132800,-0.025648873870,0.003066812569,-0.088413859406
0.144498880400,-0.025539852779,0.003018073968,-0.032210879373
0.141871628000,-0.025560983182,0.003074339654,-0.000878428299
0.139244375600,-0.025641342897,0.003072620984,0.065350307504
0.136617123300,-0.025873918383,0.003083720115,0.089330458875
0.133989870900,-0.026109250238,0.003122576555,0.049368828248
0.131362618500,-0.026143738784,0.003027987589,0.046314865991
0.128735366200,-0.026310208959,0.002904820924,0.119138827624
0.126108113800,-0.026670742514,0.002905543352,0.144546196830
0.123480861400,-0.027010974340,0.002844110771,0.116284579128
0.120853609000,-0.027228883014,0.002711301094,0.098660965642
0.118226356700,-0.027505840063,0.002624458663,0.171745945315
0.115599104300,-0.028139924419,0.002498022986,0.287167251369
0.112971851900,-0.029022176114,0.002439130239,0.304467049382
0.110344599600,-0.029724585278,0.002559099359,0.266866751933
0.107717347200,-0.030388172840,0.002642658044,0.190476690523
0.105090094800,-0.030711438180,0.002761068818,0.083862143615
0.102462842500,-0.030830140469,0.002749510771,0.038418710528
0.099835590100,-0.030914932799,0.002590266737,-0.024201161267
0.097208337700,-0.030723184405,0.002358927152,-0.081533724186
0.094581085300,-0.030509602569,0.002395158228,-0.058737232482
0.091953833000,-0.030462367452,0.002422943452,-0.046460243633
0.089326580600,-0.030363155665,0.002461143897,-0.096421504134
0.086699328200,-0.030058162462,0.002378461058,-0.124280109445
0.084072075900,-0.029785655557,0.002385690553,-0.067277320853
0.081444823500,-0.029771145444,0.002333754392,-0.016353376770
0.078817571100,-0.029794477592,0.002326225893,-0.014403297175
0.076190318700,-0.029757255232,0.002315597235,-0.014805308544
0.073563066400,-0.029753346784,0.002333094580,-0.050329386722
0.070935814000,-0.029577123340,0.002299294916,-0.060904376558
0.068308561600,-0.029542179894,0.002149233998,0.017433764432
0.065681309300,-0.029743638889,0.002181147670,0.069966796902
0.063054056900,-0.029973548431,0.002307232451,0.086070923635
0.060426804500,-0.030223422249,0.002242784234,0.135154125958
0.057799552100,-0.030708034648,0.002184288934,0.196386868974
0.055172299800,-0.031279592791,0.002210070563,0.136103386434
0.052545047400,-0.031474178424,0.002185398940,0.074241497817
0.049917795000,-0.031703403862,0.002247098334,0.085556110184
0.047290542700,-0.031919479348,0.002117535401,0.040048128966
0.044663290300,-0.031935715939,0.001926809601,0.012443963433
0.042036037900,-0.032002799957,0.001690539403,0.027486233031
0.039408785500,-0.032103812500,0.001504829907,0.005578146730
0.036781533200,-0.032057838152,0.001368872410,-0.025156311423
0.034154280800,-0.032033227660,0.001361820239,-0.039485650352
0.031527028400,-0.032062182320,0.001339138881,-0.047708164349
0.028899776100,-0.031940363458,0.001395463271,-0.026639814543
0.026272523700,-0.032087538686,0.001574857071,0.031816194932
0.023645271300,-0.032233167889,0.001517891024,0.022718008577
0.021018019000,-0.032443076663,0.001411925834,0.056178476753
0.018390766600,-0.032709505550,0.001407194072,0.067468753519
0.015763514200,-0.032921157155,0.001237770912,0.041665380892
0.013136261800,-0.033067838400,0.001097158911,-0.032832237285
0.010509009500,-0.032924881900,0.001154219557,-0.143242102559
0.007881757100,-0.032458339313,0.001133868317,-0.225645277177
0.005254504700,-0.031840375260,0.000915245834,-0.288775804655
0.002627252400,-0.030968548798,0.000968848681,-0.747485702509
0.000000000000,-0.027879361772,0.001001770052,-1.193367112258
