0.391460603250,0.045386024127,0.000117030288,0.408473790750
0.388833350880,0.044333301852,-0.000449761386,0.093375787580
0.386206098510,0.044919356094,-0.000703955681,0.108529114808
0.383578846140,0.043780625345,-0.000672152788,0.424552787903
0.380951593770,0.042708027740,-0.000573930187,0.225089811878
0.378324341400,0.042596087908,-0.000383030258,0.160279735762
0.375697089030,0.041883360195,-0.000078196337,0.233226263429
0.373069836660,0.041416419921,0.000181418106,-0.263532939134
0.370442584290,0.043317287623,0.000484124738,-0.430275699315
0.367815331920,0.043666230546,0.000792860071,-0.183813002309
0.365188079550,0.044238068424,0.001079125361,-0.218563119327
0.362560827170,0.044755940528,0.001427953865,-0.274573935165
0.359933574800,0.045668760471,0.001743762426,-0.235538189494
0.357306322430,0.046003856219,0.002044408383,-0.154428633933
0.354679070060,0.046471768676,0.002254124976,-0.200555983638
0.352051817690,0.047024519738,0.002386579020,-0.168251641401
0.349424565320,0.047320231060,0.002427902131,-0.105032193651
0.346797312950,0.047443489150,0.002503794886,-0.050483915297
0.344170060580,0.047470665322,0.002607441449,-0.081457818080
0.341542808210,0.047726474928,0.002652471615,-0.082384345271
0.338915555840,0.047706918241,0.002546510379,-0.049941095636
0.336288303460,0.047511716074,0.002592897728,0.020460694977
0.333661051090,0.047186127183,0.002874105840,0.117329905911
0.331033798720,0.046968345104,0.002986751058,0.072255194824
0.328406546350,0.046861337059,0.002913866452,0.061443867585
0.325779293980,0.046694653218,0.002777752552,0.071204463090
0.323152041610,0.046479204021,0.002806035632,0.055081926527
0.320524789240,0.046371955918,0.002694727901,0.037735045669
0.317897536870,0.046251496735,0.002742750768,0.030105493060
0.315270284500,0.046181022001,0.002830500231,0.030818446511
0.312643032100,0.046095205059,0.002776121847,0.040239409738
0.310015779800,0.046007283311,0.002802661010,0.037354125204
0.307388527400,0.045961083646,0.002879586812,0.043732210332
0.304761275000,0.045823361229,0.002893089006,0.060236597275
0.302134022600,0.045668949199,0.002768930969,0.079144560311
0.299506770300,0.045466457826,0.002776135216,0.126793469379
0.296879517900,0.045046104132,0.002676244493,0.120900512932
0.294252265500,0.044822728025,0.002540790902,0.047983103457
0.291625013200,0.044758881928,0.002425516193,0.029603930808
0.288997760800,0.044683925673,0.002305795609,0.008190271056
0.286370508400,0.044710208174,0.002335311890,-0.013325710912
0.283743256000,0.044695713848,0.002353616173,0.004623052292
0.281116003700,0.044651819079,0.002348010144,0.003176291508
0.278488751300,0.044626497980,0.002440766043,0.017208566589
0.275861498900,0.044484246133,0.002584684686,0.050003866252
0.273234246600,0.044311154737,0.002505395892,0.015776420902
0.270606994200,0.044344006174,0.002320469870,-0.062812982652
0.267979741800,0.044515260575,0.002249048429,-0.085181815453
0.265352489400,0.044669166198,0.002076507742,-0.103385492794
0.262725237100,0.044982846165,0.002013765653,-0.138211475119
0.260097984700,0.045290631551,0.002068498923,-0.103740291563
0.257470732300,0.045378762274,0.002053231997,-0.085839084652
0.254843480000,0.045573495318,0.002094386187,-0.082634676485
0.252216227600,0.045697856331,0.002173620849,-0.066963077094
0.249588975200,0.045729984173,0.002145308524,-0.023644304477
0.246961722900,0.045682874817,0.002098309658,0.009328551504
0.244334470500,0.045511051696,0.001924314625,0.040358137215
0.241707218100,0.045317103484,0.001794851824,0.047505982608
0.239079965700,0.045092537880,0.001841464784,0.037364869191
0.236452713400,0.044975061491,0.001769791447,0.036271226268
0.233825461000,0.044780565279,0.001700846365,0.055814211724
0.231198208600,0.044590171569,0.001622302912,0.029725126515
0.228570956300,0.044542403718,0.001522300489,-0.014528189331
0.225943703900,0.044581335127,0.001364336758,-0.022572117674
0.223316451500,0.044595792011,0.001279471216,-0.014051433717
0.220689199100,0.044598873382,0.001266099650,-0.011165072492
0.218061946800,0.044558306238,0.001111786624,-0.005124532042
0.215434694400,0.044553289136,0.000881878361,-0.012824101625
0.212807442000,0.044589190819,0.000717135525,-0.009492353604
0.210180189700,0.044572396340,0.000618234314,-0.011141446276
0.207552937300,0.044614689792,0.000541098999,-0.002432084607
0.204925684900,0.044613066923,0.000456598982,-0.006695597646
0.202298432500,0.044678611773,0.000370552994,-0.046226121056
0.199671180200,0.044894138136,0.000281119642,-0.061677827365
0.197043927800,0.045055692714,0.000326248988,-0.037854910866
0.194416675400,0.045189821252,0.000355912671,-0.047258110992
0.191789423100,0.045365830444,0.000380603875,-0.043547892485
0.189162170700,0.045516852120,0.000393891221,-0.018672650985
0.186534918300,0.045576141326,0.000398466119,0.007177248508
0.183907666000,0.045597040606,0.000524895662,0.018669710540
0.181280413600,0.045608255904,0.000602064951,0.004917054632
0.178653161200,0.045628720226,0.000672305551,0.008816055747
0.176025908800,0.045589990731,0.000614786567,0.040913795510
0.173398656500,0.045442609541,0.000601315213,0.044591421269
0.170771404100,0.045394868190,0.000658055761,0.005246616217
0.168144151700,0.045435062004,0.000681707940,-0.019461480305
0.165516899400,0.045508115281,0.000686262552,-0.006448589505
0.162889647000,0.045440683738,0.000817100150,0.053750947885
0.160262394600,0.045192272745,0.000894622119,0.055409496071
0.157635142200,0.045096990024,0.001025596021,0.003462985938
0.155007889900,0.045104246610,0.001172845915,-0.018499842322
0.152380637500,0.045104785380,0.001288469279,-0.025146005912
0.149753385100,0.045185695392,0.001392005453,-0.027266557379
0.147126132800,0.045189976159,0.001383078348,-0.009037385892
0.144498880400,0.045191895462,0.001230680956,-0.032991393815
0.141871628000,0.045369727223,0.001181326794,-0.076030554330
0.139244375600,0.045586725958,0.001148100265,-0.088056842469
0.136617123300,0.045805663617,0.001088581272,-0.081342460938
0.133989870900,0.046058864396,0.000984717457,-0.089757163390
0.131362618500,0.046280763883,0.000957894122,-0.061642151348
0.128735366200,0.046354275440,0.000942440845,-0.052662200390
0.126108113800,0.046543599841,0.000899487885,-0.058361680242
0.123480861400,0.046654832495,0.000869670524,-0.017059649923
0.120853609000,0.046618665445,0.000883341236,0.033519993714
0.118226356700,0.046485902778,0.000910620477,0.071008366138
0.115599104300,0.046249429512,0.000993437174,0.111748234484
0.112971851900,0.045901339241,0.001081773811,0.123855079997
0.110344599600,0.045636952058,0.001045851282,0.112648104069
0.107717347200,0.045377604624,0.001067662121,0.137634497790
0.105090094800,0.044980090544,0.001139356712,0.179281229401
0.102462842500,0.044485835267,0.001198787525,0.190344381294
0.099835590100,0.044022258951,0.001204721023,0.176523555378
0.097208337700,0.043562776517,0.001230916474,0.156905967612
0.094581085300,0.043181291969,0.001098853357,0.137215008281
0.091953833000,0.042821107001,0.001037874568,0.088544802612
0.089326580600,0.042657720687,0.001188219714,0.028610663175
0.086699328200,0.042653122625,0.001272498562,-0.004757409271
0.084072075900,0.042659455520,0.001286139246,-0.025339173507
0.081444823500,0.042727554254,0.001403702711,-0.051886785564
0.078817571100,0.042852403890,0.001479419177,-0.054695687547
0.076190318700,0.042971648133,0.001697909885,-0.072724714366
0.073563066400,0.043245712776,0.001790680620,-0.112913707396
0.070935814000,0.043598229368,0.001815057225,-0.151856400499
0.068308561600,0.044033020786,0.001809515313,-0.186355363515
0.065681309300,0.044552946870,0.001849821279,-0.137223586525
0.063054056900,0.044727275170,0.001886886701,-0.063980523052
0.060426804500,0.044835842433,0.002080060193,-0.034305811826
0.057799552100,0.044815755497,0.002090450914,0.005053318240
0.055172299800,0.044695747341,0.002059497840,0.045598277056
0.052545047400,0.044499013867,0.002155907122,0.076807539020
0.049917795000,0.044214462608,0.002319176315,0.088695806697
0.047290542700,0.043926495181,0.002403627994,0.077635121303
0.044663290300,0.043724591269,0.002434525249,0.087604883793
0.042036037900,0.043393388925,0.002265963281,0.110514609568
0.039408785500,0.043056445432,0.002260003166,0.099359145124
0.036781533200,0.042758559798,0.002222149239,0.087206282519
0.034154280800,0.042566117741,0.002173015699,0.080951215599
0.031527028400,0.042411774412,0.002146041251,0.033305924418
0.028899776100,0.042340266721,0.002096924938,-0.003784784246
0.026272523700,0.042377680296,0.001899398893,-0.026378041765
0.023645271300,0.042437507288,0.001738561240,0.009057882838
0.021018019000,0.042285731318,0.001591618502,0.048877887565
0.018390766600,0.042158276862,0.001604035210,0.075567547880
0.015763514200,0.041864577920,0.001475255165,0.123011346109
0.013136261800,0.041511382150,0.001324849442,0.129706497954
0.010509009500,0.041217353464,0.001073576933,0.063595195136
0.007881757100,0.041183542843,0.000771332746,-0.033054458540
0.005254504700,0.041319481306,0.000581812971,-0.018969477915
0.002627252400,0.041207933948,0.000496648513,1.129887688426
0.000000000000,0.035364389445,0.000711973581,2.219292553780
