0.391460603250,0.021358570072,0.001027850463,0.026833502216
0.388833350880,0.021253703328,0.001257650023,0.009335487534
0.386206098510,0.021240106873,0.001278246203,-0.004918980455
0.383578846140,0.021172240808,0.001558781744,-0.076226853356
0.380951593770,0.021608585678,0.001596360240,-0.032321428587
0.378324341400,0.021370864313,0.001702149663,0.035252225011
0.375697089030,0.021393556854,0.001798597107,0.137355390443
0.373069836660,0.020586453023,0.001645797620,0.158456120636
0.370442584290,0.020451056781,0.001551981641,-0.133320722301
0.367815331920,0.021223676377,0.001502576418,-0.277609587290
0.365188079550,0.021918900999,0.001420786008,-0.453617792066
0.362560827170,0.023556771218,0.001316488169,-0.280277867423
0.359933574800,0.023330696967,0.001382627812,-0.025888359571
0.357306322430,0.023616865311,0.001484592538,-0.106843041815
0.354679070060,0.023776542795,0.001514404153,-0.104769104570
0.352051817690,0.023951685489,0.001655047259,-0.110517071585
0.349424565320,0.024160444708,0.001857050557,-0.101599844174
0.346797312950,0.024341359173,0.001946829147,-0.089995193569
0.344170060580,0.024562949292,0.002017763998,-0.067559526825
0.341542808210,0.024568735097,0.002077084478,-0.055202873480
0.338915555840,0.024621491046,0.002129902652,-0.043839505669
0.336288303460,0.024637618873,0.002122694416,-0.015245445916
0.333661051090,0.024540304940,0.002240966394,0.007933001869
0.331033798720,0.024451919083,0.002257811568,0.023821416584
0.328406546350,0.024320477185,0.002257229879,0.020038703676
0.325779293980,0.024247818853,0.002172861211,0.004293108898
0.323152041610,0.024207575880,0.002125047973,0.011283193021
0.320524789240,0.024154984825,0.002218548575,0.016461698149
0.317897536870,0.024024026021,0.002370071310,0.041774339609
0.315270284500,0.023853183012,0.002415288696,0.038385974473
0.312643032100,0.023799890066,0.002541595334,0.023546608398
0.310015779800,0.023720339329,0.002622989938,0.034826749056
0.307388527400,0.023596937034,0.002615881313,0.048716178266
0.304761275000,0.023366128906,0.002614390583,0.063579596784
0.302134022600,0.023196696720,0.002589781093,0.054817655668
0.299506770300,0.023031833479,0.002612723716,0.026150987184
0.296879517900,0.023021581071,0.002568551780,-0.011271185174
0.294252265500,0.022990146621,0.002466890206,-0.014436098927
0.291625013200,0.022959830793,0.002355398668,-0.026748469258
0.288997760800,0.022998715325,0.002333158230,-0.061101968131
0.286370508400,0.023161192240,0.002370504207,-0.069804554630
0.283743256000,0.023286972547,0.002487038475,-0.076311001827
0.281116003700,0.023439155230,0.002467244478,-0.088172221877
0.278488751300,0.023623278463,0.002369019590,-0.092373262175
0.275861498900,0.023762990646,0.002153537816,-0.062064141223
0.273234246600,0.023806352957,0.001946370274,-0.029394035601
0.270606994200,0.023800405675,0.001838726320,0.006208252953
0.267979741800,0.023679405333,0.001674418515,0.020914400806
0.265352489400,0.023568403145,0.001462884707,0.060546671403
0.262725237100,0.023348265515,0.001388865376,0.086394796929
0.260097984700,0.023111880484,0.001291759079,0.064321750803
0.257470732300,0.022897474250,0.001288540450,0.065631979613
0.254843480000,0.022688916479,0.001259678066,0.057384492177
0.252216227600,0.022640785330,0.001218380181,0.028113047559
0.249588975200,0.022624702185,0.001249695428,0.007580397800
0.246961722900,0.022631445712,0.001302357523,0.013629783206
0.244334470500,0.022556341044,0.001372709337,0.028332384767
0.241707218100,0.022489945184,0.001366256829,0.041894683785
0.239079965700,0.022425099067,0.001413581629,0.086474497358
0.236452713400,0.022137340623,0.001328484917,0.137320958442
0.233825461000,0.021879784942,0.001258018276,0.127097182920
0.231198208600,0.021610366972,0.001232916470,0.144889267884
0.228570956300,0.021250417387,0.001261893761,0.193929293589
0.225943703900,0.020786224459,0.001399293516,0.225026087684
0.223316451500,0.020299335690,0.001320390580,0.202064594264
0.220689199100,0.019878137751,0.001333673075,0.157364801416
0.218061946800,0.019542302240,0.001330542127,0.131232277893
0.215434694400,0.019271240809,0.001242658851,0.104762835117
0.212807442000,0.019031734580,0.001204280011,0.068484439223
0.210180189700,0.018946929751,0.001215367379,-0.004650265657
0.207552937300,0.019076713429,0.001269214417,-0.045624643041
0.204925684900,0.019188488652,0.001259859549,-0.048953787735
0.202298432500,0.019324152891,0.001241596937,-0.083087077664
0.199671180200,0.019532815454,0.001197209239,-0.088081613110
0.197043927800,0.019674164758,0.001221576327,-0.052770053033
0.194416675400,0.019752907941,0.001253296393,-0.041311992618
0.191789423100,0.019834463562,0.001348299057,-0.036024896831
0.189162170700,0.019854363977,0.001483802172,-0.006805898069
0.186534918300,0.019772057416,0.001619841574,0.018124100378
0.183907666000,0.019647482792,0.001691985063,0.007960116782
0.181280413600,0.019613751249,0.001808911889,-0.008617366983
0.178653161200,0.019623811733,0.002043129274,-0.021691761559
0.176025908800,0.019675658882,0.002204283365,-0.033327592152
0.173398656500,0.019807608932,0.002130254573,-0.048581692327
0.170771404100,0.019928836653,0.001999289964,-0.065645127649
0.168144151700,0.020100757195,0.002041415496,-0.095307889175
0.165516899400,0.020365440249,0.002190446548,-0.109726390403
0.162889647000,0.020625566630,0.002165057530,-0.101194068112
0.160262394600,0.020844140860,0.002199919928,-0.096600659965
0.157635142200,0.021139123663,0.002328880362,-0.141799391112
0.155007889900,0.021597001574,0.002409101068,-0.200270070814
0.152380637500,0.022151759358,0.002502859357,-0.193408511731
0.149753385100,0.022591537044,0.002527326980,-0.152326586269
0.147126132800,0.022935645708,0.002523947284,-0.134870565388
0.144498880400,0.023248352151,0.002594594052,-0.073614067520
0.141871628000,0.023300947139,0.002506470176,-0.014460218726
0.139244375600,0.023362484932,0.002387965858,0.005431200271
0.136617123300,0.023293533645,0.002343926169,0.054749418880
0.133989870900,0.023067935144,0.002287494619,0.077081569206
0.131362618500,0.022877422374,0.002164079094,0.071736039715
0.128735366200,0.022701686481,0.002260942186,0.072619935889
0.126108113800,0.022528860165,0.002229713937,0.090516735455
0.123480861400,0.022287171920,0.002172042425,0.113117585755
0.120853609000,0.021998757100,0.002048283352,0.126039283830
0.118226356700,0.021668409859,0.001833100685,0.137762646103
0.115599104300,0.021240437473,0.001773375196,0.172644484478
0.112971851900,0.020732138063,0.001824961929,0.240275212546
0.110344599600,0.019984162344,0.001777123882,0.282627623006
0.107717347200,0.019276169412,0.001785563780,0.219161344601
0.105090094800,0.018858432939,0.001880472293,0.134824358749
0.102462842500,0.018573001791,0.001889205903,0.099141759333
0.099835590100,0.018314171810,0.001833906768,0.061093369069
0.097208337700,0.018243481173,0.001797763509,-0.007418062178
0.094581085300,0.018366277395,0.001560477545,-0.081750129395
0.091953833000,0.018658250929,0.001456522134,-0.113404965826
0.089326580600,0.018944358942,0.001498347504,-0.086479970029
0.086699328200,0.019088796745,0.001583192792,-0.064175594256
0.084072075900,0.019198241741,0.001564220951,-0.063693361923
0.081444823500,0.019328365028,0.001533226471,-0.074066577291
0.078817571100,0.019458348824,0.001308167529,-0.072397302702
0.076190318700,0.019600275249,0.001221234030,-0.062357391922
0.073563066400,0.019673330645,0.001127747821,-0.036503580897
0.070935814000,0.019650405839,0.001164602120,-0.033824356401
0.068308561600,0.019669548514,0.001272504301,-0.013571017056
0.065681309300,0.019548342268,0.001302498668,0.053601827298
0.063054056900,0.019260462366,0.001096705425,0.116003046408
0.060426804500,0.018855797269,0.000997938677,0.118220580338
0.057799552100,0.018539431836,0.001177277990,0.110732197231
0.055172299800,0.018264602054,0.001209162913,0.109950140102
0.052545047400,0.017916119155,0.001232205684,0.119898467664
0.049917795000,0.017579750984,0.001267196544,0.101593305101
0.047290542700,0.017335305508,0.001202990612,0.086149565407
0.044663290300,0.017117842480,0.001034137838,0.070484771593
0.042036037900,0.016992871908,0.000929750617,0.064284407114
0.039408785500,0.016873872649,0.000681854393,0.035196991990
0.036781533200,0.016856077788,0.000501674294,-0.020987632086
0.034154280800,0.016948210281,0.000392501932,-0.026014963935
0.031527028400,0.016959872215,0.000294469010,-0.019370048737
0.028899776100,0.017006829131,0.000330387217,-0.014228756205
0.026272523700,0.016962767249,0.000468094692,0.208452042125
0.023645271300,0.015807439564,0.000470832207,0.211578495324
0.021018019000,0.015715532969,0.000471849198,-0.136686071192
0.018390766600,0.016403737932,0.000532467367,-0.143856543472
0.015763514200,0.016367886358,0.000360208613,-0.005075189909
0.013136261800,0.016322797255,0.000289491973,-0.035656274905
0.010509009500,0.016488044928,0.000227753442,-0.110673199944
0.007881757100,0.016859514652,0.000229158181,-0.161138903995
0.005254504700,0.017238192440,0.000185846292,-0.146084040732
0.002627252400,0.017496813007,0.000099927251,0.103105344672
0.000000000000,0.016628795498,0.000098151802,0.296973611931
