0.391460603250,0.037606226833,-0.000034243131,0.248592295651
0.388833350880,0.036926749957,-0.000174157517,-0.156552198880
0.386206098510,0.038397841097,-0.000063931985,-0.337137658387
0.383578846140,0.038714232505,0.000063063656,0.382748769315
0.380951593770,0.036369502987,0.000176942660,0.390270940219
0.378324341400,0.036638243899,0.000341056513,-0.320242817218
0.375697089030,0.038034088461,0.000535511829,-0.331540420714
0.373069836660,0.038329866397,0.000864516024,-0.104362483130
0.370442584290,0.038507994869,0.001098871386,-0.323444464931
0.367815331920,0.039973348647,0.001356906375,-0.455217872279
0.365188079550,0.040820205558,0.001774348628,-0.250981585247
0.362560827170,0.041223677180,0.001974732950,-0.114288439033
0.359933574800,0.041398479414,0.002128244935,0.108757095080
0.357306322430,0.040752840619,0.002309164282,0.106470180418
0.354679070060,0.040778681497,0.002385118171,-0.288196088614
0.352051817690,0.042153624606,0.002456217260,-0.282687974264
0.349424565320,0.042204735196,0.002542859696,-0.069919885156
0.346797312950,0.042358818717,0.002506908085,-0.042612931289
0.344170060580,0.042204822189,0.002614767411,0.010616374659
0.341542808210,0.042064900167,0.002708765231,0.042003923581
0.338915555840,0.041879783892,0.002697337827,0.054237484310
0.336288303460,0.041674784224,0.002770037093,0.063019928312
0.333661051090,0.041475150279,0.002781690255,0.079210636828
0.331033798720,0.041188225850,0.002727982166,0.101782417488
0.328406546350,0.040937291577,0.002791684498,0.095973237071
0.325779293980,0.040703446700,0.002886132390,0.111853745309
0.323152041610,0.040421065830,0.003011703290,0.142043207236
0.320524789240,0.040098667962,0.003024918506,0.155035727136
0.317897536870,0.039685843279,0.003018413878,0.153103448973
0.315270284500,0.039349175089,0.003158978666,0.132981736039
0.312643032100,0.039034387099,0.003251620911,0.106458849453
0.310015779800,0.038789159280,0.003261962260,0.067339581259
0.307388527400,0.038668115639,0.003342905046,0.054991269679
0.304761275000,0.038579963991,0.003392750768,0.018177652253
0.302134022600,0.038645996877,0.003300211187,-0.005920980185
0.299506770300,0.038569728070,0.003308685826,0.006110437882
0.296879517900,0.038544456192,0.003229604472,-0.038465936345
0.294252265500,0.038731703537,0.003113357225,-0.087561125426
0.291625013200,0.038987120009,0.003174457085,-0.031131995312
0.288997760800,0.038983996833,0.003190497341,0.039816590083
0.286370508400,0.038960833019,0.003064683818,0.078128708338
0.283743256000,0.038797584491,0.003024600205,0.099206954377
0.281116003700,0.038631228583,0.002979140166,0.074867537565
0.278488751300,0.038579378322,0.002882839109,0.055256476753
0.275861498900,0.038502699729,0.002745907422,0.038971400837
0.273234246600,0.038438839371,0.002798683047,0.010147594743
0.270606994200,0.038558234250,0.002856722820,-0.015849439503
0.267979741800,0.038691023814,0.002799562671,-0.022738836327
0.265352489400,0.038799230451,0.002847998380,-0.069812665062
0.262725237100,0.039084584139,0.002907008518,-0.115725425018
0.260097984700,0.039373075813,0.002978667737,-0.112076741537
0.257470732300,0.039682195871,0.003219866329,-0.114444300120
0.254843480000,0.039985467728,0.003509095358,-0.104254655631
0.252216227600,0.040252085828,0.003586951331,-0.092380889636
0.249588975200,0.040430875301,0.003536276389,-0.063124835105
0.246961722900,0.040550808215,0.003426992501,-0.083321553348
0.244334470500,0.040813521013,0.003212210587,-0.106205107916
0.241707218100,0.041034893557,0.002993921128,-0.084179420283
0.239079965700,0.041169191876,0.002710383417,-0.042281091236
0.236452713400,0.041172602707,0.002545569880,0.019220103854
0.233825461000,0.040959599164,0.002411269513,0.082206698292
0.231198208600,0.040619578890,0.002367292049,0.087928018854
0.228570956300,0.040411935641,0.002259107379,0.080750154477
0.225943703900,0.040118226264,0.002212236920,0.084637148336
0.223316451500,0.039852073612,0.002275513930,0.060973930741
0.220689199100,0.039640971009,0.002270264438,0.033721237668
0.218061946800,0.039483200566,0.002186639130,-0.012071931894
0.215434694400,0.039524923849,0.002084498084,-0.078804654866
0.212807442000,0.039767263118,0.001910732183,-0.136862215489
0.210180189700,0.040087321797,0.001764887032,-0.187285915797
0.207552937300,0.040562826104,0.001758455766,-0.220217205418
0.204925684900,0.041052311640,0.001682237937,-0.148671951537
0.202298432500,0.041184910602,0.001527983635,-0.051070501180
0.199671180200,0.041159364402,0.001539822458,0.003526777207
0.197043927800,0.041058706157,0.001623839746,0.034255796212
0.194416675400,0.040859206216,0.001596635797,0.064562767374
0.191789423100,0.040570016684,0.001618919088,0.044122930891
0.189162170700,0.040470611719,0.001710884372,-0.008414488226
0.186534918300,0.040474177659,0.001808180336,0.006408229340
0.183907666000,0.040325560480,0.001994816791,0.030944421742
0.181280413600,0.040177097671,0.002147647264,0.010276834033
0.178653161200,0.040148180160,0.002351299084,-0.011451776646
0.176025908800,0.040147089136,0.002573475087,0.006039069376
0.173398656500,0.040085073561,0.002918333430,0.019961493718
0.170771404100,0.040061930402,0.002959472182,-0.004584560621
0.168144151700,0.040107627435,0.002803020519,-0.029263248065
0.165516899400,0.040205192033,0.002707644402,-0.045729085785
0.162889647000,0.040304690952,0.002536710739,-0.064461385984
0.160262394600,0.040477894012,0.002450689564,-0.068146291932
0.157635142200,0.040677958191,0.002188002354,-0.087661041287
0.155007889900,0.040948556982,0.002008960287,-0.099524565602
0.152380637500,0.041200856365,0.001839267859,-0.100131958096
0.149753385100,0.041460890093,0.001720201885,-0.072862208510
0.147126132800,0.041591696365,0.001638717753,-0.030809406146
0.144498880400,0.041595964013,0.001594602927,-0.008818406956
0.141871628000,0.041570496626,0.001559066616,0.012920722765
0.139244375600,0.041435245259,0.001601309264,0.041823437749
0.136617123300,0.041244112047,0.001603635535,0.036201664734
0.133989870900,0.041120974563,0.001639488968,0.045762928020
0.131362618500,0.040954543207,0.001787197585,0.055020053660
0.128735366200,0.040762909076,0.001951620533,0.065341807765
0.126108113800,0.040569764245,0.002002153443,0.032932868859
0.123480861400,0.040575190304,0.002084154577,0.014124128979
0.120853609000,0.040503986566,0.002158740122,0.088926474805
0.118226356700,0.040119742454,0.002238542979,0.105169155558
0.115599104300,0.039962111916,0.002331908254,0.040144477401
0.112971851900,0.039940376398,0.002338573491,0.011130446760
0.110344599600,0.039963218469,0.002318046608,-0.015018789297
0.107717347200,0.040096434046,0.002424284253,-0.057500508260
0.105090094800,0.040293715172,0.002576123983,-0.069478004107
0.102462842500,0.040515718614,0.002738901071,-0.061640525696
0.099835590100,0.040705805711,0.002792813954,-0.072081013157
0.097208337700,0.040978395422,0.002869445397,-0.064229348988
0.094581085300,0.041081347995,0.002891798312,0.024618928277
0.091953833000,0.040851674043,0.003162362657,0.081062194611
0.089326580600,0.040636731488,0.003418378386,0.066346708259
0.086699328200,0.040521864954,0.003459774931,0.068925037937
0.084072075900,0.040298346302,0.003512078122,0.119485786934
0.081444823500,0.039874245863,0.003549262887,0.104392019998
0.078817571100,0.039667626929,0.003373225446,0.033175838859
0.076190318700,0.039607676204,0.003358621595,0.015440838725
0.073563066400,0.039560168247,0.003357981884,-0.012870664213
0.070935814000,0.039653096362,0.003295969730,-0.024484412571
0.068308561600,0.039676119388,0.003433953852,-0.001812329586
0.065681309300,0.039602348768,0.003489291935,0.063755904587
0.063054056900,0.039283765330,0.003538640131,0.113315489254
0.060426804500,0.038914328044,0.003351799655,0.135513014737
0.057799552100,0.038493098869,0.003149733213,0.168220376729
0.055172299800,0.037984995208,0.003073525610,0.154690368213
0.052545047400,0.037672081124,0.002988203441,0.076930411262
0.049917795000,0.037545776958,0.002885277944,0.035567851516
0.047290542700,0.037457940883,0.002699593417,0.040093126813
0.044663290300,0.037312760553,0.002507340255,0.038398755330
0.042036037900,0.037246660866,0.002453737929,0.028865183950
0.039408785500,0.037096641747,0.002372028151,0.062491042882
0.036781533200,0.036958509813,0.002225086632,0.074460459643
0.034154280800,0.036794309689,0.002076308391,0.080873559849
0.031527028400,0.036545589917,0.001840418277,0.117834972456
0.028899776100,0.036195666832,0.001617632546,0.141851398700
0.026272523700,0.035831086748,0.001551980119,0.375245260246
0.023645271300,0.034240097244,0.001217410676,0.396690401017
0.021018019000,0.033668738931,0.001213773279,-0.030895321369
0.018390766600,0.034241951703,0.001228401501,-0.095823941378
0.015763514200,0.034058975444,0.001070167476,0.002229029154
0.013136261800,0.034135036815,0.000995298941,-0.067392098998
0.010509009500,0.034304604030,0.000862642421,-0.107960613559
0.007881757100,0.034674083375,0.000714693872,-0.167893639360
0.005254504700,0.035107036022,0.000581133715,-0.115699920681
0.002627252400,0.035248494879,0.000575730943,0.594904855241
0.000000000000,0.031860657687,0.000340352994,1.295864763314
