0.391460603250,-0.054377561447,-0.000182793322,-0.080416049296
0.388833350880,-0.054100891227,-0.000283183901,0.021679973763
0.386206098510,-0.055014885296,-0.000500606492,0.359332253827
0.383578846140,-0.056022514688,-0.000517903989,0.036538175291
0.380951593770,-0.054996638004,-0.000063082715,-0.174785892661
0.378324341400,-0.055351062823,0.000236858148,-0.047352670807
0.375697089030,-0.054751997724,0.000548639133,0.078416191280
0.373069836660,-0.055876017016,0.000692060016,0.273225180872
0.370442584290,-0.056324936503,0.000740545214,0.161499717404
0.367815331920,-0.056822852215,0.000996662725,0.066590889688
0.365188079550,-0.056744232046,0.001143541248,-0.029981302595
0.362560827170,-0.056737587327,0.001342236967,-0.047776359657
0.359933574800,-0.056565312250,0.001417654615,-0.086811434789
0.357306322430,-0.056423658134,0.001500286942,-0.068467817112
0.354679070060,-0.056381987563,0.001610514747,-0.042379654186
0.352051817690,-0.056357956968,0.001610231292,-0.063956525427
0.349424565320,-0.056189476241,0.001697281998,-0.068660219542
0.346797312950,-0.055994024923,0.001809191945,-0.049365038012
0.344170060580,-0.055871575619,0.001877479774,-0.027945022321
0.341542808210,-0.055791094021,0.001989660598,-0.009759271795
0.338915555840,-0.055749489033,0.002190957862,0.023236554627
0.336288303460,-0.055846855212,0.002196007965,0.077455895622
0.333661051090,-0.056163161602,0.002331607880,0.094846342945
0.331033798720,-0.056406686764,0.002482507571,0.088344217967
0.328406546350,-0.056656179594,0.002538515576,0.100224264751
0.325779293980,-0.056943184159,0.002621623470,0.095388348735
0.323152041610,-0.057195892469,0.002692654688,0.089091053840
0.320524789240,-0.057410423863,0.002640617582,0.069206805292
0.317897536870,-0.057625591724,0.002669053899,0.067095245967
0.315270284500,-0.057853924776,0.002741381993,0.074198746202
0.312643032100,-0.058046529305,0.002740474194,0.040363137533
0.310015779800,-0.058126173541,0.002757852992,-0.007115887871
0.307388527400,-0.058116378232,0.002770383441,-0.044007776946
0.304761275000,-0.058030185749,0.002764209168,-0.076330590925
0.302134022600,-0.057802278641,0.002833947504,-0.062603319536
0.299506770300,-0.057715144443,0.002868150152,-0.011662080140
0.296879517900,-0.057691760333,0.002793641071,0.003532562294
0.294252265500,-0.057676032582,0.002855395625,0.004671923353
0.291625013200,-0.057671376470,0.002896545312,-0.007962506879
0.288997760800,-0.057639389153,0.002886593498,-0.001603444031
0.286370508400,-0.057690018432,0.002886244005,0.013988275033
0.283743256000,-0.057695767024,0.002902650154,-0.007266195466
0.281116003700,-0.057678897620,0.002950620662,-0.002923931616
0.278488751300,-0.057685048385,0.003024493345,-0.000002776123
0.275861498900,-0.057705825006,0.003104246996,-0.014707625353
0.273234246600,-0.057682244676,0.003136721616,-0.017684217262
0.270606994200,-0.057691693806,0.003294550973,-0.022477096991
0.267979741800,-0.057658962726,0.003518953318,-0.045174643974
0.265352489400,-0.057586345682,0.003547136412,-0.064248766147
0.262725237100,-0.057479944287,0.003566987195,-0.047857304176
0.260097984700,-0.057521689590,0.003448212554,-0.025659276806
0.257470732300,-0.057551793464,0.003129399136,-0.053485460540
0.254843480000,-0.057561490679,0.002902870445,-0.064632762384
0.252216227600,-0.057473309748,0.002775433318,-0.086751144382
0.249588975200,-0.057316557387,0.002560480558,-0.096132454020
0.246961722900,-0.057204850505,0.002492677851,-0.076274370956
0.244334470500,-0.057192443169,0.002395505037,-0.034643320887
0.241707218100,-0.057302257772,0.002353832516,0.005507796990
0.239079965700,-0.057444393234,0.002358530293,0.048635429706
0.236452713400,-0.057734851937,0.002280194899,0.103710893990
0.233825461000,-0.058106911293,0.002248868007,0.094674097249
0.231198208600,-0.058391296278,0.002253751080,0.059365588125
0.228570956300,-0.058578159213,0.002232693956,0.017822213749
0.225943703900,-0.058639321471,0.002252388090,-0.015718481826
0.223316451500,-0.058605074529,0.002148792001,-0.027833946456
0.220689199100,-0.058598205320,0.002075075372,-0.026851181451
0.218061946800,-0.058542686693,0.002046295199,-0.033883406461
0.215434694400,-0.058412282931,0.002007468091,-0.047150913529
0.212807442000,-0.058261623668,0.002174656547,-0.040544294530
0.210180189700,-0.058164385807,0.002165041232,-0.020589284786
0.207552937300,-0.058145887826,0.002173509856,0.015765285547
0.204925684900,-0.058234319004,0.002320349273,0.023341349805
0.202298432500,-0.058223969190,0.002406616709,-0.008752046771
0.199671180200,-0.058176637113,0.002422608877,-0.009348718094
0.197043927800,-0.058158636223,0.002449268931,0.016001147445
0.194416675400,-0.058268168293,0.002436085573,0.032399112131
0.191789423100,-0.058340041736,0.002332343764,0.028395513280
0.189162170700,-0.058421334417,0.002227415027,0.029238817559
0.186534918300,-0.058543856667,0.002308273691,0.055405125339
0.183907666000,-0.058687842592,0.002399860148,0.060708479813
0.181280413600,-0.058894257892,0.002465207160,0.043207977209
0.178653161200,-0.058916451621,0.002460226802,-0.041662866508
0.176025908800,-0.058714825014,0.002434202581,-0.107071739218
0.173398656500,-0.058439906541,0.002540317560,-0.094066879443
0.170771404100,-0.058175212489,0.002533625722,-0.110194498536
0.168144151700,-0.057849249772,0.002399225032,-0.148675987442
0.165516899400,-0.057557076866,0.002346492089,-0.142275645555
0.162889647000,-0.057203035281,0.002484249580,-0.154371751328
0.160262394600,-0.056763292684,0.002502886448,-0.130502228740
0.157635142200,-0.056549805110,0.002480048318,-0.043549112422
0.155007889900,-0.056548572701,0.002372759150,0.019588876897
0.152380637500,-0.056683820590,0.002330634569,0.081883753514
0.149753385100,-0.056858477678,0.002293337172,0.098947655555
0.147126132800,-0.057090638612,0.002102992787,0.092903222972
0.144498880400,-0.057367234589,0.001955997495,0.124857811085
0.141871628000,-0.057659663509,0.001905827201,0.109627436455
0.139244375600,-0.057846163892,0.001897274672,0.098422982002
0.136617123300,-0.058194208609,0.001875720754,0.132194912013
0.133989870900,-0.058537509688,0.001985622258,0.109501860209
0.131362618500,-0.058747450299,0.002023913545,0.080672115587
0.128735366200,-0.059010838056,0.002079076227,0.079524476633
0.126108113800,-0.059221148460,0.002394829428,0.114903739311
0.123480861400,-0.059578546116,0.002783292556,0.102618961710
0.120853609000,-0.059788775518,0.003114374584,0.051973640680
0.118226356700,-0.059840116996,0.003258303627,0.015802959422
0.115599104300,-0.059872488399,0.003469261336,-0.000417658893
0.112971851900,-0.059858483118,0.003609714862,-0.012508072243
0.110344599600,-0.059803502681,0.003808277737,-0.037002548925
0.107717347200,-0.059652222258,0.003902975930,-0.061499009204
0.105090094800,-0.059451812658,0.004042454689,-0.019209929574
0.102462842500,-0.059485824194,0.004172828723,0.007469448557
0.099835590100,-0.059448047256,0.004340604709,-0.009168128441
0.097208337700,-0.059435729122,0.004458903236,-0.010717894293
0.094581085300,-0.059506954243,0.004561359558,0.016775149539
0.091953833000,-0.059692800134,0.004688004778,0.043030037953
0.089326580600,-0.059834411322,0.005034459425,0.034874336829
0.086699328200,-0.060015478591,0.005104134315,0.069950558961
0.084072075900,-0.060306605101,0.004986165510,0.087062886702
0.081444823500,-0.060487852007,0.004988663664,0.057225663585
0.078817571100,-0.060529153633,0.004982820849,0.033510809299
0.076190318700,-0.060593176744,0.005109565286,0.046367251629
0.073563066400,-0.060784542980,0.005129696494,0.062033681476
0.070935814000,-0.060915003066,0.005085873401,0.022836819176
0.068308561600,-0.060956214214,0.005057685816,-0.009583133991
0.065681309300,-0.060975266730,0.004975367729,0.008756828576
0.063054056900,-0.061076828221,0.004944460788,0.011858636775
0.060426804500,-0.061128155518,0.004792929367,-0.012505100670
0.057799552100,-0.061073073500,0.004606695314,-0.013310967075
0.055172299800,-0.061054275996,0.004509689973,-0.001228769668
0.052545047400,-0.061054064250,0.004545689129,0.018586711239
0.049917795000,-0.061184829663,0.004458982510,0.051417327269
0.047290542700,-0.061348296333,0.004449373313,0.065377441798
0.044663290300,-0.061505324185,0.004383520527,0.081329234401
0.042036037900,-0.061704593310,0.004259891630,0.111920810836
0.039408785500,-0.061971807471,0.004176062139,0.150112128899
0.036781533200,-0.062362581519,0.003980866547,0.223365257625
0.034154280800,-0.063063439866,0.003761577243,0.257663731987
0.031527028400,-0.063688005503,0.003516268816,0.233228106809
0.028899776100,-0.064251311839,0.003343269954,0.217201874229
0.026272523700,-0.064790282354,0.003068170964,0.167867719767
0.023645271300,-0.065090135850,0.002797006149,0.088835187316
0.021018019000,-0.065305151913,0.002626636105,0.065230730845
0.018390766600,-0.065545792721,0.002328755619,0.058760513477
0.015763514200,-0.065697834672,0.002117762472,-0.019723582276
0.013136261800,-0.065489203156,0.002051172767,-0.073935664251
0.010509009500,-0.065244968860,0.001837688760,-0.095039621197
0.007881757100,-0.065003007798,0.001662189248,-0.102922656000
0.005254504700,-0.064630929983,0.001564924743,-0.201323793973
0.002627252400,-0.063878395027,0.001472356474,-0.816715698353
0.000000000000,-0.060368736616,0.001559470503,-1.353431680823
