0.391460603250,0.052410180371,0.000237585992,-0.512371168922
0.388833350880,0.053920633792,-0.000298965365,-0.265132283272
0.386206098510,0.053908297409,-0.000244803871,0.204804433775
0.383578846140,0.052863161055,-0.000130647962,0.396660014735
0.380951593770,0.051824188542,-0.000086206626,0.304179383329
0.378324341400,0.051232888063,0.000070329705,0.183569726172
0.375697089030,0.050852975428,0.000352604908,-0.425396911474
0.373069836660,0.053504581028,0.000605090628,-0.696658518784
0.370442584290,0.054532829354,0.000996457248,-0.373296772819
0.367815331920,0.055470187027,0.001278727112,-0.328865362992
0.365188079550,0.056273252660,0.001555445373,-0.291240156442
0.362560827170,0.056947933612,0.001833984257,-0.206080423231
0.359933574800,0.057384952499,0.002126507155,-0.135236045152
0.357306322430,0.057763483559,0.002324328697,-0.096326242436
0.354679070060,0.057895047106,0.002640023738,-0.024810350000
0.352051817690,0.057764917441,0.002871181571,-0.094661899232
0.349424565320,0.058127400010,0.003050122670,-0.079962332413
0.346797312950,0.058090930058,0.003111739817,-0.018919042668
0.344170060580,0.058156424333,0.003227051326,-0.054857177986
0.341542808210,0.058298209745,0.003274664549,0.002476197808
0.338915555840,0.058080317117,0.003173666642,0.069469001575
0.336288303460,0.057868662944,0.003155787977,0.049615117037
0.333661051090,0.057797082256,0.003157968317,0.036738452106
0.331033798720,0.057637798032,0.003129061489,0.060978540942
0.328406546350,0.057460370761,0.003132889037,0.068389909826
0.325779293980,0.057261946759,0.003080218081,0.060796990436
0.323152041610,0.057139421288,0.003019532826,0.054779483232
0.320524789240,0.056956803047,0.003058832283,0.048248205855
0.317897536870,0.056841574605,0.003039936737,0.028468239944
0.315270284500,0.056774898532,0.003029740223,0.060796650165
0.312643032100,0.056589129613,0.003015095975,0.063699041223
0.310015779800,0.056504149981,0.003011848388,0.017733889048
0.307388527400,0.056532865223,0.003067676474,-0.000035562804
0.304761275000,0.056503833862,0.003261651951,0.024716813591
0.302134022600,0.056361782285,0.003402994378,0.091136887198
0.299506770300,0.056062986528,0.003418009337,0.093349529637
0.296879517900,0.055913415673,0.003442571676,0.100297107209
0.294252265500,0.055617017201,0.003573524082,0.147127670652
0.291625013200,0.055210714935,0.003502394506,0.137597829610
0.288997760800,0.054967449240,0.003411972732,0.064791798739
0.286370508400,0.054888542478,0.003526655467,0.013022873674
0.283743256000,0.054921798019,0.003621592681,-0.030400318534
0.281116003700,0.054985792559,0.003598406726,-0.022272470471
0.278488751300,0.054994365355,0.003413386668,-0.008269353195
0.275861498900,0.055017690304,0.003104754242,-0.022604338103
0.273234246600,0.055074237140,0.002858130757,-0.020180679860
0.270606994200,0.055063393831,0.002688541906,-0.027944836579
0.267979741800,0.055187003194,0.002499069893,-0.044524477458
0.265352489400,0.055304742855,0.002343878383,-0.031599820359
0.262725237100,0.055396334588,0.002258914331,-0.020103920823
0.260097984700,0.055445952253,0.002280356672,-0.048386311029
0.257470732300,0.055614504024,0.002210307696,-0.062220375308
0.254843480000,0.055740959993,0.002257108732,-0.032345620439
0.252216227600,0.055814425332,0.002386234844,-0.024062262385
0.249588975200,0.055882394206,0.002456644672,0.012502670670
0.246961722900,0.055775268217,0.002558520694,0.043745927510
0.244334470500,0.055637798386,0.002522188438,0.036213901418
0.241707218100,0.055595228898,0.002518604233,0.020067083908
0.239079965700,0.055533790331,0.002518229311,0.027759428531
0.236452713400,0.055428515182,0.002447636747,-0.000612506453
0.233825461000,0.055505963489,0.002129226017,-0.031628495462
0.231198208600,0.055541436737,0.001912347593,-0.031290941757
0.228570956300,0.055605108026,0.001647609040,-0.045066007414
0.225943703900,0.055677959827,0.001405098915,-0.019863677542
0.223316451500,0.055609461197,0.001245943859,0.003458178370
0.220689199100,0.055581642324,0.001099006699,0.050667420107
0.218061946800,0.055392249353,0.000988237176,0.105226393819
0.215434694400,0.055136969668,0.000849163110,0.076052110376
0.212807442000,0.055021335532,0.000742469836,0.035912124598
0.210180189700,0.054915314261,0.000728911533,0.031053111699
0.207552937300,0.054851661430,0.000707150169,0.005634015593
0.204925684900,0.054957950098,0.000608418313,-0.043199263307
0.202298432500,0.055148430403,0.000443040492,-0.056850568689
0.199671180200,0.055331138574,0.000403948813,-0.062481703438
0.197043927800,0.055531867792,0.000423161431,-0.051656258154
0.194416675400,0.055646609844,0.000352909844,-0.024139630213
0.191789423100,0.055653852381,0.000410314595,-0.006084105572
0.189162170700,0.055614863001,0.000551727791,0.042291847285
0.186534918300,0.055391353467,0.000660846608,0.074633483371
0.183907666000,0.055210090338,0.000791777031,0.044691166985
0.181280413600,0.055191369864,0.000937711802,0.015215527875
0.178653161200,0.055201300378,0.000966017056,-0.007531137921
0.176025908800,0.055191288801,0.001094452760,-0.000023611112
0.173398656500,0.055177709331,0.001153386639,-0.013705922005
0.170771404100,0.055234313826,0.001272033392,-0.042244013749
0.168144151700,0.055294093593,0.001457039666,-0.003808019652
0.165516899400,0.055249976353,0.001573296135,-0.012217207032
0.162889647000,0.055332568880,0.001619654259,-0.053123897123
0.160262394600,0.055485612346,0.001591725826,-0.033770739968
0.157635142200,0.055512472841,0.001632078519,-0.024149087100
0.155007889900,0.055608038591,0.001579345739,-0.052025417861
0.152380637500,0.055781329962,0.001432511962,-0.050605107205
0.149753385100,0.055854023436,0.001424464621,-0.058248780898
0.147126132800,0.056098181364,0.001414721435,-0.111155069912
0.144498880400,0.056444855955,0.001140872723,-0.112943729903
0.141871628000,0.056702209630,0.001032535443,-0.095919378082
0.139244375600,0.056919412236,0.000957928990,-0.069604922111
0.136617123300,0.057054953432,0.000897521465,-0.032075412265
0.133989870900,0.057107423795,0.000843941275,0.003248324635
0.131362618500,0.057004061567,0.000675776193,0.025309218235
0.128735366200,0.056904138992,0.000651600542,0.046271827158
0.126108113800,0.056773466733,0.000664315258,0.049503317898
0.123480861400,0.056594938094,0.000749592853,0.080059490404
0.120853609000,0.056297627544,0.000749355166,0.120334512559
0.118226356700,0.055890288196,0.000880748487,0.137050112819
0.115599104300,0.055590237470,0.001030158407,0.138615113813
0.112971851900,0.055167210133,0.001110937625,0.153984237486
0.110344599600,0.054727621886,0.001193372303,0.128050738371
0.107717347200,0.054429630125,0.001324133402,0.095953768249
0.105090094800,0.054109734856,0.001362496681,0.082409375821
0.102462842500,0.053839482568,0.001479243168,0.095366781011
0.099835590100,0.053539805554,0.001502664606,0.056902894053
0.097208337700,0.053480195785,0.001494306075,-0.027839269918
0.094581085300,0.053604134965,0.001528233132,-0.056911809343
0.091953833000,0.053750312468,0.001694959731,-0.103969358290
0.089326580600,0.054146950884,0.001795980885,-0.117717366829
0.086699328200,0.054453531653,0.001871251722,-0.067800237996
0.084072075900,0.054588915075,0.001966999885,-0.075370660402
0.081444823500,0.054862330771,0.002027786801,-0.061540214090
0.078817571100,0.054877289159,0.002038423998,0.022805564297
0.076190318700,0.054727944105,0.002168405351,0.024068081048
0.073563066400,0.054718550214,0.002303983190,0.012861023370
0.070935814000,0.054633921219,0.002394202748,0.059949605045
0.068308561600,0.054371652040,0.002404565779,0.127911028449
0.065681309300,0.053970236998,0.002440743137,0.105289098415
0.063054056900,0.053800697786,0.002492996068,0.023234075432
0.060426804500,0.053857506987,0.002538852277,0.002597388875
0.057799552100,0.053834685827,0.002485954063,0.049562746663
0.055172299800,0.053687257324,0.002623164037,0.096995429224
0.052545047400,0.053414566743,0.002732628709,0.089817982560
0.049917795000,0.053302218783,0.002755996220,0.083791850240
0.047290542700,0.053093929561,0.002652595803,0.092147876007
0.044663290300,0.052875760553,0.002635952984,0.079182284012
0.042036037900,0.052818847987,0.002738658542,0.035665095885
0.039408785500,0.052845597544,0.002563460582,0.016057827300
0.036781533200,0.052811116095,0.002494214955,0.029911473967
0.034154280800,0.052773123086,0.002326349536,0.049322450893
0.031527028400,0.052636525917,0.002274037847,0.031073732612
0.028899776100,0.052662289938,0.002189873106,-0.000760517988
0.026272523700,0.052653721819,0.002106278283,0.022373651990
0.023645271300,0.052564800012,0.001871527817,0.097458390725
0.021018019000,0.052191429838,0.001681674734,0.144146316558
0.018390766600,0.051803993812,0.001466184790,0.122339716236
0.015763514200,0.051438170521,0.001238432898,0.150319300814
0.013136261800,0.050971790507,0.001156677534,0.139242523317
0.010509009500,0.050716170276,0.001039585392,0.093152516954
0.007881757100,0.050468454349,0.000812090729,0.030640387559
0.005254504700,0.050546008927,0.000569461281,-0.075977257314
0.002627252400,0.050937566701,0.000357199421,0.446085311552
0.000000000000,0.048351195714,0.000120438964,0.991646714007
