0.391460603250,-0.048533738618,-0.000175926835,0.587010140784
0.388833350880,-0.050059125340,-0.000422967112,0.352256204613
0.386206098510,-0.050287263372,-0.000759484493,0.048797780813
0.383578846140,-0.050363653582,-0.000561897027,0.081158378579
0.380951593770,-0.050787000380,-0.000671755528,0.071379303786
0.378324341400,-0.050767438380,-0.000570146663,0.059861144176
0.375697089030,-0.051080896222,-0.000343631756,0.159417990638
0.373069836660,-0.051573059601,-0.000069650274,0.195357627358
0.370442584290,-0.052099221670,0.000094655636,0.093411079653
0.367815331920,-0.051989143400,0.000264423157,0.031814059141
0.365188079550,-0.052146480357,0.000488030786,0.012264620858
0.362560827170,-0.052015698441,0.000709156592,-0.378838791316
0.359933574800,-0.050138724423,0.000843386064,-0.234321565494
0.357306322430,-0.050784958697,0.001187395551,0.091530654996
0.354679070060,-0.050654824736,0.001445912707,-0.100559286177
0.352051817690,-0.050332128994,0.001644162687,-0.168034619423
0.349424565320,-0.049831743221,0.001865772071,-0.190940140324
0.346797312950,-0.049402814213,0.001959087896,-0.116546955097
0.344170060580,-0.049302393087,0.001916071308,0.007658864550
0.341542808210,-0.049410435086,0.002006743950,0.054440657830
0.338915555840,-0.049515574603,0.002122771598,0.060277386844
0.336288303460,-0.049651261636,0.002289554770,0.054395534850
0.333661051090,-0.049812593523,0.002482908034,0.063003519272
0.331033798720,-0.049972835434,0.002563887120,0.054773592915
0.328406546350,-0.050103328147,0.002571513557,0.068675184387
0.325779293980,-0.050345911053,0.002526118145,0.077936972174
0.323152041610,-0.050506525058,0.002558623681,0.055994434704
0.320524789240,-0.050581128545,0.002522752899,0.067635351526
0.317897536870,-0.050799447282,0.002549989802,0.083005164346
0.315270284500,-0.050921872247,0.002561393573,0.051886349837
0.312643032100,-0.050948377674,0.002432643747,0.028538402403
0.310015779800,-0.050994773960,0.002368117640,0.054738223111
0.307388527400,-0.051128994020,0.002466647101,0.075825846284
0.304761275000,-0.051381660730,0.002373668122,0.089265142222
0.302134022600,-0.051610892317,0.002360146029,0.096147431964
0.299506770300,-0.051895667682,0.002445092089,0.118030365453
0.296879517900,-0.052248825820,0.002445039864,0.094484513663
0.294252265500,-0.052435611202,0.002338793056,0.046235007586
0.291625013200,-0.052541853491,0.002291532285,0.034701935330
0.288997760800,-0.052691218005,0.002195641682,0.004773700113
0.286370508400,-0.052628790873,0.002175452913,-0.024471639077
0.283743256000,-0.052588545559,0.002122448423,-0.042519489908
0.281116003700,-0.052491983591,0.002100955671,-0.041074146184
0.278488751300,-0.052468899133,0.002143401220,-0.009414260016
0.275861498900,-0.052548468458,0.002274200588,0.013084409042
0.273234246600,-0.052645399978,0.002215520023,0.002073163522
0.270606994200,-0.052698159434,0.002112357876,-0.023748036709
0.267979741800,-0.052659301257,0.002194519547,-0.059997279612
0.265352489400,-0.052469063644,0.002121848400,-0.111947603259
0.262725237100,-0.052121641079,0.002012282261,-0.133277105782
0.260097984700,-0.051835799832,0.001969250543,-0.132187497003
0.257470732300,-0.051546381546,0.001974937582,-0.119936080446
0.254843480000,-0.051314080018,0.002041114325,-0.076057299729
0.252216227600,-0.051188760231,0.002125408223,-0.018581434794
0.249588975200,-0.051246802560,0.002005647111,0.038625416906
0.246961722900,-0.051407663837,0.001867332846,0.060349867283
0.244334470500,-0.051605589012,0.001794010447,0.043745170868
0.241707218100,-0.051742534540,0.001766703590,0.061922059790
0.239079965700,-0.052011298266,0.001823900270,0.069455054183
0.236452713400,-0.052202364773,0.001725678590,0.044707999491
0.233825461000,-0.052368689328,0.001665835863,0.066092451707
0.231198208600,-0.052701040181,0.001712643992,0.088470266220
0.228570956300,-0.052955812160,0.001688650511,0.035567197175
0.225943703900,-0.052950468509,0.001628701343,-0.033736948791
0.223316451500,-0.052895601569,0.001540872302,-0.033677355603
0.220689199100,-0.052865476759,0.001466038491,-0.019130926699
0.218061946800,-0.052808456249,0.001315284971,-0.007351585681
0.215434694400,-0.052843032646,0.001308566718,-0.016496904211
0.212807442000,-0.052759723870,0.001340681350,-0.035423704234
0.210180189700,-0.052722147170,0.001277375911,-0.014607045239
0.207552937300,-0.052805179672,0.001241887516,-0.026260915771
0.204925684900,-0.052675291463,0.001235605039,-0.055463179828
0.202298432500,-0.052557735796,0.001161006087,-0.036127185342
0.199671180200,-0.052520557432,0.001158379370,-0.024749543988
0.197043927800,-0.052442529563,0.001141000129,-0.043671187956
0.194416675400,-0.052291389245,0.001182393159,-0.033777292691
0.191789423100,-0.052212878095,0.001249339988,0.008959243692
0.189162170700,-0.052241971948,0.001241014249,-0.001972788150
0.186534918300,-0.052149631219,0.001198505084,-0.008434970105
0.183907666000,-0.052161820458,0.001315783074,0.010002083958
0.181280413600,-0.052176449674,0.001466087024,-0.007679810406
0.178653161200,-0.052111230356,0.001614649835,-0.009625686272
0.176025908800,-0.052104089402,0.001576325095,0.007878489206
0.173398656500,-0.052216615611,0.001550094897,0.016360958138
0.170771404100,-0.052225071425,0.001628611650,-0.003843026544
0.168144151700,-0.052189390219,0.001674850692,0.020603855443
0.165516899400,-0.052278435358,0.001668447329,0.050064701324
0.162889647000,-0.052346993609,0.001684642862,0.043597330663
0.160262394600,-0.052418595309,0.001578058416,0.051568707403
0.157635142200,-0.052557509960,0.001667262292,0.042063209963
0.155007889900,-0.052576991978,0.001751601364,0.010173845746
0.152380637500,-0.052580939209,0.001921100007,0.012922664138
0.149753385100,-0.052604579727,0.002017247921,0.006441744962
0.147126132800,-0.052603223917,0.002174460893,0.005816742303
0.144498880400,-0.052666906801,0.002242413272,-0.017992329066
0.141871628000,-0.052503659486,0.002228231716,-0.062929942261
0.139244375600,-0.052355612373,0.002181598968,-0.057924782358
0.136617123300,-0.052208116917,0.002174296952,-0.080441303684
0.133989870900,-0.051949442993,0.002231429025,-0.112238237276
0.131362618500,-0.051621575897,0.002154332188,-0.083178074020
0.128735366200,-0.051408598880,0.002075907811,-0.064518382973
0.126108113800,-0.051185476780,0.002121973225,-0.041084207921
0.123480861400,-0.051160347062,0.002002372710,0.021738692519
0.120853609000,-0.051341306504,0.001878285973,0.025895280266
0.118226356700,-0.051386384150,0.001960315105,-0.008647453708
0.115599104300,-0.051359589572,0.002068428143,0.039094157274
0.112971851900,-0.051601857280,0.002166631459,0.111727320507
0.110344599600,-0.051988018595,0.002343856286,0.140032918057
0.107717347200,-0.052372296343,0.002439153950,0.119243372349
0.105090094800,-0.052661375623,0.002491244615,0.105678189730
0.102462842500,-0.053044174400,0.002386793923,0.120077693621
0.099835590100,-0.053436559598,0.002282716844,0.126505981655
0.097208337700,-0.053877880554,0.002306130156,0.117986700004
0.094581085300,-0.054181703503,0.002305560352,0.076366722581
0.091953833000,-0.054369499907,0.002371395403,0.081092970446
0.089326580600,-0.054651247253,0.002405082874,0.069818214281
0.086699328200,-0.054860954562,0.002527785979,0.030109644371
0.084072075900,-0.054952789084,0.002690600662,0.015084305086
0.081444823500,-0.055031026507,0.002613451846,0.016738079221
0.078817571100,-0.055082013163,0.002667810809,-0.018047016191
0.076190318700,-0.054962214654,0.002896613842,-0.040145321595
0.073563066400,-0.054880373051,0.002874558549,-0.047406249588
0.070935814000,-0.054771318714,0.002858419773,-0.087914145254
0.068308561600,-0.054450704286,0.003004776561,-0.127276396669
0.065681309300,-0.054104983647,0.003050214247,-0.134845515859
0.063054056900,-0.053759071626,0.003017620532,-0.114545386171
0.060426804500,-0.053562965564,0.002994856703,-0.069196523155
0.057799552100,-0.053545124771,0.003160950843,-0.061257162991
0.055172299800,-0.053456801382,0.003244363754,-0.056212457703
0.052545047400,-0.053536493677,0.003148737171,0.012308168228
0.049917795000,-0.053806215792,0.003234353240,0.035952337388
0.047290542700,-0.053974904092,0.003306493309,0.051740793677
0.044663290300,-0.054377450915,0.003284845379,0.081555437337
0.042036037900,-0.054673636373,0.003154801036,0.047925844657
0.039408785500,-0.054854580849,0.003208374318,0.087195440568
0.036781533200,-0.055301911248,0.003374898739,0.114608372929
0.034154280800,-0.055664759310,0.003297088970,0.076909979135
0.031527028400,-0.055937371977,0.003015530957,0.039848654022
0.028899776100,-0.056137617287,0.002892502919,0.008790675320
0.026272523700,-0.056236091925,0.002894805416,0.007512353517
0.023645271300,-0.056388469110,0.002886846122,-0.005097470121
0.021018019000,-0.056327224596,0.002852079240,-0.054012197676
0.018390766600,-0.056255441644,0.002587595367,-0.030957650048
0.015763514200,-0.056337776850,0.002436832504,0.043573105380
0.013136261800,-0.056575083795,0.002324481714,0.090341200427
0.010509009500,-0.056890391001,0.002059076853,0.055262624268
0.007881757100,-0.056972500923,0.001806577067,-0.044208384235
0.005254504700,-0.056759737070,0.001439831304,-0.150282510103
0.002627252400,-0.056293810010,0.001199704866,-0.412700112518
0.000000000000,-0.054705462472,0.001094502790,-0.619633827803
