0.391460603250,-0.023505782021,-0.000401881801,0.310132799308
0.388833350880,-0.024184586345,-0.001057871036,0.460466535152
0.386206098510,-0.025705485502,-0.001163809651,0.660319796751
0.383578846140,-0.027615814202,-0.001093680646,-0.058762528671
0.380951593770,-0.025496297062,-0.001038859158,-0.230340402192
0.378324341400,-0.026484800681,-0.000873651819,0.250210777408
0.375697089030,-0.026891463816,-0.000490460036,0.254129953262
0.373069836660,-0.027881984225,-0.000154567607,0.221991732303
0.370442584290,-0.028104591112,0.000139120940,-0.070278986466
0.367815331920,-0.027541729739,0.000528248380,-0.199977140621
0.365188079550,-0.026998467003,0.000937192481,-0.184153921604
0.362560827170,-0.026615037006,0.001330317638,-0.170604298401
0.359933574800,-0.026166665393,0.001715059993,-0.163040363269
0.357306322430,-0.025757984427,0.002130302129,-0.114763569941
0.354679070060,-0.025563965736,0.002414102089,-0.043971151358
0.352051817690,-0.025527313674,0.002738231300,-0.020997456891
0.349424565320,-0.025407087155,0.002862621299,-0.030438855469
0.346797312950,-0.025303198439,0.002877785009,-0.012141364252
0.344170060580,-0.025313462797,0.002877434631,0.042833191871
0.341542808210,-0.025437803698,0.002936508907,0.061236946896
0.338915555840,-0.025571424296,0.003067122735,0.061366857320
0.336288303460,-0.025675709437,0.003007409114,0.077116457879
0.333661051090,-0.025937925705,0.002946475678,0.087686159892
0.331033798720,-0.026113326479,0.002851304522,0.051100394332
0.328406546350,-0.026168019539,0.002770582022,0.033410392869
0.325779293980,-0.026219130972,0.002771601239,0.026738158578
0.323152041610,-0.026306086515,0.002738578692,0.061386040498
0.320524789240,-0.026551847469,0.002785109531,0.083668327231
0.317897536870,-0.026711996874,0.002877473458,0.029967274233
0.315270284500,-0.026731232319,0.002830229645,0.044964062960
0.312643032100,-0.026848077815,0.002724725014,0.102046372360
0.310015779800,-0.027098223986,0.002654611106,0.089641318780
0.307388527400,-0.027193000596,0.002714120281,0.050450409641
0.304761275000,-0.027240457393,0.002763445038,0.059687815804
0.302134022600,-0.027413115406,0.002826106663,0.065031333365
0.299506770300,-0.027515616017,0.002864934922,0.025552840994
0.296879517900,-0.027487102379,0.002938070523,0.015758242251
0.294252265500,-0.027573375275,0.003052338076,0.059083684145
0.291625013200,-0.027779391115,0.003042412817,0.117583176679
0.288997760800,-0.028135542945,0.003039141685,0.143671643524
0.286370508400,-0.028447073379,0.003158696143,0.123403872441
0.283743256000,-0.028690691952,0.003306892069,0.082880606101
0.281116003700,-0.028803646890,0.003429796496,0.059979582618
0.278488751300,-0.028875371870,0.003373491319,0.049561239975
0.275861498900,-0.028933869619,0.003120065191,0.028620341287
0.273234246600,-0.029014640056,0.003155047510,0.012775855509
0.270606994200,-0.029023014923,0.002972229494,-0.003052928672
0.267979741800,-0.029009351227,0.002779229012,-0.053301994045
0.265352489400,-0.028849361040,0.002662484358,-0.092632098693
0.262725237100,-0.028630007888,0.002686857281,-0.106137125468
0.260097984700,-0.028433730866,0.002724127080,-0.106288060189
0.257470732300,-0.028197838382,0.002700839095,-0.112656225149
0.254843480000,-0.027996410544,0.002717348124,-0.096522724791
0.252216227600,-0.027843723200,0.002759132161,-0.045958425917
0.249588975200,-0.027899491103,0.002735355136,0.005208508776
0.246961722900,-0.027965592898,0.002693270941,0.000773045920
0.244334470500,-0.028000119319,0.002769913701,0.016791285424
0.241707218100,-0.028107867234,0.002790348627,0.000048842925
0.239079965700,-0.028138274080,0.002773126220,-0.026459265152
0.236452713400,-0.028118014659,0.002751067896,-0.030906557534
0.233825461000,-0.028061280828,0.002589995349,-0.047975153696
0.231198208600,-0.027993596825,0.002361392548,-0.060740095120
0.228570956300,-0.027823266036,0.002134214087,-0.099021510082
0.225943703900,-0.027540187127,0.001861205185,-0.108117765571
0.223316451500,-0.027405185044,0.001738366158,-0.084783660325
0.220689199100,-0.027279231918,0.001602832798,-0.068845735543
0.218061946800,-0.027233606493,0.001464284570,-0.012047923331
0.215434694400,-0.027402269697,0.001336501372,0.040845229879
0.212807442000,-0.027602516240,0.001347278573,0.042162922611
0.210180189700,-0.027748496894,0.001311257414,0.040246474670
0.207552937300,-0.027856548885,0.001285320726,-0.009707150647
0.204925684900,-0.027771865451,0.001218556394,-0.062593633587
0.202298432500,-0.027628190925,0.001209299918,-0.090279753172
0.199671180200,-0.027392397190,0.001192170432,-0.103847501205
0.197043927800,-0.027167107412,0.001160564635,-0.102950968810
0.194416675400,-0.026946673883,0.001194715256,-0.082565385960
0.191789423100,-0.026805767388,0.001280719394,-0.031459491011
0.189162170700,-0.026883049481,0.001356283378,0.003173981125
0.186534918300,-0.026936117455,0.001378218719,0.002883444770
0.183907666000,-0.026952546574,0.001445928664,-0.019383180076
0.181280413600,-0.026879877412,0.001563356893,-0.038565597966
0.178653161200,-0.026820223166,0.001690040454,-0.017528169464
0.176025908800,-0.026864744028,0.001862083832,0.006123753507
0.173398656500,-0.026905301957,0.001996170478,-0.019129493359
0.170771404100,-0.026846842006,0.002092691855,-0.041695916475
0.168144151700,-0.026775228387,0.002349632730,-0.007648752833
0.165516899400,-0.026876360490,0.002509452781,0.021829328628
0.162889647000,-0.026965127215,0.002600205029,-0.000993187589
0.160262394600,-0.026931145951,0.002705100536,-0.004441510259
0.157635142200,-0.027013774869,0.002725098002,0.050062761456
0.155007889900,-0.027212104113,0.002738187960,0.061484246602
0.152380637500,-0.027309151081,0.002653425475,0.015379805870
0.149753385100,-0.027323661504,0.002435924951,-0.013260292612
0.147126132800,-0.027252922752,0.002312513790,-0.038051045909
0.144498880400,-0.027111716551,0.002195400853,-0.044279061630
0.141871628000,-0.026983492893,0.002139854918,-0.042217271924
0.139244375600,-0.026869827962,0.002064051359,-0.053171542990
0.136617123300,-0.026706461071,0.001992596442,-0.083855294935
0.133989870900,-0.026491100339,0.001974330948,-0.061371548609
0.131362618500,-0.026422944527,0.001978640167,-0.002818283564
0.128735366200,-0.026498489151,0.001932873486,0.026603119711
0.126108113800,-0.026652106818,0.001917646538,0.047866521075
0.123480861400,-0.026808672707,0.001992701080,0.062975541273
0.120853609000,-0.027023536568,0.001987665709,0.057406433522
0.118226356700,-0.027215627487,0.002046340587,0.030382145674
0.115599104300,-0.027325831213,0.002213805418,0.023311174634
0.112971851900,-0.027495266272,0.002182356424,0.074163417632
0.110344599600,-0.027806149429,0.002280072635,0.092557992393
0.107717347200,-0.028082673055,0.002464423377,0.106199516078
0.105090094800,-0.028433548121,0.002464734518,0.143141123088
0.102462842500,-0.028919236557,0.002460875224,0.151284174921
0.099835590100,-0.029259734763,0.002500194741,0.099329653395
0.097208337700,-0.029477542693,0.002520104167,0.048391294615
0.094581085300,-0.029614233719,0.002619018982,0.009963583756
0.091953833000,-0.029576463788,0.002702978184,-0.055564786598
0.089326580600,-0.029392691182,0.002995735254,-0.109501758391
0.086699328200,-0.029084421970,0.003196101255,-0.161650252567
0.084072075900,-0.028582002449,0.003338127550,-0.163558142215
0.081444823500,-0.028244733815,0.003224442653,-0.130900500160
0.078817571100,-0.027921257588,0.003332572872,-0.082256459721
0.076190318700,-0.027845928283,0.003455178955,-0.009940232386
0.073563066400,-0.027902973089,0.003582768917,0.030368581628
0.070935814000,-0.028010697727,0.003662736837,0.045122957215
0.068308561600,-0.028104979593,0.003690664771,0.013359823152
0.065681309300,-0.028028406888,0.003820572480,0.018662522808
0.063054056900,-0.028199561888,0.003822603993,0.061136583051
0.060426804500,-0.028378788515,0.003640255468,0.062452002747
0.057799552100,-0.028557475099,0.003480327827,0.069234441225
0.055172299800,-0.028730250674,0.003405573511,0.069668078944
0.052545047400,-0.028938207127,0.003573242759,0.074447602129
0.049917795000,-0.029155938392,0.003672612467,0.090770972434
0.047290542700,-0.029345293797,0.003632477512,0.075942026098
0.044663290300,-0.029524121846,0.003540318912,0.080337558168
0.042036037900,-0.029760211536,0.003586715616,0.118293027675
0.039408785500,-0.030118399443,0.003519994859,0.089528984118
0.036781533200,-0.030178042343,0.003321182914,0.046179043843
0.034154280800,-0.030288848131,0.003140553306,0.093748686979
0.031527028400,-0.030546963757,0.003080188161,0.091467114128
0.028899776100,-0.030726104837,0.003037108800,0.077695601283
0.026272523700,-0.030883664440,0.002970584797,0.039860200000
0.023645271300,-0.030849550831,0.002771454840,-0.219482425898
0.021018019000,-0.029595924784,0.002536036449,0.099323184595
0.018390766600,-0.031411457096,0.002329747315,0.474473155292
0.015763514200,-0.031965232035,0.002156572802,0.190205587604
0.013136261800,-0.032269351705,0.001846987720,0.135239366823
0.010509009500,-0.032551443919,0.001634550544,0.152346222118
0.007881757100,-0.032960074582,0.001340673843,0.136346423145
0.005254504700,-0.033144400002,0.001053338097,0.040441969673
0.002627252400,-0.033050817934,0.001001547397,-0.621501904951
0.000000000000,-0.029802034515,0.000824793180,-1.239323652307
