0.391460603250,-0.048614855457,-0.000203177399,-0.137632919186
0.388833350880,-0.048179564793,-0.000657819479,0.086255350862
0.386206098510,-0.048841574995,-0.000648129017,0.114147193785
0.383578846140,-0.048954706336,-0.000787776158,0.083769893402
0.380951593770,-0.049258845998,-0.000624965885,0.447361682061
0.378324341400,-0.051187207788,-0.000268122199,0.375405518625
0.375697089030,-0.051215981055,-0.000093565125,0.231024850505
0.373069836660,-0.052379850895,0.000062366324,0.175047521357
0.370442584290,-0.052080180165,0.000234472885,0.095568222627
0.367815331920,-0.052774642754,0.000464325011,0.224601657639
0.365188079550,-0.053166925361,0.000654754601,0.077086515613
0.362560827170,-0.053144992913,0.000793057330,-0.041862781173
0.359933574800,-0.052971197157,0.001062142958,-0.125850266096
0.357306322430,-0.052566653584,0.001279787878,-0.189676336673
0.354679070060,-0.052045305102,0.001518088681,-0.206336652667
0.352051817690,-0.051559888909,0.001764207703,-0.194340340897
0.349424565320,-0.051073550731,0.001914850791,-0.149612357185
0.346797312950,-0.050805748187,0.002052053715,-0.076713650172
0.344170060580,-0.050640429626,0.002075141460,-0.025918222765
0.341542808210,-0.050617251170,0.002007426529,0.016427264552
0.338915555840,-0.050679446364,0.002121714839,0.045866259047
0.336288303460,-0.050827469192,0.002272831801,0.072360892309
0.333661051090,-0.051108826754,0.002367588677,0.091503854068
0.331033798720,-0.051322395129,0.002509142893,0.078030036662
0.328406546350,-0.051481404638,0.002507721066,-0.229474118908
0.325779293980,-0.050079367973,0.002366621829,0.107239701769
0.323152041610,-0.051644201437,0.002642513116,0.322945668740
0.320524789240,-0.051820320418,0.002599730494,0.049007727321
0.317897536870,-0.051960231287,0.002544165032,0.036322568114
0.315270284500,-0.052032922423,0.002511278814,0.012178923322
0.312643032100,-0.052024609228,0.002580908987,0.033125548900
0.310015779800,-0.052127345049,0.002623043841,0.064159175848
0.307388527400,-0.052245069313,0.002593285042,0.077654689712
0.304761275000,-0.052422010188,0.002623714067,0.103847101663
0.302134022600,-0.052710938044,0.002494055145,0.134102841824
0.299506770300,-0.053100767030,0.002463020293,0.113445726649
0.296879517900,-0.053335691981,0.002432815491,0.051090070153
0.294252265500,-0.053428862698,0.002356602276,0.007752775900
0.291625013200,-0.053482006986,0.002272419757,0.013008257822
0.288997760800,-0.053551522282,0.002361118635,0.022591322856
0.286370508400,-0.053663420292,0.002297023369,0.006874667491
0.283743256000,-0.053616176870,0.002149658039,-0.040109382501
0.281116003700,-0.053550065142,0.002036817128,-0.035319127715
0.278488751300,-0.053557102212,0.001977809455,-0.017982574831
0.275861498900,-0.053550841149,0.002084139218,0.000740069362
0.273234246600,-0.053645879695,0.002264751684,0.027197482081
0.270606994200,-0.053743850486,0.002223080612,0.018654927955
0.267979741800,-0.053785057516,0.002106723483,-0.002946022454
0.265352489400,-0.053784104075,0.002038707526,-0.055653003342
0.262725237100,-0.053601435815,0.001973657024,-0.139085603096
0.260097984700,-0.053157182288,0.001986881261,-0.166156533128
0.257470732300,-0.052815981381,0.002036844021,-0.108767486536
0.254843480000,-0.052613856361,0.002116219684,-0.082646443537
0.252216227600,-0.052430735433,0.002099484417,-0.055400021513
0.249588975200,-0.052364159226,0.002040835783,0.005800865713
0.246961722900,-0.052512892698,0.001994852287,0.069354176510
0.244334470500,-0.052775948669,0.001980418180,0.106422592458
0.241707218100,-0.053100797539,0.001894323674,0.096718685098
0.239079965700,-0.053288213091,0.001863511483,0.036352778956
0.236452713400,-0.053385066508,0.001812670476,0.041206303558
0.233825461000,-0.053606941059,0.001729068984,0.047368292711
0.231198208600,-0.053747250785,0.001759868207,0.023258578616
0.228570956300,-0.053829959620,0.001765682192,0.021429341797
0.225943703900,-0.053957705377,0.001680723075,0.050233944804
0.223316451500,-0.054108980269,0.001575308015,0.037165487562
0.220689199100,-0.054118117526,0.001576673152,-0.018794373129
0.218061946800,-0.054038700810,0.001496281799,-0.044751863802
0.215434694400,-0.053963323446,0.001421539917,-0.028760447502
0.212807442000,-0.053918446048,0.001330438780,-0.021297660153
0.210180189700,-0.053872995019,0.001230211301,-0.024746272158
0.207552937300,-0.053791670168,0.001199860455,-0.015178166982
0.204925684900,-0.053811433429,0.001136196723,-0.001026491980
0.202298432500,-0.053771560088,0.001183782401,-0.024804847253
0.199671180200,-0.053671406837,0.001238567958,-0.028268493716
0.197043927800,-0.053618762129,0.001214522323,-0.004774414922
0.194416675400,-0.053590154175,0.001269681386,0.004884373631
0.191789423100,-0.053564315850,0.001259865707,-0.007512514581
0.189162170700,-0.053479690704,0.001327576708,-0.030848642243
0.186534918300,-0.053339108169,0.001494442353,-0.034347295640
0.183907666000,-0.053267607935,0.001558187164,-0.002676917898
0.181280413600,-0.053302704571,0.001524478474,0.043777806783
0.178653161200,-0.053387818624,0.001595383950,0.041031570376
0.176025908800,-0.053453336677,0.001632104900,0.006954991577
0.173398656500,-0.053437643941,0.001640695038,-0.002543846929
0.170771404100,-0.053470985755,0.001686654595,0.014626639166
0.168144151700,-0.053441788772,0.001709299267,0.013790324190
0.165516899400,-0.053442132615,0.001691755071,0.020322084895
0.162889647000,-0.053499660052,0.001655038631,0.043078798307
0.160262394600,-0.053650996811,0.001634948335,0.055782384647
0.157635142200,-0.053792178692,0.001693173470,0.048593543042
0.155007889900,-0.053912734636,0.001782322242,0.043265208980
0.152380637500,-0.053968957075,0.001998585845,0.016089685655
0.149753385100,-0.053940645741,0.002222573448,0.010110396359
0.147126132800,-0.053972108478,0.002166909567,0.025181825950
0.144498880400,-0.053990558433,0.002191474258,0.011905535130
0.141871628000,-0.053942037628,0.002145644832,-0.036500171738
0.139244375600,-0.053703751007,0.002180268531,-0.085431088812
0.136617123300,-0.053414856178,0.002176057097,-0.085323796077
0.133989870900,-0.053148198015,0.002257428036,-0.083819535306
0.131362618500,-0.052924133232,0.002267928610,-0.079675106111
0.128735366200,-0.052708806170,0.002207864765,-0.097268726208
0.126108113800,-0.052478067822,0.002181636919,-0.094559396527
0.123480861400,-0.052285302661,0.002144054586,-0.067107680064
0.120853609000,-0.052124552942,0.002027694523,-0.007512272996
0.118226356700,-0.052266412934,0.001865658706,0.076553232034
0.115599104300,-0.052516594259,0.002050145505,0.070235487481
0.112971851900,-0.052673861173,0.002222372699,0.064971711946
0.110344599600,-0.052911306694,0.002276527043,0.113473632547
0.107717347200,-0.053315567719,0.002291124327,0.145520417955
0.105090094800,-0.053781639561,0.002279727518,0.157032042017
0.102462842500,-0.054261376405,0.002408602124,0.137277565919
0.099835590100,-0.054656958993,0.002422713014,0.126476922945
0.097208337700,-0.055075727650,0.002398195261,0.131052222949
0.094581085300,-0.055506922889,0.002405511507,0.093269940798
0.091953833000,-0.055775551462,0.002394638635,0.066679958596
0.089326580600,-0.056029649473,0.002397015038,0.068528345164
0.086699328200,-0.056191685115,0.002504567849,0.037110397252
0.084072075900,-0.056319381668,0.002573411593,0.009289317064
0.081444823500,-0.056390078931,0.002671776864,-0.013369207803
0.078817571100,-0.056330623216,0.002723080184,-0.022353753376
0.076190318700,-0.056341252114,0.002824959057,-0.049539422078
0.073563066400,-0.056115434711,0.002900391147,-0.102253519648
0.070935814000,-0.055875800190,0.002895520875,-0.105106303677
0.068308561600,-0.055678299153,0.002976883768,-0.104862496890
0.065681309300,-0.055367591190,0.003045875476,-0.138372964960
0.063054056900,-0.055077679007,0.003099649214,-0.120549917614
0.060426804500,-0.054874511031,0.003067124329,-0.101835146886
0.057799552100,-0.054688739179,0.003033280015,-0.052603388054
0.055172299800,-0.054788030631,0.003039538165,0.000000063365
0.052545047400,-0.054913844201,0.003085696001,0.017682757521
0.049917795000,-0.055066052844,0.003321573714,0.042183612423
0.047290542700,-0.055316713410,0.003314739830,0.065484796297
0.044663290300,-0.055614922807,0.003266152851,0.061666398622
0.042036037900,-0.055818603200,0.003158422044,0.057077873939
0.039408785500,-0.056089500861,0.003067478693,0.106687268597
0.036781533200,-0.056526700601,0.003104856061,0.127721740307
0.034154280800,-0.056936550989,0.003053895611,0.106187558127
0.031527028400,-0.057311652375,0.003070875027,0.073357201157
0.028899776100,-0.057545636429,0.002913333095,0.025664366803
0.026272523700,-0.057619446322,0.002927590061,-0.052039201261
0.023645271300,-0.057532007284,0.002904713626,-0.074845031025
0.021018019000,-0.057481064126,0.002791524074,-0.033223621015
0.018390766600,-0.057603121035,0.002613477486,0.003415075228
0.015763514200,-0.057652233060,0.002418962437,0.010521509121
0.013136261800,-0.057782518576,0.002188306419,0.001090120407
0.010509009500,-0.057797706004,0.001941393871,-0.003448237119
0.007881757100,-0.057905689179,0.001745932368,0.016156942560
0.005254504700,-0.058025241722,0.001406108899,-0.058972884997
0.002627252400,-0.057759755862,0.001204598971,-0.860014705367
0.000000000000,-0.053638120030,0.000657104043,-1.646397278586
