0.391460603250,-0.008026470804,-0.000128220550,-0.032333845710
0.388833350880,-0.008032056004,-0.000488662318,-0.044559550101
0.386206098510,-0.007909740420,-0.000794132859,-0.012400278451
0.383578846140,-0.008172701535,-0.000868404632,0.082839986851
0.380951593770,-0.008399281355,-0.000697557955,0.059971516415
0.378324341400,-0.008473653388,-0.000526738461,0.056152733743
0.375697089030,-0.008681268025,-0.000284328126,0.030129791644
0.373069836660,-0.008676230839,0.000040582818,-0.068746414689
0.370442584290,-0.008426413194,0.000397890372,0.017976670858
0.367815331920,-0.008724044353,0.000688332947,-0.181465971787
0.365188079550,-0.007493727000,0.001132881652,-0.274296790180
0.362560827170,-0.007297604199,0.001531666133,-0.095880693957
0.359933574800,-0.007015569987,0.002019464883,0.114507379310
0.357306322430,-0.007969908942,0.002426748923,-0.084356393589
0.354679070060,-0.006650319989,0.002881351583,-0.289843977306
0.352051817690,-0.006514005795,0.002982892920,-0.022697209943
0.349424565320,-0.006353584976,0.003050974865,0.001403364811
0.346797312950,-0.006373606681,0.003028597872,0.050363576992
0.344170060580,-0.006483181179,0.003078216924,0.055989703259
0.341542808210,-0.006533905163,0.003035848963,0.039830898126
0.338915555840,-0.006610722800,0.002931909055,0.074420889886
0.336288303460,-0.006859399326,0.002864327824,0.090800363254
0.333661051090,-0.007056270410,0.002910139733,0.082250935323
0.331033798720,-0.007248592806,0.002960457907,0.076474483766
0.328406546350,-0.007381406454,0.002945706729,0.056719383183
0.325779293980,-0.007463885279,0.002859146482,0.051975984168
0.323152041610,-0.007567252167,0.002794946121,0.056571778147
0.320524789240,-0.007658204177,0.002777627493,0.066852652106
0.317897536870,-0.007771414621,0.002807435253,0.051056647403
0.315270284500,-0.007818715347,0.002740970889,0.051799341026
0.312643032100,-0.007964614693,0.002756988615,0.065666403405
0.310015779800,-0.008080558579,0.002729091818,0.042809510471
0.307388527400,-0.008085950967,0.002729076649,0.060183346052
0.304761275000,-0.008295739052,0.002756271535,0.082284611816
0.302134022600,-0.008452246976,0.002760908363,0.061391563573
0.299506770300,-0.008500740784,0.002792714274,0.039949152358
0.296879517900,-0.008571673245,0.002848946347,0.033663499827
0.294252265500,-0.008615100069,0.002976700965,0.067352721254
0.291625013200,-0.008842197062,0.003004769187,0.136317130386
0.288997760800,-0.009221890915,0.003101709198,0.147833388274
0.286370508400,-0.009570047449,0.003323687411,0.119409016575
0.283743256000,-0.009817991375,0.003332386920,0.062635302520
0.281116003700,-0.009884505852,0.003415542840,0.022766824944
0.278488751300,-0.009944346072,0.003473287963,0.035738537577
0.275861498900,-0.010108713761,0.003282501815,0.031322504902
0.273234246600,-0.010178808597,0.003056950925,-0.005157179152
0.270606994200,-0.010152654581,0.002951341365,-0.028592187982
0.267979741800,-0.010136500548,0.002822594560,-0.062571592802
0.265352489400,-0.009998376031,0.002781333131,-0.117428397668
0.262725237100,-0.009721841119,0.002716423481,-0.141184058805
0.260097984700,-0.009453175196,0.002856877414,-0.119395685451
0.257470732300,-0.009217540277,0.002866428052,-0.113729319469
0.254843480000,-0.009054259075,0.002757000340,-0.085302060342
0.252216227600,-0.008955368344,0.002819144134,-0.058268758283
0.249588975200,-0.008940741062,0.002821001035,-0.030093384758
0.246961722900,-0.009017266339,0.002811433902,-0.008306330662
0.244334470500,-0.009034280951,0.002853867496,-0.012853479746
0.241707218100,-0.009042151142,0.002958806317,0.002410063018
0.239079965700,-0.009148327460,0.003022606403,-0.008789577856
0.236452713400,-0.009107464214,0.002968597598,-0.054831374719
0.233825461000,-0.008953495681,0.002735777900,-0.083373930860
0.231198208600,-0.008819192872,0.002483503623,-0.092132112356
0.228570956300,-0.008632841952,0.002302027056,-0.119743810868
0.225943703900,-0.008348033648,0.002024607605,-0.111986744280
0.223316451500,-0.008180282332,0.001882554773,-0.089408158763
0.220689199100,-0.008058648740,0.001819468254,-0.069610167664
0.218061946800,-0.008053811524,0.001775433747,-0.023129475029
0.215434694400,-0.008146314324,0.001579221633,0.014183430428
0.212807442000,-0.008335371025,0.001439081694,0.030476785239
0.210180189700,-0.008513128405,0.001371927368,0.009517296780
0.207552937300,-0.008593904172,0.001322215595,-0.010878151506
0.204925684900,-0.008627418209,0.001281010265,-0.044879086563
0.202298432500,-0.008485886381,0.001190548581,-0.097741503661
0.199671180200,-0.008244358959,0.001213064356,-0.138208201536
0.197043927800,-0.007917333677,0.001271291605,-0.132579209633
0.194416675400,-0.007690603573,0.001285905611,-0.087784844053
0.191789423100,-0.007623886554,0.001241366752,-0.053860939310
0.189162170700,-0.007577137581,0.001368249486,-0.038235307654
0.186534918300,-0.007561166287,0.001480186978,-0.031311230562
0.183907666000,-0.007553840240,0.001456241173,-0.022493247549
0.181280413600,-0.007590512961,0.001535119668,-0.021015381571
0.178653161200,-0.007565538298,0.001690261880,-0.019740355337
0.176025908800,-0.007575845547,0.001841655732,-0.034581443447
0.173398656500,-0.007503219224,0.001995344663,-0.049678525480
0.170771404100,-0.007429399986,0.002135694094,-0.049850752138
0.168144151700,-0.007335693443,0.002293126008,-0.029113227145
0.165516899400,-0.007369075708,0.002441930158,0.027969380816
0.162889647000,-0.007542022280,0.002635475882,0.064010865354
0.160262394600,-0.007701254810,0.002707076303,0.060587513838
0.157635142200,-0.007866605262,0.002637524869,0.049317286790
0.155007889900,-0.007986976509,0.002601979670,0.012949755673
0.152380637500,-0.007956674990,0.002464019606,0.011733985836
0.149753385100,-0.008036162813,0.002409190959,0.026849944996
0.147126132800,-0.008088567778,0.002288098175,-0.041367300114
0.144498880400,-0.007849846403,0.002072411295,-0.090687292900
0.141871628000,-0.007667752662,0.001925760485,-0.062779105693
0.139244375600,-0.007554492041,0.001901622231,-0.057898966453
0.136617123300,-0.007397273770,0.001915772609,-0.077109072770
0.133989870900,-0.007231445730,0.001814176104,-0.041104217566
0.131362618500,-0.007236808101,0.001759321618,0.003457370223
0.128735366200,-0.007314566850,0.001834586572,0.021931588154
0.126108113800,-0.007470978847,0.001901143962,0.036200835967
0.123480861400,-0.007641426083,0.001966248333,0.034094086428
0.120853609000,-0.007771237139,0.002080883995,0.045458039464
0.118226356700,-0.007976269750,0.002138637269,0.043411649142
0.115599104300,-0.008139967241,0.002160767773,0.018755360116
0.112971851900,-0.008244950321,0.002181947403,0.038290479981
0.110344599600,-0.008503622999,0.002245227258,0.076466211746
0.107717347200,-0.008813588074,0.002250995690,0.088672443241
0.105090094800,-0.009100706055,0.002281165317,0.136833356461
0.102462842500,-0.009573802829,0.002247435474,0.148430847199
0.099835590100,-0.009898234640,0.002351672284,0.125448973428
0.097208337700,-0.010178600986,0.002488725848,0.087219361149
0.094581085300,-0.010310708200,0.002486046816,0.018298145690
0.091953833000,-0.010270559934,0.002577789527,-0.055258330661
0.089326580600,-0.010070464400,0.002811499032,-0.132600025083
0.086699328200,-0.009570208254,0.002879048928,-0.189840688074
0.084072075900,-0.008991761187,0.003105416029,-0.164200405711
0.081444823500,-0.008658344602,0.003148008154,-0.080000967938
0.078817571100,-0.008613347279,0.003282274894,-0.022039314455
0.076190318700,-0.008618095203,0.003376617898,-0.008245194186
0.073563066400,-0.008590030515,0.003489571738,0.007595268865
0.070935814000,-0.008607632892,0.003582436465,0.040985791455
0.068308561600,-0.008758122451,0.003485880047,0.038232028558
0.065681309300,-0.008820428497,0.003438445658,0.030560927634
0.063054056900,-0.008926933968,0.003401498048,0.029259170099
0.060426804500,-0.008992585720,0.003328218660,0.021280607930
0.057799552100,-0.009039991643,0.003282645280,0.036315733566
0.055172299800,-0.009217916501,0.003154704746,0.052971696966
0.052545047400,-0.009356442974,0.003262725841,0.088383324149
0.049917795000,-0.009626559878,0.003317519731,0.129446723898
0.047290542700,-0.009996074062,0.003317556732,0.130407737966
0.044663290300,-0.010235540211,0.003253985680,0.096269687083
0.042036037900,-0.010456897517,0.003183948701,0.103600625444
0.039408785500,-0.010720460324,0.003130884052,0.084996039705
0.036781533200,-0.010798493079,0.003127353520,0.086252917796
0.034154280800,-0.011126793999,0.003021690136,0.114306754045
0.031527028400,-0.011334686026,0.002832269381,0.094120770617
0.028899776100,-0.011549392940,0.002706833323,0.068034403719
0.026272523700,-0.011604762232,0.002568170988,-0.038547978691
0.023645271300,-0.011238362872,0.002222080674,-0.086955635584
0.021018019000,-0.011049608751,0.002047516827,0.188086864140
0.018390766600,-0.012145694698,0.001940746805,0.347575356945
0.015763514200,-0.012710691113,0.001799760735,0.222238162775
0.013136261800,-0.013137555872,0.001620854907,0.183215920140
0.010509009500,-0.013461810275,0.001408505420,0.119809849347
0.007881757100,-0.013651651961,0.001094800127,0.040621853497
0.005254504700,-0.013638712503,0.000835921764,-0.057442993458
0.002627252400,-0.013397419514,0.000721156475,-0.309250191171
0.000000000000,-0.012030953908,0.000446231561,-0.510956457709
