0.391460603250,0.021345148557,0.000251171294,-0.113304880233
0.388833350880,0.021651119074,0.000314502670,-0.079401402448
0.386206098510,0.021671091719,0.000372476900,0.428287795601
0.383578846140,0.019385261174,0.000655568651,0.409274218555
0.380951593770,0.019855819954,0.000658524065,-0.185774398148
0.378324341400,0.020320169257,0.000638846174,-0.259885343867
0.375697089030,0.021192969400,0.000646681851,-0.373729028315
0.373069836660,0.022147151692,0.000728786218,-0.312074945183
0.370442584290,0.022729078610,0.001000089206,-0.264540252000
0.367815331920,0.023481381631,0.001117253114,-0.191428590095
0.365188079550,0.023866003245,0.001100948220,-0.094874361658
0.362560827170,0.024088774451,0.001013935271,-0.055208425322
0.359933574800,0.024173724263,0.000943129217,-0.050377104839
0.357306322430,0.024312603584,0.001109259725,-0.068778046125
0.354679070060,0.024465757369,0.001215813001,-0.052587880497
0.352051817690,0.024515789449,0.001215370682,-0.053724441064
0.349424565320,0.024659449784,0.001222942747,-0.053474906479
0.346797312950,0.024757511030,0.001175087645,-0.041250945735
0.344170060580,0.024833050100,0.001185271210,-0.050398727582
0.341542808210,0.024956923546,0.001304692025,-0.033862601697
0.338915555840,0.024980969918,0.001385133072,-0.014910295632
0.336288303460,0.024949338552,0.001470861020,-0.009335602868
0.333661051090,0.024941885551,0.001526297822,-0.007394587579
0.331033798720,0.024892453768,0.001631329717,0.009167510508
0.328406546350,0.024780419669,0.001718230858,0.030495904959
0.325779293980,0.024578876541,0.001830717251,0.047993481184
0.323152041610,0.024410180180,0.001963133549,0.048738331106
0.320524789240,0.024249309027,0.002046384664,0.051729611150
0.317897536870,0.024041767766,0.002030734917,0.046989975714
0.315270284500,0.023960039892,0.002054410686,0.002131981193
0.312643032100,0.023967201402,0.002188649014,-0.010096302905
0.310015779800,0.023947059557,0.002265407432,-0.010186421890
0.307388527400,0.023958722292,0.002250981949,-0.004975254703
0.304761275000,0.023915791233,0.002171698890,0.006713656456
0.302134022600,0.023916430172,0.002142481796,0.019313344663
0.299506770300,0.023832919193,0.002116846430,0.035170178472
0.296879517900,0.023769531922,0.002053403188,0.047811450923
0.294252265500,0.023638339111,0.001985068849,0.052060096634
0.291625013200,0.023558155212,0.001900149291,0.024665395688
0.288997760800,0.023576996935,0.001878740791,-0.016394437921
0.286370508400,0.023720257436,0.001743273938,-0.049128815588
0.283743256000,0.023891633306,0.001493357069,-0.058621176195
0.281116003700,0.024070367157,0.001327359745,-0.090371108274
0.278488751300,0.024374267769,0.001205188462,-0.099962881650
0.275861498900,0.024586630223,0.001158908658,-0.070351156017
0.273234246600,0.024782940733,0.001120088360,-0.051067518813
0.270606994200,0.024968901929,0.001098954628,-0.031862958407
0.267979741800,0.025087725265,0.000928879482,-0.032756406265
0.265352489400,0.025170653137,0.000812090124,-0.043671494385
0.262725237100,0.025325497760,0.000799466827,-0.051331747378
0.260097984700,0.025368212267,0.000752798037,-0.030275960200
0.257470732300,0.025423888600,0.000757206714,-0.015669053454
0.254843480000,0.025389772128,0.000764782232,0.020661910961
0.252216227600,0.025261142805,0.000686590365,0.057934972742
0.249588975200,0.025090941778,0.000703140343,0.135867899815
0.246961722900,0.024551413055,0.000639098992,0.215607832814
0.244334470500,0.023947773566,0.000587348627,0.215842063785
0.241707218100,0.023424447168,0.000550329128,0.197623414366
0.239079965700,0.022965516325,0.000562097949,0.182462725221
0.236452713400,0.022543676463,0.000535752487,0.125707624984
0.233825461000,0.022322451299,0.000547460391,0.088983128376
0.231198208600,0.022095543764,0.000547892939,0.078176766193
0.228570956300,0.021972374147,0.000455215611,0.043998648014
0.225943703900,0.021999423169,0.000458832135,0.028255273333
0.223316451500,0.021938884641,0.000587532295,0.020014475441
0.220689199100,0.021930344413,0.000679086156,-0.014102896776
0.218061946800,0.022035901026,0.000694434681,0.002696499056
0.215434694400,0.021983994858,0.000676153278,0.043343369141
0.212807442000,0.021883669695,0.000617077958,0.034709376527
0.210180189700,0.021851196105,0.000684299421,0.048631284771
0.207552937300,0.021685489282,0.000748820010,0.098613537974
0.204925684900,0.021347993459,0.000722028683,0.163200835323
0.202298432500,0.020874892939,0.000691705030,0.160801163596
0.199671180200,0.020555389060,0.000674945255,0.135537728463
0.197043927800,0.020192856525,0.000574680368,0.138164024518
0.194416675400,0.019879958172,0.000652235709,0.108255088370
0.191789423100,0.019676795128,0.000750552106,0.042132049473
0.189162170700,0.019720661331,0.000892863812,-0.028554436590
0.186534918300,0.019870859162,0.000991589268,-0.033212128952
0.183907666000,0.019942531468,0.000968690899,-0.051080299448
0.181280413600,0.020174469985,0.001009805390,-0.095284970961
0.178653161200,0.020442367282,0.001028093502,-0.076279054433
0.176025908800,0.020554178067,0.001044088585,-0.066290054217
0.173398656500,0.020724891816,0.001103963803,-0.065285308704
0.170771404100,0.020858403930,0.001064325611,-0.043595456395
0.168144151700,0.020935826405,0.001040350843,-0.042760873423
0.165516899400,0.021065656614,0.001001020605,-0.060444265013
0.162889647000,0.021173182903,0.000931012564,-0.049172098963
0.160262394600,0.021216862611,0.000829791368,-0.042214125710
0.157635142200,0.021256892595,0.000653526753,-0.025859779809
0.155007889900,0.021200652183,0.000598153082,-0.007034071077
0.152380637500,0.021122441495,0.000452092906,0.021101149237
0.149753385100,0.020955085178,0.000285201723,0.033151226753
0.147126132800,0.020765839959,0.000333416180,0.035807602082
0.144498880400,0.020583919329,0.000271379938,0.022899222813
0.141871628000,0.020478438278,0.000189203773,-0.000396889975
0.139244375600,0.020403472276,0.000180115632,-0.027358167265
0.136617123300,0.020416795869,0.000190302689,-0.064875741876
0.133989870900,0.020531385330,0.000139855878,-0.114445237003
0.131362618500,0.020803123479,0.000119685485,-0.153135135574
0.128735366200,0.021092797246,0.000049263604,-0.156986593924
0.126108113800,0.021430066492,-0.000053721692,-0.183577878608
0.123480861400,0.021901541566,-0.000137242534,-0.199792584305
0.120853609000,0.022300996284,-0.000121100309,-0.160252075015
0.118226356700,0.022583512897,-0.000111046137,-0.090868385483
0.115599104300,0.022656497784,-0.000062878469,-0.003683859909
0.112971851900,0.022500922354,0.000108971260,0.111407919050
0.110344599600,0.022143654746,0.000147292073,0.157087324630
0.107717347200,0.021816256156,0.000359453761,0.110486363645
0.105090094800,0.021681409885,0.000555381500,0.099342988811
0.102462842500,0.021388678729,0.000645791351,0.126710575442
0.099835590100,0.021126219123,0.000645656224,0.114145351736
0.097208337700,0.020893502029,0.000681261982,0.114461671767
0.094581085300,0.020660836770,0.000779719451,0.140030126174
0.091953833000,0.020316264192,0.000877947954,0.150619286899
0.089326580600,0.020002884973,0.000930932305,0.133446225480
0.086699328200,0.019776082436,0.001047916153,0.100886162702
0.084072075900,0.019639355341,0.001152898220,0.098181617885
0.081444823500,0.019378803050,0.001134806963,0.098478409020
0.078817571100,0.019244476891,0.001239597056,0.050041785175
0.076190318700,0.019249119034,0.001396238891,0.069925581371
0.073563066400,0.019203058186,0.001291715415,0.093801460818
0.070935814000,0.019174664353,0.001231828910,0.089132009937
0.068308561600,0.019120206128,0.001235805353,0.041242344920
0.065681309300,0.019344262389,0.001134677616,-0.057200312608
0.063054056900,0.019651247824,0.000950259089,-0.105707898089
0.060426804500,0.020036000937,0.000795860217,-0.115512092976
0.057799552100,0.020407160049,0.000774333900,-0.073909985197
0.055172299800,0.020544462201,0.000704090356,0.032412893105
0.052545047400,0.020392756626,0.000674191440,0.140402219681
0.049917795000,0.020016890088,0.000634569324,0.176674302509
0.047290542700,0.019651619870,0.000555046683,0.157078556686
0.044663290300,0.019280803353,0.000609535065,0.167641275268
0.042036037900,0.018957834088,0.000593336222,0.158933111515
0.039408785500,0.018539418251,0.000495425886,0.166038145306
0.036781533200,0.018146180321,0.000374799338,0.142806012380
0.034154280800,0.017855366184,0.000241080621,0.086358560076
0.031527028400,0.017725385647,0.000365266473,0.062491725180
0.028899776100,0.017650989542,0.000324322382,0.049520536982
0.026272523700,0.017589239207,0.000198084194,0.141338409035
0.023645271300,0.017018111442,0.000151495522,0.163659777255
0.021018019000,0.016859752736,0.000184452724,-0.013402532721
0.018390766600,0.017256173606,0.000075760873,-0.043858902843
0.015763514200,0.017252797943,0.000038381029,0.078178184053
0.013136261800,0.016998204126,-0.000022047421,0.069504288917
0.010509009500,0.016955370227,-0.000142994946,0.010111510189
0.007881757100,0.017023153084,-0.000282657873,-0.059427770119
0.005254504700,0.017386662935,-0.000417434345,-0.142869506539
0.002627252400,0.017866459789,-0.000557699795,0.093664018194
0.000000000000,0.016942433269,-0.000572025517,0.341567539177
