0.391460603250,0.052466424695,0.000376127146,-0.520589270362
0.388833350880,0.053697983238,0.000006482930,-0.380736439777
0.386206098510,0.054465888665,-0.000305523565,0.246108754561
0.383578846140,0.052638300704,-0.000392644243,0.629800775325
0.380951593770,0.051169493018,-0.000322050791,-0.052303247606
0.378324341400,0.052931414991,-0.000183630361,-0.580632032463
0.375697089030,0.054285057879,0.000096960760,-0.265053797053
0.373069836660,0.054314489526,0.000365253918,-0.006494194752
0.370442584290,0.054300438525,0.000656677157,0.010306684638
0.367815331920,0.054271108659,0.000985195541,-0.000067703818
0.365188079550,0.054288039619,0.001130286702,-0.424379690474
0.362560827170,0.056466950553,0.001457152911,-0.563799340182
0.359933574800,0.057189885825,0.001686330951,-0.136691756031
0.357306322430,0.057061071169,0.001946294646,-0.188227985860
0.354679070060,0.058041232896,0.002128369098,-0.208277716758
0.352051817690,0.058075708461,0.002329534280,-0.200217763842
0.349424565320,0.058892433268,0.002586735704,-0.267139756661
0.346797312950,0.059158731352,0.002660094140,-0.066377318627
0.344170060580,0.059174092242,0.002601140167,-0.025409099459
0.341542808210,0.059254377777,0.002578069672,-0.022043596448
0.338915555840,0.059208456372,0.002707497577,0.014809282001
0.336288303460,0.059080773193,0.002805674404,0.028432465710
0.333661051090,0.058955735167,0.002798114745,0.016000083835
0.331033798720,0.058814394135,0.002726354714,0.036929951938
0.328406546350,0.058585802797,0.002782475154,0.061096155847
0.325779293980,0.058413087845,0.002753276386,0.024888348493
0.323152041610,0.058399041009,0.002820241595,0.145731097475
0.320524789240,0.057586772576,0.002895788812,0.041612956867
0.317897536870,0.058290370912,0.002787011854,-0.092300593735
0.315270284500,0.058035902743,0.002899238771,0.100135056061
0.312643032100,0.057765198947,0.002846125236,0.049414481328
0.310015779800,0.057745770713,0.002888576720,0.024624928073
0.307388527400,0.057613732949,0.002896998977,0.053677605076
0.304761275000,0.057452857811,0.002897141501,0.066573816697
0.302134022600,0.057267898851,0.002821075449,0.084626949663
0.299506770300,0.057029484070,0.002873941594,0.104955249985
0.296879517900,0.056718361765,0.002708379875,0.101344344301
0.294252265500,0.056484183323,0.002549576374,0.069900903063
0.291625013200,0.056309831091,0.002447681288,0.047212060468
0.288997760800,0.056236561467,0.002253233085,0.005855612113
0.286370508400,0.056233605832,0.002320813501,-0.019118971546
0.283743256000,0.056263379534,0.002369701020,-0.039090060240
0.281116003700,0.056347629735,0.002359683297,-0.045609704434
0.278488751300,0.056418294003,0.002330379558,-0.013849400837
0.275861498900,0.056375883755,0.002310214382,-0.006980008549
0.273234246600,0.056397380737,0.002208245390,-0.026234271563
0.270606994200,0.056450403442,0.002069422722,-0.039837218804
0.267979741800,0.056568237093,0.001996753084,-0.060083919624
0.265352489400,0.056767689955,0.001908522764,-0.087202371096
0.262725237100,0.057023184815,0.001779601889,-0.099739154625
0.260097984700,0.057268405383,0.001711711040,-0.088641005295
0.257470732300,0.057432829715,0.001738020199,-0.045076062812
0.254843480000,0.057496023028,0.001857232846,-0.002446617244
0.252216227600,0.057421603987,0.001887986128,0.018918928803
0.249588975200,0.057376144515,0.001819858936,0.055498538272
0.246961722900,0.057147718299,0.001753090359,0.099033800149
0.244334470500,0.056854252594,0.001742855414,0.085574426918
0.241707218100,0.056655645918,0.001679438450,0.084900332950
0.239079965700,0.056396249023,0.001658327273,0.084922324125
0.236452713400,0.056202211188,0.001595248752,0.071939241004
0.233825461000,0.055995059815,0.001556881215,0.062157128362
0.231198208600,0.055826812281,0.001569527277,0.020889071303
0.228570956300,0.055854671227,0.001374924748,-0.011266731393
0.225943703900,0.055854155592,0.001183878803,0.008775310603
0.223316451500,0.055779099145,0.001096835214,-0.003155651281
0.220689199100,0.055833009992,0.000990906153,-0.038562679054
0.218061946800,0.055937883923,0.000842120957,-0.014371903970
0.215434694400,0.055877319116,0.000673471466,0.027368902054
0.212807442000,0.055772712083,0.000547109278,0.006350913188
0.210180189700,0.055747034737,0.000431797242,0.006769808387
0.207552937300,0.055641984936,0.000336938615,-0.017309817378
0.204925684900,0.055721434652,0.000395197479,-0.041331471551
0.202298432500,0.055724913201,0.000431908534,0.012995783922
0.199671180200,0.055590861967,0.000458163195,0.015009297110
0.197043927800,0.055637332836,0.000403113058,-0.028657354771
0.194416675400,0.055757293285,0.000445035971,-0.018192548188
0.191789423100,0.055759565966,0.000479809462,-0.009429384884
0.189162170700,0.055839803964,0.000539309990,-0.018564898576
0.186534918300,0.055916036736,0.000676911804,0.011740301195
0.183907666000,0.055844768928,0.000748328387,0.032545693306
0.181280413600,0.055837097957,0.000713804915,0.004253753923
0.178653161200,0.055930309224,0.000759794739,0.005953584490
0.176025908800,0.055945238046,0.000765678465,0.008328655892
0.173398656500,0.055998069751,0.000757081014,0.000378390929
0.170771404100,0.056031060706,0.000741636360,0.017019582113
0.168144151700,0.055982636911,0.000732562786,0.044441070200
0.165516899400,0.055857272982,0.000745677796,0.040453125598
0.162889647000,0.055732190371,0.000763576425,0.021732132775
0.160262394600,0.055692792036,0.000879635928,0.029576237730
0.157635142200,0.055633085216,0.001059991730,0.015984911695
0.155007889900,0.055678270272,0.001272696046,-0.000584608479
0.152380637500,0.055721066528,0.001445775007,0.017369335079
0.149753385100,0.055676812563,0.001465501824,0.016216972942
0.147126132800,0.055724528204,0.001406326977,-0.033800754319
0.144498880400,0.055954024652,0.001265981853,-0.093370561275
0.141871628000,0.056306310597,0.001178734487,-0.094225104135
0.139244375600,0.056524389256,0.001199492927,-0.066018617750
0.136617123300,0.056773367021,0.001063261984,-0.074444800301
0.133989870900,0.057065344389,0.000959472531,-0.090513563180
0.131362618500,0.057418715788,0.000944483691,-0.081061609728
0.128735366200,0.057685568814,0.000838944974,-0.033886291182
0.126108113800,0.057796419143,0.000723998271,-0.003659735945
0.123480861400,0.057839899012,0.000663132775,0.024175467083
0.120853609000,0.057796335833,0.000537123366,0.057289354825
0.118226356700,0.057625940696,0.000316494393,0.070739779113
0.115599104300,0.057458823516,0.000279902062,0.090757790063
0.112971851900,0.057132368904,0.000255361227,0.179462002903
0.110344599600,0.056484562582,0.000267415160,0.158855390364
0.107717347200,0.056200690209,0.000335772447,0.099196769927
0.105090094800,0.055844530737,0.000385106262,0.160377806943
0.102462842500,0.055346427112,0.000321683712,0.138730211873
0.099835590100,0.055062782240,0.000268781146,0.094266629237
0.097208337700,0.054758247161,0.000360858003,0.139386505808
0.094581085300,0.054274337937,0.000393731666,0.168852601275
0.091953833000,0.053857728682,0.000322835216,0.097807031818
0.089326580600,0.053692120243,0.000353808557,0.044552067550
0.086699328200,0.053588960142,0.000486735076,0.022754472068
0.084072075900,0.053499639830,0.000549870372,-0.000832938217
0.081444823500,0.053521749764,0.000587132909,-0.032701911206
0.078817571100,0.053562924097,0.000696660070,-0.065354298521
0.076190318700,0.053810281203,0.000742917105,-0.143093869204
0.073563066400,0.054235650182,0.000758091318,-0.186895000833
0.070935814000,0.054627209118,0.000831953833,-0.158795928618
0.068308561600,0.054915214930,0.000912589370,-0.128033972665
0.065681309300,0.055146353854,0.000903315216,-0.107666170437
0.063054056900,0.055291128756,0.000949155718,-0.051338542398
0.060426804500,0.055195054630,0.000962772986,0.022589774436
0.057799552100,0.055021900352,0.000987292672,0.058385314458
0.055172299800,0.054749632004,0.001062648430,0.086027200181
0.052545047400,0.054457451358,0.001170373103,0.084719688513
0.049917795000,0.054130992613,0.001124351318,0.086999225716
0.047290542700,0.053796804811,0.001054696525,0.087177647811
0.044663290300,0.053412024417,0.001024315959,0.082081614331
0.042036037900,0.053126850484,0.001074876618,0.045366145026
0.039408785500,0.052912935500,0.001057327645,0.036672301149
0.036781533200,0.052648003996,0.001003209674,0.047527219337
0.034154280800,0.052391310583,0.000953970646,0.031224840142
0.031527028400,0.052248519320,0.000914081326,-0.026499449364
0.028899776100,0.052308054199,0.000871994511,-0.108405485199
0.026272523700,0.052445609997,0.000896098786,-0.106912953926
0.023645271300,0.052540675532,0.000788449435,-0.085600205958
0.021018019000,0.052564325384,0.000619718903,-0.063284061475
0.018390766600,0.052648994745,0.000597134553,-0.046683700112
0.015763514200,0.052617337086,0.000583032923,0.037023120035
0.013136261800,0.052369707071,0.000372207269,0.027875810746
0.010509009500,0.052339383669,0.000174024318,-0.057218477498
0.007881757100,0.052510622346,0.000118141380,-0.094120598490
0.005254504700,0.052706749393,-0.000098717142,0.004113182678
0.002627252400,0.052362191540,-0.000163788560,0.918954742413
0.000000000000,0.047665906005,0.000009532963,1.767689891149
