0.391460603250,0.049097655087,0.000268075950,-0.345972843937
0.388833350880,0.050010418245,-0.000120246553,-0.120069126961
0.386206098510,0.049718805783,-0.000329734990,0.327294014527
0.383578846140,0.048396210741,-0.000300516325,0.044101961294
0.380951593770,0.049597870396,-0.000414523089,-0.204326228456
0.378324341400,0.049425889442,-0.000212191584,0.067837373592
0.375697089030,0.049248728926,0.000050796037,0.071939333590
0.373069836660,0.049037784050,0.000366223826,0.036363971810
0.370442584290,0.049024535745,0.000725242537,-0.027642298875
0.367815331920,0.049140304529,0.001089507164,0.163359561175
0.365188079550,0.048134563958,0.001372772674,0.067789204993
0.362560827170,0.048738671218,0.001646420849,-0.605848426277
0.359933574800,0.051220743778,0.002058878863,-0.637680592878
0.357306322430,0.052043480342,0.002430204156,-0.253657002291
0.354679070060,0.052526442634,0.002723103098,-0.106576832342
0.352051817690,0.052562540756,0.002936935973,-0.009500787407
0.349424565320,0.052523800997,0.003066691837,-0.017549229322
0.346797312950,0.052596161355,0.003220946255,-0.029945592543
0.344170060580,0.052594729074,0.003295652527,0.025637023857
0.341542808210,0.052385819197,0.003303434539,0.026094842068
0.338915555840,0.052383898202,0.003234633383,0.015803353382
0.336288303460,0.052253109390,0.003170606290,0.067554755069
0.333661051090,0.052008816706,0.003183548401,0.069939959009
0.331033798720,0.051905304937,0.003144331425,0.036714510394
0.328406546350,0.051864594511,0.003022155188,0.058461766380
0.325779293980,0.051611842944,0.002978745960,0.089292209548
0.323152041610,0.051372160692,0.003004832106,0.055032259354
0.320524789240,0.051275532768,0.003062093505,0.044252059860
0.317897536870,0.051094498347,0.002986179548,0.065895590716
0.315270284500,0.050946920944,0.002891231573,0.049813906939
0.312643032100,0.050850236061,0.002915030903,0.046667492940
0.310015779800,0.050742122905,0.002912289220,0.059203973243
0.307388527400,0.050602199436,0.002898864683,0.052492711677
0.304761275000,0.050534896092,0.002980158526,0.027635204155
0.302134022600,0.050512055848,0.003164029084,0.036255063123
0.299506770300,0.050413934138,0.003374846408,0.072095000142
0.296879517900,0.050229186123,0.003401678494,0.125561988193
0.294252265500,0.049868923306,0.003398475961,0.159638270921
0.291625013200,0.049507461868,0.003377822248,0.143788835492
0.288997760800,0.049253671114,0.003440505375,0.093036850109
0.286370508400,0.049135176978,0.003495480721,0.040700325413
0.283743256000,0.049164816369,0.003527201992,0.016999373951
0.281116003700,0.049102844133,0.003530878873,0.027142003765
0.278488751300,0.049083742505,0.003440343565,0.003258936530
0.275861498900,0.049185602247,0.003198668070,-0.012310311855
0.273234246600,0.049177055836,0.002931853930,-0.000772404655
0.270606994200,0.049193741119,0.002626749942,-0.045767435600
0.267979741800,0.049317186921,0.002465890411,-0.086725869725
0.265352489400,0.049500871651,0.002435728321,-0.075423962068
0.262725237100,0.049631239200,0.002307915811,-0.079482980016
0.260097984700,0.049838310197,0.002185991597,-0.078804379718
0.257470732300,0.049974172054,0.002214993646,-0.012852152041
0.254843480000,0.049900671873,0.002202124091,0.011084434445
0.252216227600,0.049939657243,0.002174118634,-0.005626771742
0.249588975200,0.049936041152,0.002322521577,-0.006617437549
0.246961722900,0.049951141598,0.002458501513,-0.015439784015
0.244334470500,0.049975505581,0.002535172515,0.009927881331
0.241707218100,0.049907187707,0.002519594448,0.031140885279
0.239079965700,0.049851425834,0.002464569119,0.030246580690
0.236452713400,0.049826079326,0.002312071297,0.006970719508
0.233825461000,0.049875973369,0.002137891636,-0.028520532903
0.231198208600,0.049975741074,0.001816102367,-0.041818375290
0.228570956300,0.050099845029,0.001579759912,-0.008685268038
0.225943703900,0.050025110640,0.001330143493,0.037184123267
0.223316451500,0.049996225488,0.001035908385,0.011970624315
0.220689199100,0.049978909303,0.000962069678,0.010583349053
0.218061946800,0.049903699780,0.000876353923,0.039371725636
0.215434694400,0.049777754174,0.000741627042,0.052723949215
0.212807442000,0.049637447487,0.000711950899,0.067513045573
0.210180189700,0.049461865202,0.000592289912,0.037014298488
0.207552937300,0.049458316397,0.000472062869,-0.019138049861
0.204925684900,0.049570989601,0.000408539082,-0.077796438522
0.202298432500,0.049833769083,0.000431330651,-0.110778084802
0.199671180200,0.050128343685,0.000484323538,-0.104004081223
0.197043927800,0.050326952044,0.000416010365,-0.095074693685
0.194416675400,0.050549319013,0.000393518021,-0.070777491522
0.191789423100,0.050615743864,0.000503497451,0.005173697442
0.189162170700,0.050463617343,0.000584815867,0.044160919795
0.186534918300,0.050333403878,0.000663450124,0.024460826937
0.183907666000,0.050285228749,0.000733875838,0.027969197295
0.181280413600,0.050149699509,0.000863623389,0.036882355396
0.178653161200,0.050078765260,0.000986338878,0.009804264844
0.176025908800,0.050070928150,0.001170691694,-0.005996984351
0.173398656500,0.050103295822,0.001319208735,-0.027927436360
0.170771404100,0.050186172501,0.001527295061,-0.041943613448
0.168144151700,0.050289129430,0.001575876469,-0.029541633338
0.165516899400,0.050275439945,0.001663724201,-0.005672448712
0.162889647000,0.050200530129,0.001847108269,-0.008346812860
0.160262394600,0.050199887304,0.001880546283,-0.034855210650
0.157635142200,0.050250413037,0.001837259899,-0.053419051794
0.155007889900,0.050363129321,0.001661264284,-0.059491790950
0.152380637500,0.050479926579,0.001623511464,-0.037393231702
0.149753385100,0.050464885704,0.001624093824,-0.044261824133
0.147126132800,0.050621316057,0.001442250831,-0.096768600332
0.144498880400,0.050894032017,0.001245879711,-0.104277600748
0.141871628000,0.051082518525,0.001087497345,-0.088192297284
0.139244375600,0.051272039437,0.001106028090,-0.080771797367
0.136617123300,0.051440948723,0.001011309046,-0.047913309703
0.133989870900,0.051457287308,0.000833395130,-0.001593296466
0.131362618500,0.051386705888,0.000731147335,0.012529650373
0.128735366200,0.051312294612,0.000672346988,0.034930315610
0.126108113800,0.051180104503,0.000743906438,0.033230316569
0.123480861400,0.051088659675,0.000875717152,0.050454600743
0.120853609000,0.050846296410,0.000963979864,0.105388376585
0.118226356700,0.050479520530,0.001075370245,0.114710591663
0.115599104300,0.050183315937,0.001241572354,0.116637280292
0.112971851900,0.049818940747,0.001470496417,0.119931909860
0.110344599600,0.049545084722,0.001564192102,0.122033483959
0.107717347200,0.049225198301,0.001569935276,0.148081814602
0.105090094800,0.048757566447,0.001613144380,0.155596943104
0.102462842500,0.048400467242,0.001674004221,0.104854486697
0.099835590100,0.048246486702,0.001693389935,0.036818873338
0.097208337700,0.048179843512,0.001740651440,0.003561861638
0.094581085300,0.048180648619,0.001781390308,-0.046948041464
0.091953833000,0.048362535485,0.001874298910,-0.140134819582
0.089326580600,0.048836032143,0.001978146000,-0.180021792665
0.086699328200,0.049253816053,0.002133048549,-0.150945464688
0.084072075900,0.049607331794,0.002054427323,-0.096816076237
0.081444823500,0.049745331330,0.002060668051,-0.015127354522
0.078817571100,0.049705962192,0.002195383695,0.050534622013
0.076190318700,0.049476879050,0.002312408376,0.044629783210
0.073563066400,0.049398703562,0.002375974917,0.013575018339
0.070935814000,0.049330338634,0.002493573779,0.030099548260
0.068308561600,0.049232193647,0.002645996308,0.047836820941
0.065681309300,0.049106510192,0.002621597938,0.057059299958
0.063054056900,0.048929991790,0.002628797080,0.048634370665
0.060426804500,0.048880513208,0.002724773266,0.057239265251
0.057799552100,0.048697747435,0.002689290561,0.097894517241
0.055172299800,0.048410970692,0.002510980347,0.114421795289
0.052545047400,0.048129280929,0.002454135525,0.094391674469
0.049917795000,0.047958825564,0.002549708335,0.081258359670
0.047290542700,0.047784808928,0.002638437157,0.083201412494
0.044663290300,0.047593816611,0.002565798756,0.082780448869
0.042036037900,0.047462135945,0.002450791592,0.047811897221
0.039408785500,0.047463804513,0.002356111495,0.012165033943
0.036781533200,0.047534398094,0.002339807154,0.007424382749
0.034154280800,0.047498482667,0.002351615219,0.009314472024
0.031527028400,0.047483897958,0.002305450675,0.026725401175
0.028899776100,0.047371143069,0.002318687574,0.071698092732
0.026272523700,0.047209717822,0.002226852350,0.239912153581
0.023645271300,0.046198300936,0.001781867504,0.099991363374
0.021018019000,0.046686789417,0.001675612133,-0.012144108143
0.018390766600,0.046290524900,0.001578419137,0.143810211687
0.015763514200,0.045966301650,0.001387736341,0.163381895649
0.013136261800,0.045532695178,0.001168143213,0.170034455550
0.010509009500,0.045147989192,0.001015712362,0.151029142081
0.007881757100,0.044761250102,0.000863137159,0.098484615861
0.005254504700,0.044631573339,0.000567921858,0.005271949733
0.002627252400,0.044692939024,0.000454927255,0.497088062784
0.000000000000,0.041969406387,0.000504192829,1.025202331672
