0.391460603250,0.030072867433,0.001274610486,-0.410679694844
0.388833350880,0.031050789081,0.001274568620,-0.332400716102
0.386206098510,0.031954945579,0.001316107685,0.235574697076
0.383578846140,0.029961039428,0.001359079010,0.509128713607
0.380951593770,0.029463455658,0.001340110062,0.286908565265
0.378324341400,0.028556611375,0.001576440058,0.195350132134
0.375697089030,0.028677626238,0.001526434102,-0.195757258691
0.373069836660,0.029839621531,0.001925560895,-0.333451812715
0.370442584290,0.030829734506,0.001811110910,-0.340597606364
0.367815331920,0.031776023347,0.001686202560,-0.269135584433
0.365188079550,0.032292352261,0.001575559394,-0.146373597713
0.362560827170,0.032553643075,0.001718705314,-0.110142971826
0.359933574800,0.032876506956,0.001855691263,-0.158262934741
0.357306322430,0.033415394799,0.001786502900,-0.137849140798
0.354679070060,0.033453985553,0.001738197584,-0.011259912057
0.352051817690,0.033398953562,0.001787186761,-0.040357751174
0.349424565320,0.033613778105,0.001777594837,-0.125466311487
0.346797312950,0.033988397999,0.001739690220,-0.145595821211
0.344170060580,0.034297454419,0.001881638693,-0.109065784160
0.341542808210,0.034508670396,0.001929224183,-0.067051131059
0.338915555840,0.034614831251,0.002094504532,-0.000147264457
0.336288303460,0.034453671808,0.002385436391,0.059615925420
0.333661051090,0.034414139237,0.002439335387,0.025103687765
0.331033798720,0.034289202978,0.002520517570,0.092306721650
0.328406546350,0.033924073012,0.002669154441,0.135029583697
0.325779293980,0.033581798022,0.002722437495,0.138279490038
0.323152041610,0.033202767374,0.002594680578,0.117791255591
0.320524789240,0.032922443657,0.002505384282,0.098425291935
0.317897536870,0.032628906656,0.002436405022,0.098262631073
0.315270284500,0.032365559028,0.002351382560,0.072706083765
0.312643032100,0.032225243796,0.002431032092,0.035402197200
0.310015779800,0.032113259888,0.002378449321,0.017753186935
0.307388527400,0.032032502789,0.002350903159,0.020758477967
0.304761275000,0.031886512007,0.002278191710,-0.006725374730
0.302134022600,0.031936133522,0.002340088595,-0.084184226907
0.299506770300,0.032157140000,0.002467096505,-0.114194997024
0.296879517900,0.032440767774,0.002532336523,-0.107459716480
0.294252265500,0.032635517639,0.002549779721,-0.078545756499
0.291625013200,0.032715399486,0.002434248338,-0.062643538644
0.288997760800,0.032854558168,0.002467035781,-0.050795837899
0.286370508400,0.032877692250,0.002394677786,-0.025666703680
0.283743256000,0.032898411691,0.002399521486,-0.050230395558
0.281116003700,0.032994660839,0.002401494969,-0.050611988516
0.278488751300,0.033041028771,0.002200213186,0.004034434339
0.275861498900,0.032888330510,0.002142279740,0.044006917612
0.273234246600,0.032767867982,0.002167207840,0.024573991770
0.270606994200,0.032720066021,0.002087260821,0.020241036755
0.267979741800,0.032574960677,0.002116938390,0.035154741572
0.265352489400,0.032441933020,0.002067665576,0.022597571721
0.262725237100,0.032414781087,0.001907765439,-0.016092927850
0.260097984700,0.032469174918,0.001800317007,-0.014541855582
0.257470732300,0.032430656743,0.001563635331,0.020612482969
0.254843480000,0.032293349710,0.001288470403,0.036476194880
0.252216227600,0.032219771997,0.001198543795,0.006646651104
0.249588975200,0.032304698576,0.001086946233,-0.000185846380
0.246961722900,0.032351382318,0.001030987834,0.030060210827
0.244334470500,0.032285142510,0.000937291431,0.056052780173
0.241707218100,0.032193386949,0.000904261733,0.107795020666
0.239079965700,0.031875339447,0.000844256991,0.174173690829
0.236452713400,0.031428513637,0.000756794168,0.225656578382
0.233825461000,0.030887616210,0.000721968909,0.262387548047
0.231198208600,0.030258903411,0.000775902078,0.229804007234
0.228570956300,0.029810702444,0.000748745522,0.166789169023
0.225943703900,0.029519520725,0.000742615691,0.103647513689
0.223316451500,0.029418149542,0.000847652305,0.030473401426
0.220689199100,0.029422966479,0.000941112434,-0.038944779616
0.218061946800,0.029604248250,0.000969967816,-0.074673522913
0.215434694400,0.029783582582,0.001042413329,-0.079335769009
0.212807442000,0.029973423287,0.001179305275,-0.050061502467
0.210180189700,0.030083593550,0.001410056100,-0.008776642948
0.207552937300,0.030110445207,0.001540753388,-0.006691423235
0.204925684900,0.030231141581,0.001642341320,-0.039729315784
0.202298432500,0.030401732635,0.001753414684,-0.034817666450
0.199671180200,0.030496064117,0.001779848468,-0.008120575491
0.197043927800,0.030482996251,0.001838387511,0.017327141818
0.194416675400,0.030445218171,0.001991602317,0.012586647210
0.191789423100,0.030473386979,0.002031128387,0.001445275880
0.189162170700,0.030475127884,0.002044339864,0.005226774034
0.186534918300,0.030425717604,0.002061028885,-0.001927246588
0.183907666000,0.030483695250,0.002068295386,-0.010649716413
0.181280413600,0.030452595483,0.002186995222,-0.022125526004
0.178653161200,0.030553993586,0.002174234085,-0.075730783682
0.176025908800,0.030835747182,0.002166936990,-0.116071878865
0.173398656500,0.031105976894,0.002244446333,-0.130183984291
0.170771404100,0.031480711000,0.002186967230,-0.137541681239
0.168144151700,0.031785169270,0.002128567628,-0.123582946488
0.165516899400,0.032114968715,0.001917550895,-0.104529411099
0.162889647000,0.032344782035,0.001740019759,-0.088017806770
0.160262394600,0.032582423954,0.001678934941,-0.102037144120
0.157635142200,0.032924238143,0.001517269068,-0.092536357466
0.155007889900,0.033154046334,0.001450974155,-0.048846795580
0.152380637500,0.033252684592,0.001468970465,0.046633837786
0.149753385100,0.032961511970,0.001491376180,0.134746524704
0.147126132800,0.032657534663,0.001547795068,0.138128864618
0.144498880400,0.032371501335,0.001519944423,0.142575137200
0.141871628000,0.032043181216,0.001497222779,0.134567689030
0.139244375600,0.031794289776,0.001492946701,0.130389735848
0.136617123300,0.031461260756,0.001373036314,0.153093856614
0.133989870900,0.031127325831,0.001199904873,0.193979480731
0.131362618500,0.030588313290,0.001206576174,0.246343105731
0.128735366200,0.029975629575,0.001279600885,0.224343707166
0.126108113800,0.029573501182,0.001255801323,0.168150783748
0.123480861400,0.029247050889,0.001422599605,0.144049996079
0.120853609000,0.028942960435,0.001658479023,0.129432107779
0.118226356700,0.028673356872,0.001733790290,0.101219342270
0.115599104300,0.028561621931,0.001722747806,0.039682534644
0.112971851900,0.028624958901,0.001816458256,-0.009744383143
0.110344599600,0.028724961390,0.001865141239,-0.002545721195
0.107717347200,0.028768498076,0.001912577950,-0.002487851525
0.105090094800,0.028842071586,0.002037632977,-0.025684630929
0.102462842500,0.028962385739,0.002207243923,-0.056657624390
0.099835590100,0.029114973308,0.002229952904,-0.080601980987
0.097208337700,0.029296388883,0.002172623064,-0.060988995925
0.094581085300,0.029409539166,0.002197147008,-0.035890972122
0.091953833000,0.029371777510,0.002229413978,-0.014186085224
0.089326580600,0.029277788282,0.002129710962,-0.022251926171
0.086699328200,0.029203109986,0.002053444912,-0.020291071097
0.084072075900,0.029095534547,0.001912215973,-0.014119691216
0.081444823500,0.028988673937,0.001877213113,-0.023492795950
0.078817571100,0.028907739837,0.001848641650,-0.037635360022
0.076190318700,0.028939374769,0.001798319503,-0.037805625514
0.073563066400,0.028884969916,0.001772186076,-0.014455673541
0.070935814000,0.028765215940,0.001794600940,-0.002171200503
0.068308561600,0.028569080219,0.001667088441,0.008834186687
0.065681309300,0.028416789342,0.001583245141,0.000236193929
0.063054056900,0.028363977074,0.001581696586,-0.041215953498
0.060426804500,0.028344452128,0.001638664048,-0.041789050841
0.057799552100,0.028260039693,0.001589679199,-0.035344224230
0.055172299800,0.028210773994,0.001607773589,-0.079169257886
0.052545047400,0.028368409936,0.001639217792,-0.093313665209
0.049917795000,0.028467344316,0.001668365476,-0.080897380584
0.047290542700,0.028596872953,0.001596069229,-0.068150533118
0.044663290300,0.028612976399,0.001611919907,-0.020416086670
0.042036037900,0.028518491507,0.001676733102,0.015321917977
0.039408785500,0.028403147399,0.001678840760,0.052982549812
0.036781533200,0.028132509155,0.001695992372,0.057357887678
0.034154280800,0.027966092848,0.001720705891,0.088792357945
0.031527028400,0.027544716037,0.001702286388,0.208673561568
0.028899776100,0.026805471206,0.001496881150,0.210343756844
0.026272523700,0.026407570611,0.001214772915,0.217730117955
0.023645271300,0.025606713015,0.000902697382,0.218696940111
0.021018019000,0.025179932302,0.000816777135,0.093200033229
0.018390766600,0.025079721039,0.000809295992,-0.003433966903
0.015763514200,0.025212919490,0.000813109390,-0.068481067244
0.013136261800,0.025421640140,0.000713732625,-0.075899135677
0.010509009500,0.025610035529,0.000524655906,-0.129897416957
0.007881757100,0.026082788764,0.000489806028,-0.176068400687
0.005254504700,0.026538115077,0.000482800150,-0.142261366144
0.002627252400,0.026815875484,0.000511609869,0.730302292664
0.000000000000,0.022653497623,0.000585369897,1.597168605413
