0.391460603250,-0.017583786705,0.000297287403,-0.148382491007
0.388833350880,-0.017119523134,-0.000242582901,0.310641727993
0.386206098510,-0.019035083029,-0.000105707761,0.575395465431
0.383578846140,-0.020065853395,-0.000032163137,-0.023599758498
0.380951593770,-0.018871569654,0.000098507291,-0.173961359487
0.378324341400,-0.019208181198,0.000313559675,0.095824678094
0.375697089030,-0.019366817468,0.000444126421,-0.036904211610
0.373069836660,-0.018990942959,0.000565365006,-0.108811799379
0.370442584290,-0.018899886043,0.000629277322,-0.067179916780
0.367815331920,-0.018696355562,0.000790042698,-0.195632380208
0.365188079550,-0.017874142558,0.001153794967,-0.087558982787
0.362560827170,-0.018234693009,0.001100835527,0.023751732758
0.359933574800,-0.017958734396,0.001263625974,-0.073605744393
0.357306322430,-0.017839112726,0.001387344005,-0.057710944099
0.354679070060,-0.017669688852,0.001499631253,-0.066112476918
0.352051817690,-0.017439010514,0.001676143470,-0.065078754579
0.349424565320,-0.017280225213,0.001647691551,-0.120800748221
0.346797312950,-0.016995093746,0.001645069571,-0.123298202526
0.344170060580,-0.016841612800,0.001634297150,-0.087641174592
0.341542808210,-0.016708173072,0.001747438468,-0.073243565669
0.338915555840,-0.016621521779,0.001798784537,-0.057437126963
0.336288303460,-0.016586828951,0.001870830869,-0.033308606638
0.333661051090,-0.016591854596,0.001914187641,-0.007134802532
0.331033798720,-0.016661508738,0.001971246918,0.020241197431
0.328406546350,-0.016775867619,0.002089207175,0.018203431874
0.325779293980,-0.016946421218,0.002147229424,0.033267960286
0.323152041610,-0.017120322933,0.002231771125,0.051821022137
0.320524789240,-0.017328522266,0.002233743824,0.050912752317
0.317897536870,-0.017484211249,0.002277213671,0.114242163714
0.315270284500,-0.018019124730,0.002241264202,-0.002544428894
0.312643032100,-0.017756170136,0.002308854367,-0.055995718756
0.310015779800,-0.017804840247,0.002246995215,0.024020806983
0.307388527400,-0.017936327863,0.002229552782,0.046476942022
0.304761275000,-0.018123048617,0.002370385259,0.025430878008
0.302134022600,-0.018176465696,0.002355929433,-0.000187537395
0.299506770300,-0.018218742709,0.002249630181,-0.006179030364
0.296879517900,-0.018233250755,0.002284135487,-0.011899544468
0.294252265500,-0.018210823710,0.002319085445,-0.030042480693
0.291625013200,-0.018159929666,0.002283349008,0.031225601268
0.288997760800,-0.018444418035,0.002044829674,-0.090266170356
0.286370508400,-0.017747024871,0.002085716036,-0.181005939428
0.283743256000,-0.017592542025,0.002122560062,-0.056453046382
0.281116003700,-0.017546859358,0.002133145859,-0.054995691366
0.278488751300,-0.017426998759,0.002076580500,-0.086922156643
0.275861498900,-0.017239991650,0.001912770677,-0.102931359875
0.273234246600,-0.017055428307,0.001761827974,-0.074671840499
0.270606994200,-0.017078446821,0.001600813106,-0.016907891652
0.267979741800,-0.017151179848,0.001349750746,-0.004196091387
0.265352489400,-0.017160977004,0.001137019606,-0.015096089420
0.262725237100,-0.017141803703,0.001105718702,0.021865626115
0.260097984700,-0.017280581011,0.001048347140,0.069656588453
0.257470732300,-0.017544244807,0.001062946712,0.076926794366
0.254843480000,-0.017739447275,0.001087345636,0.067864779397
0.252216227600,-0.017955551332,0.001150787154,0.086753599926
0.249588975200,-0.018248268392,0.001287670565,0.085385771861
0.246961722900,-0.018483235226,0.001386148838,0.051303411689
0.244334470500,-0.018601161586,0.001482638730,0.037605084049
0.241707218100,-0.018729217059,0.001485063692,0.061607284873
0.239079965700,-0.019016570653,0.001469420751,0.065884451338
0.236452713400,-0.019145677892,0.001501777602,0.018325568314
0.233825461000,-0.019158746023,0.001494139430,0.021601510463
0.231198208600,-0.019266360951,0.001466962027,0.046204886895
0.228570956300,-0.019415299191,0.001328379246,0.069668325401
0.225943703900,-0.019655207188,0.001285497777,0.097598839403
0.223316451500,-0.019926005178,0.001353435334,0.110462157537
0.220689199100,-0.020252758884,0.001330982739,0.142586049291
0.218061946800,-0.020709937591,0.001259515394,0.167900693975
0.215434694400,-0.021144653239,0.001251713307,0.150823950877
0.212807442000,-0.021531500321,0.001260963712,0.145456951654
0.210180189700,-0.021931469099,0.001257223430,0.139422038689
0.207552937300,-0.022276307098,0.001206194006,0.096691904106
0.204925684900,-0.022439221506,0.001158403173,0.058602227474
0.202298432500,-0.022521811920,0.001188283977,0.027727154831
0.199671180200,-0.022590965091,0.001258935869,-0.005399385241
0.197043927800,-0.022517254718,0.001413871235,-0.015880467757
0.194416675400,-0.022519725996,0.001446887320,-0.031492567903
0.191789423100,-0.022359705887,0.001426205781,-0.099723446585
0.189162170700,-0.022039840356,0.001530436132,-0.081836586857
0.186534918300,-0.021953635769,0.001584171827,-0.021796501561
0.183907666000,-0.021960402671,0.001627311908,-0.018958657069
0.181280413600,-0.021849082637,0.001634916031,-0.037754289822
0.178653161200,-0.021734569785,0.001708062067,-0.010278660518
0.176025908800,-0.021750161112,0.001810902736,0.011467355791
0.173398656500,-0.021787033235,0.001829639234,-0.004422407343
0.170771404100,-0.021735944952,0.001899396181,-0.014523024708
0.168144151700,-0.021748392939,0.001971527601,-0.001065513871
0.165516899400,-0.021779673981,0.002007157091,-0.004553532187
0.162889647000,-0.021791134998,0.001981346736,-0.029771344936
0.160262394600,-0.021715862508,0.001956577979,-0.045128596004
0.157635142200,-0.021639360129,0.001925451328,-0.021156751708
0.155007889900,-0.021665978874,0.001951170744,-0.032279052525
0.152380637500,-0.021544767901,0.002034727410,-0.079925812988
0.149753385100,-0.021344464763,0.002062864632,-0.100511107080
0.147126132800,-0.021128511202,0.002071714177,-0.109346993024
0.144498880400,-0.020889601608,0.002111255495,-0.139813010871
0.141871628000,-0.020544683012,0.002190343324,-0.187395861277
0.139244375600,-0.020060530518,0.002329167272,-0.219420737299
0.136617123300,-0.019563006605,0.002343424946,-0.222040358449
0.133989870900,-0.019025703536,0.002356741258,-0.207883176848
0.131362618500,-0.018611754317,0.002419057945,-0.155472437005
0.128735366200,-0.018403003010,0.002571556759,-0.090928153973
0.126108113800,-0.018255387529,0.002579538236,-0.076311277483
0.123480861400,-0.018134991917,0.002477866877,-0.026692601034
0.120853609000,-0.018268266169,0.002404392360,0.042949270615
0.118226356700,-0.018527739057,0.002421273112,0.103353171168
0.115599104300,-0.018867400292,0.002370494456,0.106042686710
0.112971851900,-0.019184515743,0.002301315133,0.105962123607
0.110344599600,-0.019598889328,0.002218297977,0.110437218622
0.107717347200,-0.019936326700,0.002179675442,0.087199643209
0.105090094800,-0.020237140056,0.002162768643,0.099990926782
0.102462842500,-0.020613789375,0.002125879656,0.119508986709
0.099835590100,-0.020976439180,0.002135655553,0.130376577843
0.097208337700,-0.021451281799,0.002147799606,0.166908258549
0.094581085300,-0.021979878876,0.002147161409,0.197275543737
0.091953833000,-0.022535881671,0.002065172442,0.148896955124
0.089326580600,-0.022814484151,0.001969131710,0.074202869012
0.086699328200,-0.022963585759,0.001844636818,0.012211898522
0.084072075900,-0.022892607303,0.001681773595,-0.049798447888
0.081444823500,-0.022750129451,0.001612965432,-0.069612539294
0.078817571100,-0.022539155346,0.001635898833,-0.072375848189
0.076190318700,-0.022344143662,0.001739403984,-0.076781815025
0.073563066400,-0.022163134782,0.001691050981,-0.079071653106
0.070935814000,-0.021962681145,0.001507448841,-0.092460385371
0.068308561600,-0.021744548545,0.001529617766,-0.097935469570
0.065681309300,-0.021522375822,0.001507142426,-0.052165766650
0.063054056900,-0.021532688826,0.001375899876,0.035170630954
0.060426804500,-0.021775066598,0.001298310767,0.107208393577
0.057799552100,-0.022137739020,0.001390818362,0.147986439548
0.055172299800,-0.022597437543,0.001341366697,0.170192032654
0.052545047400,-0.023056950143,0.001317989707,0.147597535003
0.049917795000,-0.023407642963,0.001355216702,0.150935281289
0.047290542700,-0.023863189130,0.001236579678,0.146766780153
0.044663290300,-0.024194016333,0.001217736583,0.097175452340
0.042036037900,-0.024387147546,0.001160848664,0.065623752416
0.039408785500,-0.024565283541,0.001151829879,0.099217675524
0.036781533200,-0.024889367180,0.001160744296,0.110393245527
0.034154280800,-0.025107464402,0.001114715343,0.052423655510
0.031527028400,-0.025226114441,0.001075355254,0.038562081199
0.028899776100,-0.025336941290,0.001056985892,0.020475304410
0.026272523700,-0.025289923187,0.001078020136,-0.094690842729
0.023645271300,-0.024803492228,0.001046265425,-0.181282300482
0.021018019000,-0.024317195596,0.000973791966,0.078999212021
0.018390766600,-0.025196179937,0.000951465164,0.214682988399
0.015763514200,-0.025503440756,0.000827013659,0.055710451556
0.013136261800,-0.025559696142,0.000774123547,-0.014902613269
0.010509009500,-0.025455624146,0.000627954966,-0.078359523868
0.007881757100,-0.025189886853,0.000495189786,-0.143926891332
0.005254504700,-0.024711052220,0.000451895190,-0.267946145278
0.002627252400,-0.023897231803,0.000456488030,-0.642636894950
0.000000000000,-0.021408373625,0.000312594155,-0.931733352413
