0.391460603250,0.046939958288,0.001086112848,-0.466383193815
0.388833350880,0.047996768282,0.000921121504,0.020603065659
0.386206098510,0.047063408611,0.001039626229,-0.050191606312
0.383578846140,0.048380349045,0.001027183974,0.067436986654
0.380951593770,0.046926927120,0.001151601808,0.268170809460
0.378324341400,0.047065356351,0.001433753804,0.137034092789
0.375697089030,0.046333150257,0.001628894871,0.168869396139
0.373069836660,0.046242597624,0.001699169840,0.004449236064
0.370442584290,0.046231623425,0.001719796646,-0.269675287247
0.367815331920,0.047604652532,0.001681898390,-0.511471120498
0.365188079550,0.048861557608,0.001692061554,-0.397851783956
0.362560827170,0.049583992451,0.001688866909,-0.282417720936
0.359933574800,0.050100245991,0.001723539012,-0.202966023674
0.357306322430,0.050419493669,0.001906802389,-0.147411701974
0.354679070060,0.050707342093,0.001971660676,-0.113975043290
0.352051817690,0.050900039638,0.002159942683,-0.098796240042
0.349424565320,0.051153447122,0.002317611047,-0.057289560404
0.346797312950,0.051201716413,0.002381606501,-0.006064471230
0.344170060580,0.051174144250,0.002531065037,0.236816402200
0.341542808210,0.049967462505,0.002557560305,-0.003335137782
0.338915555840,0.051253570843,0.002524801816,-0.284488696369
0.336288303460,0.051459286120,0.002458357971,-0.055067072604
0.333661051090,0.051422482821,0.002456274894,0.001503537255
0.331033798720,0.051281783681,0.002517300218,0.045259283789
0.328406546350,0.051086866645,0.002490062173,0.044084746236
0.325779293980,0.050998393095,0.002457972744,0.046085736806
0.323152041610,0.050820074377,0.002457085626,0.054906631654
0.320524789240,0.050657613108,0.002417301421,0.033515436528
0.317897536870,0.050596450806,0.002491438837,-0.000151787657
0.315270284500,0.050563567687,0.002518105207,-0.009375540457
0.312643032100,0.050505371647,0.002616931638,-0.007508698455
0.310015779800,0.050442759797,0.002636946190,0.002186638290
0.307388527400,0.050380383191,0.002735404192,0.055673996476
0.304761275000,0.050126729992,0.002839186323,0.091184666671
0.302134022600,0.049884446676,0.002836997518,0.075060311156
0.299506770300,0.049673204699,0.002810505864,0.033725616496
0.296879517900,0.049640961454,0.002776463729,-0.002500025293
0.294252265500,0.049601528963,0.002711848562,-0.000996248914
0.291625013200,0.049555015588,0.002783287908,-0.016815453224
0.288997760800,0.049592686908,0.002950198462,-0.032812720311
0.286370508400,0.049591583423,0.002897933855,-0.032664645299
0.283743256000,0.049631456862,0.002743018452,-0.082449652734
0.281116003700,0.049822619887,0.002674510978,-0.096382072126
0.278488751300,0.050009129755,0.002579136505,-0.084225585849
0.275861498900,0.050127355277,0.002426681357,-0.064263430642
0.273234246600,0.050242658840,0.002304634563,-0.041884509156
0.270606994200,0.050277064852,0.002035161756,-0.045598180188
0.267979741800,0.050355064666,0.001858493114,-0.052849807780
0.265352489400,0.050373870958,0.001716227486,-0.014918675029
0.262725237100,0.050263720039,0.001510715641,0.041586883065
0.260097984700,0.050017455118,0.001445818871,0.048916611435
0.257470732300,0.049901095592,0.001374872914,0.016068098939
0.254843480000,0.049915437053,0.001206260334,0.001330040617
0.252216227600,0.049876351779,0.001148430907,0.003712064952
0.249588975200,0.049834311769,0.001193208650,0.008521115173
0.246961722900,0.049734426661,0.001210487503,0.025559392280
0.244334470500,0.049618948540,0.001160805909,0.033652044593
0.241707218100,0.049514433271,0.001094623752,0.048137275930
0.239079965700,0.049363920973,0.000984453453,0.066659680973
0.236452713400,0.049178691718,0.000930067284,0.073658358011
0.233825461000,0.048997750736,0.000880957646,0.046792204524
0.231198208600,0.048871812877,0.000767378545,0.050723482008
0.228570956300,0.048629983922,0.000657174798,0.113732125549
0.225943703900,0.048217470092,0.000748380208,0.173589531473
0.223316451500,0.047747033749,0.000639047289,0.175896380038
0.220689199100,0.047331049268,0.000679896408,0.160973177582
0.218061946800,0.047013026318,0.000682600918,0.134778581971
0.215434694400,0.046718279078,0.000658931013,0.096262325832
0.212807442000,0.046513504839,0.000644309783,0.034504147414
0.210180189700,0.046528196989,0.000614741001,-0.018553038474
0.207552937300,0.046642355204,0.000643369692,-0.037572946562
0.204925684900,0.046745821242,0.000667303735,-0.040062695824
0.202298432500,0.046916126322,0.000820775348,-0.061592000497
0.199671180200,0.047155173715,0.000840873237,-0.047120428261
0.197043927800,0.047273382670,0.000861025774,-0.027490303382
0.194416675400,0.047373969958,0.000934912744,0.011051459435
0.191789423100,0.047304507474,0.001063487444,0.062638275420
0.189162170700,0.047174650216,0.001166597899,0.087177075918
0.186534918300,0.046979967667,0.001290731144,0.095421464105
0.183907666000,0.046791877637,0.001454693337,0.080697075779
0.181280413600,0.046686584640,0.001613463249,0.034037757495
0.178653161200,0.046698179307,0.001754334609,0.001108972232
0.176025908800,0.046778235004,0.001772543271,-0.028670125546
0.173398656500,0.046907227985,0.001734458968,-0.055477516304
0.170771404100,0.047110685281,0.001769157418,-0.047570559355
0.168144151700,0.047213586165,0.001748189797,-0.021264611261
0.165516899400,0.047290292022,0.001907830357,-0.050221231998
0.162889647000,0.047542114640,0.001961973794,-0.090985383981
0.160262394600,0.047841614428,0.001939084010,-0.115185705857
0.157635142200,0.048191746817,0.002011006737,-0.130552664997
0.155007889900,0.048572029706,0.001901486933,-0.157619961267
0.152380637500,0.049023573766,0.001903915657,-0.181105094061
0.149753385100,0.049478099789,0.002093913880,-0.170557786594
0.147126132800,0.049926962635,0.002051488395,-0.131115253789
0.144498880400,0.050233607928,0.001968014738,-0.094987914828
0.141871628000,0.050506861484,0.001986461129,-0.066082232575
0.139244375600,0.050679155334,0.001882897050,0.000210745963
0.136617123300,0.050621534538,0.001740996057,0.070219641188
0.133989870900,0.050467187428,0.001599582081,0.113011359211
0.131362618500,0.050245664793,0.001530511736,0.127744684860
0.128735366200,0.050022918801,0.001463306772,0.147424239950
0.126108113800,0.049727797539,0.001289831507,0.142158473920
0.123480861400,0.049510353956,0.001319163861,0.112437757843
0.120853609000,0.049329700427,0.001226441315,0.152701777141
0.118226356700,0.048913789631,0.001022947475,0.187234226348
0.115599104300,0.048553593001,0.000845608698,0.212162401453
0.112971851900,0.047950983045,0.000866348322,0.288044968019
0.110344599600,0.047155865414,0.000869145732,0.342248008727
0.107717347200,0.046257040265,0.001111534896,0.329149876947
0.105090094800,0.045610409406,0.001159724568,0.216814541992
0.102462842500,0.045286098133,0.001077967834,0.087497279243
0.099835590100,0.045235882870,0.001138161629,0.022750803030
0.097208337700,0.045193754064,0.001123216726,-0.044149426658
0.094581085300,0.045419997813,0.000913750771,-0.053941549318
0.091953833000,0.045466742804,0.000878864182,-0.052882909866
0.089326580600,0.045747825065,0.000956447853,-0.131772639942
0.086699328200,0.046131329652,0.001046097527,-0.126195820386
0.084072075900,0.046376800229,0.001072753290,-0.095048742769
0.081444823500,0.046512530649,0.000988410209,-0.041696647993
0.078817571100,0.046536309456,0.001078596499,-0.032088784595
0.076190318700,0.046550749873,0.000935946870,-0.047051557624
0.073563066400,0.046655632579,0.000731467302,-0.065529861832
0.070935814000,0.046762867562,0.000761429354,-0.036275247079
0.068308561600,0.046705203091,0.000744956560,0.021984860965
0.065681309300,0.046517855385,0.000743026816,0.080120038537
0.063054056900,0.046157937396,0.000803290955,0.055747010063
0.060426804500,0.046053369992,0.000917373937,0.037116110770
0.057799552100,0.045832209400,0.000967436420,0.096980415068
0.055172299800,0.045457664642,0.000910845589,0.149824926774
0.052545047400,0.045066485883,0.000656216746,0.136131026247
0.049917795000,0.044733680688,0.000468682867,0.092716088683
0.047290542700,0.044532195138,0.000487486290,0.069504228404
0.044663290300,0.044320322848,0.000642575111,0.021174388271
0.042036037900,0.044318786002,0.000501679963,-0.013525281124
0.039408785500,0.044270111774,0.000378159375,-0.027624710933
0.036781533200,0.044347721177,0.000151440697,-0.091566579281
0.034154280800,0.044597206304,0.000055547673,-0.094423827542
0.031527028400,0.044617202833,0.000163476204,-0.075869666901
0.028899776100,0.044787633476,0.000212222085,-0.045022613399
0.026272523700,0.044724654350,0.000233889741,-0.003722136739
0.023645271300,0.044654024830,0.000083431259,0.011232989759
0.021018019000,0.044497492295,0.000018396285,0.050941750600
0.018390766600,0.044181064895,0.000130982949,0.040482549997
0.015763514200,0.044016136874,0.000160471893,0.057766815749
0.013136261800,0.043786911812,0.000122509183,0.050151153921
0.010509009500,0.043718728056,0.000066863236,-0.048916595878
0.007881757100,0.044015069563,0.000007314351,-0.180538848627
0.005254504700,0.044621725761,0.000016216520,-0.243110805665
0.002627252400,0.045204117468,0.000015644860,0.439615307285
0.000000000000,0.042196230985,-0.000045142985,1.121669937888
