0.391460603250,0.053838441416,0.001173939324,0.422027816840
0.388833350880,0.052863027035,0.000783710508,0.242984895488
0.386206098510,0.052755390780,0.000671074287,-0.289774824870
0.383578846140,0.054562416923,0.000709735500,-0.139858997425
0.380951593770,0.053618061793,0.000703929370,0.460540401483
0.378324341400,0.052246495810,0.000841305811,0.408612165124
0.375697089030,0.051548288698,0.001001638298,-0.065581724555
0.373069836660,0.052612177159,0.001227432678,-0.413909505411
0.370442584290,0.053648579888,0.001427056526,-0.510301882638
0.367815331920,0.055344556878,0.001333352493,-0.418974175990
0.365188079550,0.055743353606,0.001464165065,-0.096749320928
0.362560827170,0.055563261894,0.001751333751,-0.273904103796
0.359933574800,0.057010314379,0.001916361344,-0.380121607726
0.357306322430,0.057402032148,0.001999153343,-0.163699613064
0.354679070060,0.057747668889,0.002096990522,-0.168057980649
0.352051817690,0.058015025277,0.002402855318,-0.083476010541
0.349424565320,0.058219029205,0.002497072425,-0.037676610534
0.346797312950,0.058285378218,0.002515458855,-0.027721202270
0.344170060580,0.058313121063,0.002619259679,-0.030696191639
0.341542808210,0.058314873894,0.002696856325,-0.010478504880
0.338915555840,0.058290766760,0.002750526956,0.000063146171
0.336288303460,0.058247675545,0.002741022980,0.031166644797
0.333661051090,0.058150536710,0.002700314753,0.036967732006
0.331033798720,0.058025090755,0.002615674159,0.010491853225
0.328406546350,0.057971147709,0.002685698241,0.030388299500
0.325779293980,0.057836266277,0.002683282091,0.065384433585
0.323152041610,0.057613241051,0.002633075520,0.080597390820
0.320524789240,0.057370995461,0.002657736299,0.061734272194
0.317897536870,0.057210268688,0.002701868735,0.023181154814
0.315270284500,0.057194511742,0.002643296139,0.031176735064
0.312643032100,0.057044767529,0.002668818351,0.028772131713
0.310015779800,0.056965212167,0.002785756222,-0.000752273197
0.307388527400,0.056971993323,0.002951380241,0.002972361558
0.304761275000,0.056889621301,0.002968403646,0.003659069367
0.302134022600,0.056871689161,0.002945663614,0.038534091563
0.299506770300,0.056632673432,0.002974124389,0.075690399676
0.296879517900,0.056398801537,0.003003160251,0.033952169778
0.294252265500,0.056344151927,0.003031301715,0.019538251325
0.291625013200,0.056218274892,0.003058193758,0.022477939963
0.288997760800,0.056126564293,0.003074941590,-0.011941517675
0.286370508400,0.056154641384,0.003131163428,-0.024713317875
0.283743256000,0.056162543344,0.003112685165,-0.040851424014
0.281116003700,0.056316656799,0.003070957174,-0.072828269904
0.278488751300,0.056488589534,0.002965118717,-0.078751251915
0.275861498900,0.056577773258,0.002713239497,-0.063744442235
0.273234246600,0.056696326048,0.002570778993,-0.066503613107
0.270606994200,0.056827946419,0.002324109301,-0.053035950727
0.267979741800,0.056834556554,0.002142436630,-0.033768971833
0.265352489400,0.056872560696,0.001967462401,-0.038763112248
0.262725237100,0.056917542350,0.001669803301,-0.006129815216
0.260097984700,0.056755487182,0.001543556127,0.033009352518
0.257470732300,0.056593750104,0.001491960384,0.012118757743
0.254843480000,0.056549591702,0.001425224440,-0.013746735600
0.252216227600,0.056517648407,0.001456131909,-0.025635955563
0.249588975200,0.056550959398,0.001514596025,-0.041871580786
0.246961722900,0.056532604188,0.001439773554,-0.005551867512
0.244334470500,0.056328440301,0.001426664473,0.020205872205
0.241707218100,0.056228411054,0.001372446684,-0.004173225955
0.239079965700,0.056196557891,0.001176789744,0.001269994379
0.236452713400,0.056081633299,0.001097456729,0.039571265650
0.233825461000,0.055872926623,0.001034960603,0.044202953322
0.231198208600,0.055800221142,0.000892145799,0.030865957271
0.228570956300,0.055648925390,0.000778449592,0.067593407669
0.225943703900,0.055425343398,0.000632527236,0.097121498288
0.223316451500,0.055167635401,0.000535161826,0.119092082871
0.220689199100,0.054822977950,0.000523248038,0.140909652759
0.218061946800,0.054472478629,0.000531290478,0.137359125230
0.215434694400,0.054124086813,0.000602392853,0.095820281250
0.212807442000,0.053976568548,0.000563397033,0.055012686341
0.210180189700,0.053883950029,0.000619569085,0.021374258735
0.207552937300,0.053881054708,0.000621225042,-0.039724999746
0.204925684900,0.054089614022,0.000637908231,-0.076526136167
0.202298432500,0.054272036705,0.000592271434,-0.073667759460
0.199671180200,0.054419363003,0.000583301552,-0.055470035559
0.197043927800,0.054558065428,0.000583079993,-0.039898428373
0.194416675400,0.054639547796,0.000609910157,0.008061088194
0.191789423100,0.054554034729,0.000771064035,0.064763673739
0.189162170700,0.054410251520,0.000914443983,0.084881687991
0.186534918300,0.054291611308,0.001028073603,0.117983429269
0.183907666000,0.054004476305,0.001137011383,0.115889853002
0.181280413600,0.053826781154,0.001241602570,0.064878649610
0.178653161200,0.053825817831,0.001349126048,0.021376083088
0.176025908800,0.053866870626,0.001403808197,-0.007109519220
0.173398656500,0.053968060671,0.001549134852,-0.037285195599
0.170771404100,0.054126831440,0.001722670744,-0.035179198750
0.168144151700,0.054249442313,0.001751251365,-0.018748894303
0.165516899400,0.054375860947,0.001696907216,-0.049720092047
0.162889647000,0.054616625889,0.001801471177,-0.097438931986
0.160262394600,0.054944092316,0.001824864999,-0.132461901350
0.157635142200,0.055336018043,0.001922082769,-0.160865781726
0.155007889900,0.055802462157,0.002004421963,-0.145474630567
0.152380637500,0.056120244051,0.001844081972,-0.100217742489
0.149753385100,0.056392573047,0.001838831705,-0.084453288581
0.147126132800,0.056693473239,0.001843657852,-0.099752801762
0.144498880400,0.057041982273,0.001835672455,-0.082196174689
0.141871628000,0.057299539872,0.001690170528,-0.028326273372
0.139244375600,0.057342000352,0.001532692964,0.004302310710
0.136617123300,0.057433959837,0.001351404961,0.045618126958
0.133989870900,0.057299456913,0.001049289141,0.133727172410
0.131362618500,0.056940139151,0.000924473274,0.146068046161
0.128735366200,0.056743790897,0.000777829059,0.074579994313
0.126108113800,0.056718117482,0.000685222404,0.059720663695
0.123480861400,0.056566139662,0.000756758297,0.097453740059
0.120853609000,0.056314925239,0.000770799970,0.139771226971
0.118226356700,0.055948851623,0.000683177123,0.188884816191
0.115599104300,0.055478035166,0.000491527083,0.198328657993
0.112971851900,0.054941609081,0.000434874313,0.265368733357
0.110344599600,0.054163229831,0.000533602640,0.306325321963
0.107717347200,0.053430911708,0.000574006135,0.289423622101
0.105090094800,0.052744368360,0.000844052630,0.230055968704
0.102462842500,0.052304368852,0.000955058390,0.124612380253
0.099835590100,0.052173386947,0.001005649167,0.043341147717
0.097208337700,0.052110689391,0.000896474612,-0.020709205795
0.094581085300,0.052270290450,0.000833133399,-0.120313136806
0.091953833000,0.052686331629,0.000854941978,-0.150837079835
0.089326580600,0.053034517705,0.000872663556,-0.086444070685
0.086699328200,0.053079809283,0.001043994943,-0.065398095928
0.084072075900,0.053328975328,0.001091095717,-0.078411522793
0.081444823500,0.053528774360,0.001186996809,-0.007494690794
0.078817571100,0.053473185789,0.001099357130,-0.009342308281
0.076190318700,0.053571003404,0.001132896199,-0.037445956012
0.073563066400,0.053559396754,0.001143103381,-0.017490400560
0.070935814000,0.053555412024,0.001156805393,-0.017218261002
0.068308561600,0.053483483877,0.001067661876,0.018535071697
0.065681309300,0.053281012059,0.000899301137,0.028056750691
0.063054056900,0.053135089580,0.000738163039,0.047035328765
0.060426804500,0.052838115555,0.000809719954,0.127187251027
0.057799552100,0.052424016908,0.000828803640,0.136417154966
0.055172299800,0.052014724304,0.000954636030,0.094085349665
0.052545047400,0.051801672564,0.001016261702,0.038456060203
0.049917795000,0.051641477753,0.000879044549,0.029689844974
0.047290542700,0.051456141660,0.000814242361,0.027691275094
0.044663290300,0.051344668267,0.000760874250,-0.037296984550
0.042036037900,0.051447077169,0.000667445754,-0.077412007035
0.039408785500,0.051493979807,0.000665004876,-0.066013382281
0.036781533200,0.051528271155,0.000637003622,-0.104440517901
0.034154280800,0.051746446900,0.000495683868,-0.148422414003
0.031527028400,0.052043288244,0.000410521984,-0.131541979927
0.028899776100,0.052110658349,0.000377079519,-0.088522486865
0.026272523700,0.052234368603,0.000562237556,0.243116650567
0.023645271300,0.050639196389,0.000449174666,0.160561744503
0.021018019000,0.051276382056,0.000320222281,-0.162059485983
0.018390766600,0.051335502281,0.000315561553,-0.001229774776
0.015763514200,0.051147851753,0.000226248266,0.032658882015
0.013136261800,0.051030446669,0.000094125338,0.009286598060
0.010509009500,0.051010936134,0.000100331465,-0.039966430504
0.007881757100,0.051174080239,-0.000013177901,-0.130999035825
0.005254504700,0.051615806066,-0.000015038887,-0.111923652862
0.002627252400,0.051726539996,-0.000027870749,0.275766942432
0.000000000000,0.050166869001,-0.000197243008,0.586716183852
