0.391460603250,-0.055633700100,-0.000274810673,0.119357760180
0.388833350880,-0.055970071201,-0.000352169546,-0.117381516092
0.386206098510,-0.054893196423,-0.000954493581,-0.471992028147
0.383578846140,-0.053566594864,-0.001066721696,-0.040150764374
0.380951593770,-0.054590068138,-0.000910170828,0.662207294799
0.378324341400,-0.056917213130,-0.000677494289,0.642739833568
0.375697089030,-0.057891391576,-0.000504977944,0.123640456716
0.373069836660,-0.057586748785,-0.000462311857,0.248817477922
0.370442584290,-0.059237121804,-0.000019491830,0.220089087825
0.367815331920,-0.058801218235,0.000199492863,-0.160723010432
0.365188079550,-0.058323881758,0.000504676627,-0.048996063221
0.362560827170,-0.058516182649,0.000829027369,0.010892535750
0.359933574800,-0.058410229928,0.001309522945,-0.049109291855
0.357306322430,-0.058323409920,0.001639967714,-0.116393532560
0.354679070060,-0.057854141290,0.001891455076,-0.238239730369
0.352051817690,-0.057180510459,0.002025183912,-0.309090282437
0.349424565320,-0.056308116250,0.002139496629,0.019944733790
0.346797312950,-0.057353533349,0.002123622511,0.150614377846
0.344170060580,-0.057241909407,0.002371272016,-0.032086290413
0.341542808210,-0.057342021911,0.002354206042,-0.006311324819
0.338915555840,-0.057361956246,0.002414615652,0.000402023653
0.336288303460,-0.057438254097,0.002434576436,0.018808043835
0.333661051090,-0.057559811876,0.002494898666,0.027972345968
0.331033798720,-0.057718929926,0.002654080919,0.048540508133
0.328406546350,-0.057902452047,0.002659120333,0.028972941372
0.325779293980,-0.057996252331,0.002721537741,0.034340311050
0.323152041610,-0.058188454240,0.002693806896,0.083406598713
0.320524789240,-0.058477738161,0.002741701210,0.081757374043
0.317897536870,-0.058681315289,0.002844275030,0.067523871808
0.315270284500,-0.058866180233,0.002776491888,0.068877057953
0.312643032100,-0.059096884003,0.002763205595,0.073057627860
0.310015779800,-0.059223959806,0.002824475463,0.040577164624
0.307388527400,-0.059329253644,0.002939566246,0.031542808424
0.304761275000,-0.059437069142,0.002857743744,0.040614768112
0.302134022600,-0.059596932945,0.002850618126,0.034177056176
0.299506770300,-0.059701848184,0.002884602607,0.010307917508
0.296879517900,-0.059709682366,0.002921478193,-0.010054546672
0.294252265500,-0.059702824222,0.003057677022,-0.004462579670
0.291625013200,-0.059729910689,0.003208346723,0.012121968091
0.288997760800,-0.059885139020,0.003194697776,0.063314961751
0.286370508400,-0.060174831141,0.003189778587,0.059925221732
0.283743256000,-0.060276750516,0.003168044597,-0.009904660933
0.281116003700,-0.060193509599,0.003245129670,-0.043905156174
0.278488751300,-0.060112244285,0.003232147706,-0.042600506164
0.275861498900,-0.060002814974,0.003039552075,-0.058911675715
0.273234246600,-0.059793228735,0.002789625062,-0.067496768027
0.270606994200,-0.059585498377,0.002701147508,-0.043714766940
0.267979741800,-0.059549862573,0.002543450876,-0.007403481344
0.265352489400,-0.059602167102,0.002341695632,-0.019509652212
0.262725237100,-0.059539955606,0.002367743111,-0.019511540856
0.260097984700,-0.059567717691,0.002420714006,-0.005541739874
0.257470732300,-0.059533546661,0.002480782679,-0.022945882924
0.254843480000,-0.059482596444,0.002451114274,-0.036339824318
0.252216227600,-0.059486581326,0.002616598579,-0.023166637696
0.249588975200,-0.059558650628,0.002772766285,0.018925584677
0.246961722900,-0.059691241118,0.002897472141,0.058203381230
0.244334470500,-0.059948612480,0.002862856428,0.077230764293
0.241707218100,-0.060211972539,0.002829427389,0.067307205333
0.239079965700,-0.060394793083,0.002849472503,0.040642465016
0.236452713400,-0.060555865926,0.002761773527,0.026705314466
0.233825461000,-0.060663185052,0.002621550247,0.020257551581
0.231198208600,-0.060761334871,0.002427500305,0.008778451517
0.228570956300,-0.060796491389,0.002123526710,0.008679577811
0.225943703900,-0.060803731380,0.001948952182,0.019852644165
0.223316451500,-0.060902345887,0.001834186144,0.025683390852
0.220689199100,-0.061044281676,0.001709883459,0.009894012237
0.218061946800,-0.061078281039,0.001575971053,0.015624730356
0.215434694400,-0.061222729355,0.001460850435,0.039117044710
0.212807442000,-0.061325291180,0.001461899752,0.055334131580
0.210180189700,-0.061536034948,0.001471539799,0.046263107493
0.207552937300,-0.061647564745,0.001497801355,-0.006861213030
0.204925684900,-0.061559528740,0.001516822288,-0.034153857716
0.202298432500,-0.061530922502,0.001541278984,-0.023223571009
0.199671180200,-0.061479024808,0.001572240986,-0.023714124226
0.197043927800,-0.061396510683,0.001709722380,-0.024813396094
0.194416675400,-0.061273867641,0.001744896323,-0.030579598728
0.191789423100,-0.061199144408,0.001782385158,0.007740977779
0.189162170700,-0.061218338538,0.001783582295,0.026514044646
0.186534918300,-0.061255652665,0.001791242299,0.022793823220
0.183907666000,-0.061266682207,0.001812664097,0.035275224371
0.181280413600,-0.061364091971,0.001873095341,0.059315256766
0.178653161200,-0.061466636329,0.001965122466,0.043197100741
0.176025908800,-0.061487802460,0.002002464322,0.011949401440
0.173398656500,-0.061455357995,0.002081370362,-0.011247446916
0.170771404100,-0.061369946789,0.002208079339,-0.004417787687
0.168144151700,-0.061395821599,0.002321703686,0.008422524946
0.165516899400,-0.061364955397,0.002506335930,-0.001098704326
0.162889647000,-0.061371529214,0.002652102074,0.008287646610
0.160262394600,-0.061387800027,0.002831383779,0.000445462527
0.157635142200,-0.061323049623,0.002928532294,0.000145042998
0.155007889900,-0.061316428429,0.002874416668,-0.001423736143
0.152380637500,-0.061232229775,0.002860996838,-0.010323890843
0.149753385100,-0.061182283134,0.002867405697,-0.042293837667
0.147126132800,-0.060897450112,0.002912452382,-0.092752950298
0.144498880400,-0.060551908021,0.002855365851,-0.101575303369
0.141871628000,-0.060227893331,0.002706061963,-0.078213500463
0.139244375600,-0.059997353720,0.002666336323,-0.058160995870
0.136617123300,-0.059769286518,0.002596574017,-0.077906416908
0.133989870900,-0.059435768746,0.002436077831,-0.078284546021
0.131362618500,-0.059198958113,0.002382475012,-0.028312480796
0.128735366200,-0.059107312857,0.002248710308,0.038220382539
0.126108113800,-0.059244492684,0.002183817284,0.091990450286
0.123480861400,-0.059443490837,0.002212035989,0.124486773103
0.120853609000,-0.059758274519,0.002180693556,0.147057298004
0.118226356700,-0.060106985604,0.002192700635,0.158508649850
0.115599104300,-0.060500469138,0.002093688622,0.198857508045
0.112971851900,-0.061076446573,0.002068532824,0.230131044356
0.110344599600,-0.061529420128,0.002030657619,0.160765560162
0.107717347200,-0.061933770897,0.002106362557,0.146487344366
0.105090094800,-0.062313594169,0.002201922849,0.139504849407
0.102462842500,-0.062688666344,0.002208719582,0.153502303171
0.099835590100,-0.063181618662,0.002281613781,0.150188358455
0.097208337700,-0.063539348526,0.002409704502,0.142325043227
0.094581085300,-0.063905437211,0.002532829481,0.107739777292
0.091953833000,-0.064114572511,0.002639091149,0.027715777784
0.089326580600,-0.064125545351,0.002736426374,-0.033969594426
0.086699328200,-0.063988371143,0.002939975875,-0.110939533104
0.084072075900,-0.063615442921,0.003104033529,-0.130940895417
0.081444823500,-0.063396360831,0.003173450339,-0.099078662721
0.078817571100,-0.063198572798,0.003011500269,-0.116459959674
0.076190318700,-0.062907410854,0.002995478926,-0.125840913886
0.073563066400,-0.062648680101,0.003214176633,-0.107996919343
0.070935814000,-0.062456394506,0.003408344408,-0.046015341613
0.068308561600,-0.062452806482,0.003429325337,0.006390176869
0.065681309300,-0.062544985499,0.003377914454,0.019868268712
0.063054056900,-0.062700671717,0.003375716262,0.026468466256
0.060426804500,-0.062885530049,0.003464816853,0.062487365817
0.057799552100,-0.063255553162,0.003599317335,0.104109506346
0.055172299800,-0.063618136532,0.003651173060,0.114915134782
0.052545047400,-0.064016104144,0.003580229331,0.109859176626
0.049917795000,-0.064363768590,0.003552708154,0.102276496765
0.047290542700,-0.064755414054,0.003532681379,0.108283170892
0.044663290300,-0.065182037432,0.003515956469,0.095312430434
0.042036037900,-0.065453234933,0.003484577199,0.012440404906
0.039408785500,-0.065546697660,0.003438382710,-0.041276825514
0.036781533200,-0.065597770332,0.003329183351,-0.041365446212
0.034154280800,-0.065682319868,0.003156526966,-0.072447910081
0.031527028400,-0.065551913421,0.003102177040,-0.134426131141
0.028899776100,-0.065340897061,0.003060495093,-0.145863211123
0.026272523700,-0.065152996691,0.002938869643,-0.146599332453
0.023645271300,-0.064891582147,0.002748080540,-0.092973506075
0.021018019000,-0.064980928438,0.002579564290,0.039443812751
0.018390766600,-0.065280139168,0.002270885924,0.051318801706
0.015763514200,-0.065412115451,0.002121499231,0.043567821160
0.013136261800,-0.065653252101,0.001992650125,0.033170660073
0.010509009500,-0.065775293390,0.001805332053,-0.006166708300
0.007881757100,-0.065740511879,0.001599014482,-0.048487773746
0.005254504700,-0.065626280157,0.001356195593,-0.140142171015
0.002627252400,-0.065074993352,0.001107059386,-0.935489864096
0.000000000000,-0.060744749158,0.000863565088,-1.659039739327
