0.391460603250,0.053129502329,0.000844484950,0.168667850951
0.388833350880,0.052749340398,0.000948032127,0.307099798458
0.386206098510,0.051503426220,0.000656330207,-0.151706061115
0.383578846140,0.053575570354,0.000483767864,-0.341737057557
0.380951593770,0.053334061802,0.000648435916,0.343207478531
0.378324341400,0.051775470105,0.000812319073,0.210154074225
0.375697089030,0.052276065695,0.000989797749,0.006539969888
0.373069836660,0.051841451555,0.001152539394,-0.292903923902
0.370442584290,0.053852135952,0.001428635845,-0.537807515512
0.367815331920,0.054700084464,0.001510944557,-0.288550022013
0.365188079550,0.055382023719,0.001592381745,-0.252133435591
0.362560827170,0.055970156005,0.001708279054,-0.200820603810
0.359933574800,0.056398068367,0.001873588971,-0.173530428160
0.357306322430,0.056854631430,0.002017931834,-0.185611805822
0.354679070060,0.057320194198,0.002162552654,-0.157058251495
0.352051817690,0.057616822734,0.002356011558,-0.086251480210
0.349424565320,0.057764879400,0.002474129030,-0.037790627257
0.346797312950,0.057836904577,0.002462919328,-0.025693556451
0.344170060580,0.057908308662,0.002563293446,-0.004702722919
0.341542808210,0.057880824540,0.002646989052,0.004867128568
0.338915555840,0.057857138238,0.002691114173,-0.016107459099
0.336288303460,0.057818686100,0.002680430359,0.023897536064
0.333661051090,0.057698275233,0.002642268116,0.018569672056
0.331033798720,0.057644754809,0.002510571192,0.010627467867
0.328406546350,0.057473537316,0.002537094311,0.056478308505
0.325779293980,0.057275409793,0.002629813047,0.050398932684
0.323152041610,0.057171977288,0.002576167970,0.043309193589
0.320524789240,0.056993036930,0.002455199623,0.044842891030
0.317897536870,0.056877338640,0.002543921838,0.036640988303
0.315270284500,0.056737554406,0.002519316930,0.014735626814
0.312643032100,0.056776219615,0.002672679725,-0.003080363602
0.310015779800,0.056721259383,0.002693898058,0.022843614747
0.307388527400,0.056617115769,0.002718254465,0.031445618600
0.304761275000,0.056469614745,0.002855886716,0.070400084241
0.302134022600,0.056180665783,0.002971337225,0.073632508339
0.299506770300,0.056017583751,0.002996060721,0.029868846995
0.296879517900,0.055906859477,0.002890034226,0.027925715749
0.294252265500,0.055733060311,0.002959271036,0.010937871667
0.291625013200,0.055666103731,0.002996137964,-0.027786892582
0.288997760800,0.055668550025,0.002996238604,-0.039216230450
0.286370508400,0.055756297209,0.003043435088,-0.051288657318
0.283743256000,0.055890141531,0.002995040882,-0.062702429340
0.281116003700,0.056053687728,0.002912673685,-0.072804101575
0.278488751300,0.056236067785,0.002803811480,-0.064551889329
0.275861498900,0.056288870948,0.002741750113,-0.027411031232
0.273234246600,0.056262407637,0.002629141314,-0.034821391068
0.270606994200,0.056323274782,0.002306509431,-0.061176830391
0.267979741800,0.056451356038,0.002010111560,-0.065565314032
0.265352489400,0.056524249350,0.001760577588,-0.016205692546
0.262725237100,0.056412587304,0.001594356598,0.035825162413
0.260097984700,0.056253995168,0.001447411099,0.009759489266
0.257470732300,0.056246774433,0.001352666176,-0.012991415995
0.254843480000,0.056207510257,0.001376697763,-0.000710496202
0.252216227600,0.056153228868,0.001383332547,0.000793148355
0.249588975200,0.056086227143,0.001406560414,-0.001249083946
0.246961722900,0.056024322498,0.001328071601,-0.014992265166
0.244334470500,0.056014409959,0.001292068364,0.012291197746
0.241707218100,0.055871738953,0.001226801568,0.034192147441
0.239079965700,0.055758732680,0.001192221452,0.027029277839
0.236452713400,0.055646999876,0.001019300613,0.037156929172
0.233825461000,0.055533718447,0.000961392343,0.042108797370
0.231198208600,0.055357376142,0.000893323198,0.063344509222
0.228570956300,0.055105359565,0.000750507051,0.094250312286
0.225943703900,0.054820784615,0.000600553180,0.104086001895
0.223316451500,0.054548487083,0.000513255526,0.111522958544
0.220689199100,0.054255635898,0.000566353734,0.099922643421
0.218061946800,0.054027170568,0.000586580723,0.089289660967
0.215434694400,0.053745512924,0.000496800397,0.092218334126
0.212807442000,0.053513728737,0.000586623361,0.059218269833
0.210180189700,0.053454545786,0.000602638847,0.007211353729
0.207552937300,0.053547008829,0.000543801844,-0.024473988251
0.204925684900,0.053602618127,0.000564781743,-0.024937380543
0.202298432500,0.053689022295,0.000562062907,-0.068105604571
0.199671180200,0.053978311638,0.000634805598,-0.080341524129
0.197043927800,0.054179296297,0.000750846131,-0.015951602617
0.194416675400,0.054157353253,0.000810173266,0.041570405179
0.191789423100,0.054070528163,0.000753645064,0.066152490244
0.189162170700,0.053944888871,0.000824706592,0.106475910876
0.186534918300,0.053702525503,0.000935230307,0.109420302881
0.183907666000,0.053556632452,0.001113106675,0.087493643017
0.181280413600,0.053388108867,0.001323210790,0.070736717568
0.178653161200,0.053377185150,0.001440184400,0.029846703233
0.176025908800,0.053451899731,0.001502208058,0.004787290091
0.173398656500,0.053496352799,0.001628359954,-0.009687889035
0.170771404100,0.053624869854,0.001577273097,-0.033609368147
0.168144151700,0.053771406963,0.001546559225,-0.043909526071
0.165516899400,0.053902125290,0.001707508756,-0.056636587928
0.162889647000,0.054033723511,0.001781573386,-0.080567047582
0.160262394600,0.054305634150,0.001769716670,-0.111248608500
0.157635142200,0.054657207891,0.001857640503,-0.159163723873
0.155007889900,0.055152811722,0.001822220534,-0.194528099870
0.152380637500,0.055676249401,0.001877363423,-0.165080528782
0.149753385100,0.056041599564,0.001834108629,-0.121265114892
0.147126132800,0.056413315077,0.001823884170,-0.100000502576
0.144498880400,0.056684714450,0.001757498362,-0.058833774260
0.141871628000,0.056845438128,0.001589053922,-0.030964336472
0.139244375600,0.057001109644,0.001446644218,0.017327025803
0.136617123300,0.056892083785,0.001251885535,0.051415703571
0.133989870900,0.056833486163,0.001124433536,0.066264483888
0.131362618500,0.056705883147,0.001033628310,0.101043675145
0.128735366200,0.056464525078,0.000860956843,0.111030957729
0.126108113800,0.056279630919,0.000706177917,0.106113015341
0.123480861400,0.056049609276,0.000681807879,0.132632726275
0.120853609000,0.055735252418,0.000738030325,0.135131388295
0.118226356700,0.055451707543,0.000611109047,0.137539092687
0.115599104300,0.055102206519,0.000545489284,0.214348201373
0.112971851900,0.054565617488,0.000558879020,0.270279014414
0.110344599600,0.053854884908,0.000595112322,0.311641684874
0.107717347200,0.053052525499,0.000652357888,0.305510226470
0.105090094800,0.052346333964,0.000713374609,0.216488908610
0.102462842500,0.052044790688,0.000808645126,0.142656127749
0.099835590100,0.051675928609,0.000975956121,0.086772728632
0.097208337700,0.051648047737,0.000873480389,-0.064105534433
0.094581085300,0.051980598869,0.000693811705,-0.121031645210
0.091953833000,0.052237116531,0.000790723317,-0.117011402907
0.089326580600,0.052496021768,0.000856170334,-0.118144015201
0.086699328200,0.052788572127,0.001014915940,-0.070774542759
0.084072075900,0.052850159882,0.000989059034,-0.012882837521
0.081444823500,0.052877240426,0.001008880605,-0.063857551116
0.078817571100,0.053134780306,0.001102712365,-0.072543274235
0.076190318700,0.053138335699,0.001178250915,-0.014032796404
0.073563066400,0.053066153277,0.001065910964,-0.014418778489
0.070935814000,0.053094135418,0.000974722104,-0.021503494997
0.068308561600,0.053053010648,0.000917702089,0.032943849555
0.065681309300,0.052813809364,0.000875029152,0.080698286521
0.063054056900,0.052547999398,0.000971349972,0.068130597805
0.060426804500,0.052294061302,0.000882831200,0.059601005801
0.057799552100,0.052008749005,0.000840987431,0.084811534650
0.055172299800,0.051661955425,0.000802960534,0.053369015778
0.052545047400,0.051547582736,0.000760312206,0.042185885471
0.049917795000,0.051257047037,0.000657322070,0.072021219578
0.047290542700,0.051002817361,0.000619842891,0.010307732640
0.044663290300,0.051017013794,0.000652996571,-0.042976779160
0.042036037900,0.051074401473,0.000618161780,-0.076553935109
0.039408785500,0.051214881566,0.000375609935,-0.083223689121
0.036781533200,0.051262899491,0.000317731190,0.107696325001
0.034154280800,0.050379044268,0.000597391333,0.042057716473
0.031527028400,0.051330364512,0.000346276764,-0.259193781502
0.028899776100,0.051511988829,0.000434529010,-0.114297298555
0.026272523700,0.051655611584,0.000503697810,-0.052524968613
0.023645271300,0.051523422820,0.000299194052,0.041279729211
0.021018019000,0.051279071324,0.000211324232,0.102441650353
0.018390766600,0.050893597772,0.000439759763,0.112052374099
0.015763514200,0.050591278535,0.000389780687,0.089240947060
0.013136261800,0.050373461803,0.000310093995,0.000192745306
0.010509009500,0.050483817407,0.000221968982,-0.092010458720
0.007881757100,0.050767477648,0.000087425275,-0.142360626202
0.005254504700,0.051160228670,-0.000053223280,-0.139183687045
0.002627252400,0.051455682100,-0.000121029303,0.659058830483
0.000000000000,0.047729828220,-0.000297976610,1.407350334219
