0.391460603250,-0.031987873674,-0.000071983649,0.350725898280
0.388833350880,-0.032910941411,-0.000209912573,0.476888542927
0.386206098510,-0.034470268630,-0.000463945628,0.144261339567
0.383578846140,-0.033588505570,-0.000195391252,-0.146155512763
0.380951593770,-0.033646996460,-0.000025447986,0.160633297764
0.378324341400,-0.034362173430,0.000110353970,0.231519387274
0.375697089030,-0.034869555368,0.000280210599,-0.110342512600
0.373069836660,-0.033819494468,0.000439223537,-0.201782952394
0.370442584290,-0.033870373975,0.000511713916,-0.134651607877
0.367815331920,-0.033187884953,0.000647571721,-0.209586017260
0.365188079550,-0.032718883182,0.000823771769,-0.160925744880
0.362560827170,-0.032324882640,0.000970727178,-0.142557991731
0.359933574800,-0.031964917615,0.001214109139,-0.051596312138
0.357306322430,-0.032015506024,0.001499310570,0.140582413011
0.354679070060,-0.032666273079,0.001547478214,0.021559912939
0.352051817690,-0.032279335775,0.001556576545,-0.157022661662
0.349424565320,-0.031970506060,0.001606633181,-0.126602158606
0.346797312950,-0.031791372050,0.001630438496,-0.127107878448
0.344170060580,-0.031515344266,0.001618094648,-0.117119257211
0.341542808210,-0.031394841482,0.001784508791,-0.067690741690
0.338915555840,-0.031362138088,0.001886576349,-0.024839703842
0.336288303460,-0.031433136039,0.001929176249,0.006137793415
0.333661051090,-0.031528893661,0.002006360020,-0.003261143835
0.331033798720,-0.031600005093,0.001996081018,0.013172630376
0.328406546350,-0.031772318658,0.002049387459,0.040107299542
0.325779293980,-0.031955894849,0.002210662364,0.047971896825
0.323152041610,-0.032152612463,0.002228538053,0.027172728117
0.320524789240,-0.032206159633,0.002200912959,0.018624644744
0.317897536870,-0.032335529611,0.002217556300,0.058045710491
0.315270284500,-0.032583320593,0.002264691052,0.073566201727
0.312643032100,-0.032717471578,0.002367734072,0.018932429900
0.310015779800,-0.032747809344,0.002418066073,0.012198959440
0.307388527400,-0.032877033177,0.002321538597,0.047599388029
0.304761275000,-0.033022976002,0.002240481599,0.052680287057
0.302134022600,-0.033180183638,0.002279155332,0.030369317997
0.299506770300,-0.033239537196,0.002298935026,-0.000510746176
0.296879517900,-0.033224059559,0.002350315206,0.006981956511
0.294252265500,-0.033265429864,0.002291003281,-0.027617898273
0.291625013200,-0.033101494329,0.002362013012,-0.093732588681
0.288997760800,-0.032844615089,0.002331545828,-0.083026139643
0.286370508400,-0.032742619083,0.002293054733,-0.034100524865
0.283743256000,-0.032734278201,0.002245499318,-0.005750480488
0.281116003700,-0.032761783136,0.002122908817,-0.031097431619
0.278488751300,-0.032610290432,0.002108684196,-0.069423158006
0.275861498900,-0.032438069570,0.002002399517,-0.069791847525
0.273234246600,-0.032366734880,0.001750710382,-0.036416034122
0.270606994200,-0.032432267584,0.001575064314,-0.009213741785
0.267979741800,-0.032414799644,0.001364983245,-0.037385407620
0.265352489400,-0.032342049102,0.001267665298,-0.053866872673
0.262725237100,-0.032303139956,0.001221428245,-0.045427921523
0.260097984700,-0.032360197556,0.001141135238,-0.010000775044
0.257470732300,-0.032510296634,0.001142795271,0.031990135913
0.254843480000,-0.032695433641,0.001096669378,0.045253333845
0.252216227600,-0.032888271998,0.001172292126,0.062393578693
0.249588975200,-0.033075840379,0.001263374429,0.071569552930
0.246961722900,-0.033271329063,0.001325157415,0.081807833666
0.244334470500,-0.033459422899,0.001467315411,0.059178204968
0.241707218100,-0.033633187457,0.001535154705,0.064703610388
0.239079965700,-0.033834990957,0.001550457600,0.061525187983
0.236452713400,-0.033960956044,0.001521818716,0.056903868977
0.233825461000,-0.034150593553,0.001456484807,0.072784909948
0.231198208600,-0.034317352885,0.001371576967,0.050012716074
0.228570956300,-0.034416102202,0.001394963862,0.043976264620
0.225943703900,-0.034603536315,0.001412613595,0.087947058565
0.223316451500,-0.034856566083,0.001351878687,0.135775127949
0.220689199100,-0.035260957160,0.001289588733,0.174229181837
0.218061946800,-0.035728603840,0.001219444109,0.159015536774
0.215434694400,-0.036100868555,0.001204707937,0.148472581770
0.212807442000,-0.036494666827,0.001192316845,0.150785172308
0.210180189700,-0.036859605257,0.001100366029,0.140775841541
0.207552937300,-0.037199712109,0.001043310324,0.104184213152
0.204925684900,-0.037371698717,0.001101417771,0.058405149404
0.202298432500,-0.037455940817,0.001283891839,0.034778923272
0.199671180200,-0.037470743509,0.001263549515,-0.016232676979
0.197043927800,-0.037344675431,0.001251027812,-0.033143777950
0.194416675400,-0.037263263342,0.001452124826,-0.028463734009
0.191789423100,-0.037120765911,0.001578306370,-0.033566156162
0.189162170700,-0.036951835848,0.001619646759,-0.054043298117
0.186534918300,-0.036769724164,0.001702164260,-0.050538762141
0.183907666000,-0.036669211648,0.001733298075,-0.030278503086
0.181280413600,-0.036622176866,0.001763515063,-0.030319767692
0.178653161200,-0.036552721945,0.001856551561,-0.022629764441
0.176025908800,-0.036553910391,0.001941461563,-0.010522081463
0.173398656500,-0.036576812193,0.002007323568,-0.011859315107
0.170771404100,-0.036579824459,0.002101196415,-0.009437779097
0.168144151700,-0.036633698294,0.002211812278,-0.013982777282
0.165516899400,-0.036634893819,0.002219081568,-0.037544877595
0.162889647000,-0.036592199011,0.002150292016,-0.047770141856
0.160262394600,-0.036527253352,0.002157730412,-0.044430679582
0.157635142200,-0.036503820483,0.002127684374,-0.040785531473
0.155007889900,-0.036492824444,0.002100815232,-0.034111697022
0.152380637500,-0.036498933314,0.002257411602,-0.066827405325
0.149753385100,-0.036306062105,0.002310792871,-0.133459356790
0.147126132800,-0.035961545202,0.002433985553,-0.153630281301
0.144498880400,-0.035625364411,0.002444585827,-0.153731922884
0.141871628000,-0.035248092944,0.002505067502,-0.179234839173
0.139244375600,-0.034746721221,0.002584838744,-0.216695631557
0.136617123300,-0.034190759851,0.002798712932,-0.212350438547
0.133989870900,-0.033734495330,0.002843811960,-0.153276123180
0.131362618500,-0.033409535448,0.002780237936,-0.119470073652
0.128735366200,-0.033109964342,0.002806666816,-0.046390031315
0.126108113800,-0.033123336952,0.002813371538,0.013665816965
0.123480861400,-0.033195578742,0.002755337399,0.037444861880
0.120853609000,-0.033385897842,0.002819368651,0.075819032352
0.118226356700,-0.033639654286,0.002835429729,0.087391976039
0.115599104300,-0.033893039019,0.002765939732,0.124539082171
0.112971851900,-0.034277506160,0.002613720715,0.149339189639
0.110344599600,-0.034686414918,0.002608808664,0.136347447626
0.107717347200,-0.035056877894,0.002563587357,0.115063769436
0.105090094800,-0.035396820485,0.002405297037,0.121011540721
0.102462842500,-0.035783367260,0.002426380745,0.154185741427
0.099835590100,-0.036278937172,0.002344099999,0.187589374440
0.097208337700,-0.036816269046,0.002304466711,0.173252632414
0.094581085300,-0.037223830374,0.002290838166,0.132057828074
0.091953833000,-0.037566545912,0.002289233700,0.127044733798
0.089326580600,-0.037895488695,0.002242610796,0.090568856620
0.086699328200,-0.038050439466,0.002080727637,0.013429664300
0.084072075900,-0.037958992787,0.001963685182,-0.038682451355
0.081444823500,-0.037830553151,0.001764710811,-0.043612086702
0.078817571100,-0.037704416012,0.001815258934,-0.076078368606
0.076190318700,-0.037423656150,0.001837046662,-0.105442202608
0.073563066400,-0.037161163482,0.001712913878,-0.089863897392
0.070935814000,-0.036995207905,0.001530099971,-0.069857635281
0.068308561600,-0.036878522088,0.001579377818,-0.062969168007
0.065681309300,-0.036761207302,0.001552948167,-0.012399025797
0.063054056900,-0.036904287430,0.001567958836,0.045628758942
0.060426804500,-0.037076012380,0.001529413594,0.066014087236
0.057799552100,-0.037369464322,0.001723866331,0.098869939330
0.055172299800,-0.037679337564,0.001697657261,0.107005072387
0.052545047400,-0.037995787768,0.001609211216,0.144941995703
0.049917795000,-0.038493456001,0.001570629385,0.161494614013
0.047290542700,-0.038930563049,0.001614189329,0.138564511744
0.044663290300,-0.039294302526,0.001629381984,0.117506415976
0.042036037900,-0.039602084264,0.001508811814,0.085427848882
0.039408785500,-0.039856393286,0.001261646946,0.083506335874
0.036781533200,-0.040124102961,0.001190798905,0.094181929330
0.034154280800,-0.040402050474,0.001208089581,0.049381477272
0.031527028400,-0.040379203721,0.001183743578,-0.013549439128
0.028899776100,-0.040313692834,0.001205016698,-0.007001633019
0.026272523700,-0.040306761959,0.001217436893,-0.008951627864
0.023645271300,-0.040181179310,0.001202507885,-0.028554955354
0.021018019000,-0.040109321299,0.001160161341,0.004950934617
0.018390766600,-0.040186295916,0.001035111834,0.044842765981
0.015763514200,-0.040323571831,0.000928305432,0.067559852665
0.013136261800,-0.040486938143,0.000827114610,0.035746329006
0.010509009500,-0.040454904249,0.000795388995,-0.045642633303
0.007881757100,-0.040180624250,0.000794922267,-0.101923318857
0.005254504700,-0.039937632353,0.000742908325,-0.172331596158
0.002627252400,-0.039327132045,0.000679202594,-1.153987519507
0.000000000000,-0.033938838926,0.000361052212,-2.063360876096
