0.391460603250,-0.008048518565,0.000804683888,0.440638273633
0.388833350880,-0.009416653798,0.000894037440,0.067971156257
0.386206098510,-0.008441914068,0.001249424368,-0.108346329333
0.383578846140,-0.008603675670,0.001378798701,0.057560668821
0.380951593770,-0.008663201352,0.001582770611,-0.066961117219
0.378324341400,-0.008262195764,0.001789047084,-0.028181190526
0.375697089030,-0.008539766813,0.001721474012,0.014158440657
0.373069836660,-0.008419193926,0.001625250627,-0.175619607564
0.370442584290,-0.007792241048,0.001588834186,-0.223378213413
0.367815331920,-0.007373910850,0.001428667520,-0.186710140441
0.365188079550,-0.006876057689,0.001335379791,-0.171214220424
0.362560827170,-0.006479268924,0.001280354309,-0.166658627723
0.359933574800,-0.006030039213,0.001220750315,-0.188207512111
0.357306322430,-0.005632056728,0.001373050584,-0.064772976434
0.354679070060,-0.005820312563,0.001429782485,-0.037075316420
0.352051817690,-0.005564068281,0.001492386827,-0.118067410920
0.349424565320,-0.005333323299,0.001663313924,-0.087421731774
0.346797312950,-0.005246252641,0.001809211216,-0.049325408459
0.344170060580,-0.005185276613,0.001802559598,-0.057314455106
0.341542808210,-0.005099014084,0.001920234983,-0.074089446058
0.338915555840,-0.004962068282,0.002051114729,-0.049774077521
0.336288303460,-0.004941914632,0.002117782322,-0.016905494789
0.333661051090,-0.005001712505,0.002162198977,0.011866246310
0.331033798720,-0.005167926083,0.002111642637,0.010579864330
0.328406546350,-0.005232785841,0.002265720749,0.012867425178
0.325779293980,-0.005335744053,0.002328949461,0.015855259885
0.323152041610,-0.005415769076,0.002250916709,0.032280687654
0.320524789240,-0.005580660656,0.002302257580,0.025994346061
0.317897536870,-0.005631449442,0.002366804978,-0.021903902091
0.315270284500,-0.005621835813,0.002468289105,-0.001485230807
0.312643032100,-0.005726976741,0.002636440600,0.046285963563
0.310015779800,-0.005882697335,0.002708093707,0.079853969189
0.307388527400,-0.006134922316,0.002616181142,0.053737357410
0.304761275000,-0.006267418848,0.002656910271,0.025954705761
0.302134022600,-0.006393857760,0.002620387701,0.018835434413
0.299506770300,-0.006512962825,0.002602798337,0.017185926038
0.296879517900,-0.006633255175,0.002549610001,0.005394485085
0.294252265500,-0.006672575310,0.002447802169,-0.042838207070
0.291625013200,-0.006529226433,0.002540993849,-0.083509646483
0.288997760800,-0.006421882184,0.002500156887,-0.085499655741
0.286370508400,-0.006240338204,0.002490644311,-0.092945118017
0.283743256000,-0.006082616177,0.002555657715,-0.088458857904
0.281116003700,-0.005953563910,0.002508766111,-0.074163798088
0.278488751300,-0.005897939834,0.002338261515,-0.049341245578
0.275861498900,-0.005882569752,0.002254707203,-0.054147736014
0.273234246600,-0.005825700034,0.002147498613,-0.017257266896
0.270606994200,-0.005853854635,0.001948544063,0.042954673338
0.267979741800,-0.006046588293,0.001846963096,0.081350179204
0.265352489400,-0.006268329173,0.001751945180,0.066206711983
0.262725237100,-0.006358335458,0.001671809271,0.044060000420
0.260097984700,-0.006474117636,0.001598510397,0.067611685641
0.257470732300,-0.006696892929,0.001533976225,0.077405795089
0.254843480000,-0.006847454997,0.001521079070,0.051835047858
0.252216227600,-0.006907945692,0.001531544345,0.038594134211
0.249588975200,-0.007048111745,0.001606261817,0.056629742453
0.246961722900,-0.007172237281,0.001604538349,0.035986743154
0.244334470500,-0.007188720963,0.001680768919,0.041727732645
0.241707218100,-0.007316108159,0.001739037353,0.052563643867
0.239079965700,-0.007313733182,0.001682214929,0.062587492564
0.236452713400,-0.007475625221,0.001702677680,0.121277490614
0.233825461000,-0.007778623324,0.001799278728,0.164862417124
0.231198208600,-0.008159678918,0.001722378376,0.189122623928
0.228570956300,-0.008600810463,0.001646281353,0.171339929683
0.225943703900,-0.008930515073,0.001623477619,0.176301296697
0.223316451500,-0.009418449671,0.001578077555,0.202750911578
0.220689199100,-0.009892380818,0.001571401234,0.184782852320
0.218061946800,-0.010306628347,0.001648259134,0.134607813079
0.215434694400,-0.010558728015,0.001603478623,0.067485464391
0.212807442000,-0.010667516151,0.001599006460,0.046701851194
0.210180189700,-0.010770540826,0.001621267014,0.012965773200
0.207552937300,-0.010719810767,0.001610442405,-0.058505309361
0.204925684900,-0.010462869193,0.001583187790,-0.084308929116
0.202298432500,-0.010258359721,0.001673056528,-0.070725192792
0.199671180200,-0.010103433777,0.001620236974,-0.068773926691
0.197043927800,-0.009940690359,0.001581111292,-0.048719284479
0.194416675400,-0.009884072654,0.001715307355,-0.029978463807
0.191789423100,-0.009855105854,0.001779816925,-0.005188714068
0.189162170700,-0.009922171891,0.001918222133,0.026600625832
0.186534918300,-0.010011875009,0.002010510009,0.030370086991
0.183907666000,-0.010072251851,0.002065026641,0.022795011990
0.181280413600,-0.010120077065,0.002267087212,0.012128215889
0.178653161200,-0.010130838172,0.002406416500,-0.013235926184
0.176025908800,-0.010008897187,0.002511294308,-0.053329356206
0.173398656500,-0.009821587530,0.002569522190,-0.052890604943
0.170771404100,-0.009695481636,0.002505422470,-0.047773003778
0.168144151700,-0.009548686961,0.002523561692,-0.054384305409
0.165516899400,-0.009366821676,0.002719953203,-0.091298252751
0.162889647000,-0.009051757048,0.002746305961,-0.119530399923
0.160262394600,-0.008742297353,0.002667241637,-0.135857056002
0.157635142200,-0.008354543374,0.002775825260,-0.174136793097
0.155007889900,-0.007849816694,0.002979115373,-0.185731065555
0.152380637500,-0.007370129633,0.003149995542,-0.161319987387
0.149753385100,-0.007019448101,0.003049701099,-0.136506161071
0.147126132800,-0.006712927189,0.003043028913,-0.107047088597
0.144498880400,-0.006465963245,0.003022919530,-0.048492959489
0.141871628000,-0.006447935103,0.002919666745,0.018745457509
0.139244375600,-0.006573078360,0.002959831674,0.042711777743
0.136617123300,-0.006712559896,0.003009889156,0.059530047372
0.133989870900,-0.006934401904,0.002969384129,0.061821083778
0.131362618500,-0.007066942788,0.002927978267,0.039746620638
0.128735366200,-0.007186129583,0.002804023027,0.061926992794
0.126108113800,-0.007437708816,0.002744864697,0.121208033075
0.123480861400,-0.007804493951,0.002659253032,0.141854433751
0.120853609000,-0.008135055816,0.002553737855,0.133135089206
0.118226356700,-0.008458293705,0.002339544471,0.142634980186
0.115599104300,-0.008882732948,0.002277746192,0.179173069216
0.112971851900,-0.009407938473,0.002371785171,0.242242192244
0.110344599600,-0.010170642247,0.002428182569,0.279052685271
0.107717347200,-0.010858103584,0.002448001151,0.210129560107
0.105090094800,-0.011243647480,0.002457888851,0.116904311267
0.102462842500,-0.011472567231,0.002558144579,0.047426606183
0.099835590100,-0.011478746291,0.002428930994,-0.010772726508
0.097208337700,-0.011409078684,0.002286281799,-0.055217738317
0.094581085300,-0.011247625079,0.002131356854,-0.067527869667
0.091953833000,-0.011106799198,0.002048178305,-0.057140767091
0.089326580600,-0.010952509231,0.001988392978,-0.095743227125
0.086699328200,-0.010711884023,0.001981972826,-0.078775915305
0.084072075900,-0.010624475396,0.002061083555,-0.040609757820
0.081444823500,-0.010546276892,0.001962473455,-0.062183159819
0.078817571100,-0.010294455829,0.001852238618,-0.067680517379
0.076190318700,-0.010205158178,0.001803469689,-0.036054639659
0.073563066400,-0.010183178177,0.001810861719,-0.020172216812
0.070935814000,-0.010198119601,0.001785478169,-0.010027999334
0.068308561600,-0.010264882140,0.001758803218,-0.001229134000
0.065681309300,-0.010306242388,0.001787629797,0.044978399096
0.063054056900,-0.010520773166,0.001907538510,0.111150991295
0.060426804500,-0.010838201122,0.001883463005,0.139564492962
0.057799552100,-0.011259330895,0.001832139991,0.180270028231
0.055172299800,-0.011810176903,0.001771794210,0.144976210897
0.052545047400,-0.012022699578,0.001716646564,0.076109328673
0.049917795000,-0.012217150098,0.001879233784,0.084336665383
0.047290542700,-0.012479426480,0.001726729718,0.127530844779
0.044663290300,-0.012799236768,0.001621831717,0.107876169538
0.042036037900,-0.012956154446,0.001602809520,0.052240124177
0.039408785500,-0.013027983390,0.001461824310,0.017820884710
0.036781533200,-0.013030349920,0.001178204707,0.016062661285
0.034154280800,-0.013066383745,0.000963698215,-0.000796332454
0.031527028400,-0.013034405405,0.000890771475,-0.041875351784
0.028899776100,-0.012873324069,0.000976985954,-0.054861163003
0.026272523700,-0.012805638816,0.001020343453,-0.096792591679
0.023645271300,-0.012474470797,0.000846163209,-0.046872419328
0.021018019000,-0.012663735475,0.000871624228,0.133075983532
0.018390766600,-0.013290288486,0.000943351666,0.158805054688
0.015763514200,-0.013613392091,0.000786612985,0.055703873567
0.013136261800,-0.013634289061,0.000700586292,-0.026253874896
0.010509009500,-0.013554242323,0.000727892734,-0.093010266764
0.007881757100,-0.013230738210,0.000766236700,-0.201917890651
0.005254504700,-0.012633689443,0.000808803560,-0.281531710268
0.002627252400,-0.011866922169,0.000674085344,-0.359989878229
0.000000000000,-0.010750284705,0.000647779613,-0.429246003550
