0.391460603250,-0.053317715848,-0.000681670592,-0.253732071153
0.388833350880,-0.052651517442,-0.001082309640,-0.048666045449
0.386206098510,-0.052834138987,-0.001142371903,0.257617722335
0.383578846140,-0.053695015489,-0.001118366579,0.381856497337
0.380951593770,-0.054793676943,-0.001054262765,0.507061476715
0.378324341400,-0.056257310802,-0.000879404354,0.238397579648
0.375697089030,-0.055970492567,-0.000746807809,-0.048879428198
0.373069836660,-0.055943303717,-0.000437787947,0.097840829016
0.370442584290,-0.056436541573,-0.000171585784,0.018920798998
0.367815331920,-0.055997506206,0.000118164081,-0.203745886975
0.365188079550,-0.055360322340,0.000574321731,-0.306465641835
0.362560827170,-0.054396317059,0.000915417014,-0.044294235597
0.359933574800,-0.055400599541,0.001357079928,-0.007168238984
0.357306322430,-0.054527477677,0.001736576681,-0.084107848028
0.354679070060,-0.055190162341,0.002146721259,0.129243688029
0.352051817690,-0.055390381241,0.002478737607,-0.005554529642
0.349424565320,-0.055210962589,0.002649307219,-0.070901450161
0.346797312950,-0.055095694575,0.002517969088,-0.012251889169
0.344170060580,-0.055127097991,0.002502498666,0.002378849973
0.341542808210,-0.055125754870,0.002619840325,0.013247133226
0.338915555840,-0.055148046388,0.002595567617,0.030495209794
0.336288303460,-0.055275602912,0.002702847585,0.022838273164
0.333661051090,-0.055271095117,0.002793122031,0.013994330445
0.331033798720,-0.055357678830,0.002783369173,0.045280370169
0.328406546350,-0.055572399780,0.002810462263,0.062784712319
0.325779293980,-0.055795772194,0.002758438007,0.048743027331
0.323152041610,-0.055939027879,0.002767236592,0.030424590678
0.320524789240,-0.055999955141,0.002917066799,0.061896487571
0.317897536870,-0.056195576916,0.002951984350,0.094926810604
0.315270284500,-0.056473856825,0.002928743520,0.073434435100
0.312643032100,-0.056567428342,0.002936625234,0.052165235819
0.310015779800,-0.056747849054,0.002966084122,0.088154400066
0.307388527400,-0.056960854193,0.002927917501,0.079899371102
0.304761275000,-0.057109893786,0.002933689229,0.070874289022
0.302134022600,-0.057322115632,0.002930005268,0.055044168609
0.299506770300,-0.057456504853,0.002902837841,0.014616660155
0.296879517900,-0.057465300336,0.003009419697,0.011349826040
0.294252265500,-0.057538369527,0.003170177358,0.022785349833
0.291625013200,-0.057656353038,0.003303837815,0.058677927433
0.288997760800,-0.057889360290,0.003245136371,0.076389487757
0.286370508400,-0.058164846722,0.003341177725,0.085463047931
0.283743256000,-0.058401377873,0.003403644723,0.043043312564
0.281116003700,-0.058497903746,0.003432915420,-0.017493438344
0.278488751300,-0.058391277658,0.003365720274,-0.068543720918
0.275861498900,-0.058198469302,0.003301416437,-0.060367771034
0.273234246600,-0.058110285568,0.003046558459,-0.065274348472
0.270606994200,-0.057925394581,0.002704741663,-0.061011702505
0.267979741800,-0.057843895082,0.002479588393,-0.021533596843
0.265352489400,-0.057848393346,0.002373729684,-0.016483890896
0.262725237100,-0.057870680171,0.002404999730,-0.004502087878
0.260097984700,-0.057942360359,0.002447157279,-0.025077148488
0.257470732300,-0.057783694555,0.002478707419,-0.062184604322
0.254843480000,-0.057615490109,0.002482243653,-0.052063596423
0.252216227600,-0.057510932208,0.002573335360,-0.022411492812
0.249588975200,-0.057505837604,0.002703570209,0.014241933578
0.246961722900,-0.057561171859,0.002743805851,0.055323702131
0.244334470500,-0.057767719607,0.002782403944,0.071963994537
0.241707218100,-0.057945215528,0.002807329530,0.048191209683
0.239079965700,-0.058004164441,0.002876268396,0.009537633526
0.236452713400,-0.058026005086,0.002889557272,0.025750874090
0.233825461000,-0.058142599092,0.002839066593,0.048382374455
0.231198208600,-0.058281496272,0.002611307389,0.022513460714
0.228570956300,-0.058286408749,0.002279542431,-0.017296800810
0.225943703900,-0.058272901739,0.002048153239,-0.026486822986
0.223316451500,-0.058240367642,0.001752321758,-0.019359254382
0.220689199100,-0.058213411471,0.001562574072,0.005561135745
0.218061946800,-0.058275279748,0.001505916354,0.059579857044
0.215434694400,-0.058481260780,0.001469002779,0.081723268412
0.212807442000,-0.058672937267,0.001438132649,0.060194562643
0.210180189700,-0.058787152861,0.001323888429,0.029694763650
0.207552937300,-0.058805588206,0.001348105358,-0.001695912614
0.204925684900,-0.058765138515,0.001349248079,-0.025215587756
0.202298432500,-0.058645138410,0.001326085674,-0.036802477866
0.199671180200,-0.058552470939,0.001312447754,-0.060348136352
0.197043927800,-0.058276213236,0.001376371917,-0.066716872245
0.194416675400,-0.058136449283,0.001475088082,-0.028921060557
0.191789423100,-0.058081540902,0.001512125631,-0.010326474750
0.189162170700,-0.058090758350,0.001546975626,0.018224254556
0.186534918300,-0.058220051996,0.001618943875,0.030815729114
0.183907666000,-0.058288850209,0.001605818864,0.024925632944
0.181280413600,-0.058329439470,0.001633907291,0.051093315504
0.178653161200,-0.058474444181,0.001768504514,0.040420066992
0.176025908800,-0.058483937008,0.001918360496,-0.007839078117
0.173398656500,-0.058430459864,0.002078580058,-0.018829444517
0.170771404100,-0.058405729339,0.002169232837,0.000198089758
0.168144151700,-0.058409089489,0.002308337160,0.029930653813
0.165516899400,-0.058489614224,0.002411424678,0.018670070305
0.162889647000,-0.058506501868,0.002513829525,-0.009063293243
0.160262394600,-0.058448390711,0.002609932239,-0.016183847577
0.157635142200,-0.058385423067,0.002708631505,-0.008906253989
0.155007889900,-0.058318968252,0.002768785771,0.009707568198
0.152380637500,-0.058387807935,0.002765582559,0.005375906991
0.149753385100,-0.058353244543,0.002682401232,-0.058155525566
0.147126132800,-0.058079815394,0.002580973400,-0.116699399701
0.144498880400,-0.057721185201,0.002484737153,-0.111937881078
0.141871628000,-0.057463655141,0.002489232376,-0.077560500265
0.139244375600,-0.057262807187,0.002465243042,-0.067360610788
0.136617123300,-0.057077535943,0.002355147215,-0.069809636711
0.133989870900,-0.056969688180,0.002189778517,-0.043874002648
0.131362618500,-0.056908751214,0.002093782585,-0.039623396740
0.128735366200,-0.056777041294,0.002078813475,-0.035594648076
0.126108113800,-0.056778244547,0.002045218595,0.025114332402
0.123480861400,-0.056968342347,0.002126634318,0.075955893960
0.120853609000,-0.057243628522,0.002304869206,0.093904011599
0.118226356700,-0.057526702020,0.002242172963,0.089297867468
0.115599104300,-0.057829869205,0.002279681737,0.133673695406
0.112971851900,-0.058317767940,0.002318970653,0.184565366048
0.110344599600,-0.058884122394,0.002469162931,0.182352308464
0.107717347200,-0.059346515930,0.002514976556,0.144973782705
0.105090094800,-0.059740701636,0.002683668209,0.132474949799
0.102462842500,-0.060113578516,0.002751124307,0.150787549367
0.099835590100,-0.060579100830,0.002723499525,0.144302428026
0.097208337700,-0.060933928695,0.002835467393,0.098429733193
0.094581085300,-0.061163571947,0.002961057434,0.057299455616
0.091953833000,-0.061309892107,0.003098363280,0.013340854679
0.089326580600,-0.061299836155,0.003163905200,-0.050310371461
0.086699328200,-0.061064199592,0.003239775223,-0.131890641838
0.084072075900,-0.060684273828,0.003554199986,-0.162751791622
0.081444823500,-0.060263659478,0.003665206277,-0.171104022771
0.078817571100,-0.059847979159,0.003668478328,-0.184902585847
0.076190318700,-0.059388051795,0.003789017999,-0.110352125920
0.073563066400,-0.059349103835,0.003836019968,-0.015360644950
0.070935814000,-0.059407551618,0.003834794042,0.021382404491
0.068308561600,-0.059583047768,0.003907129402,0.029245329372
0.065681309300,-0.059642658244,0.004119317470,0.054426722585
0.063054056900,-0.059949621419,0.004220399227,0.085541160511
0.060426804500,-0.060178098730,0.004302312789,0.044811668741
0.057799552100,-0.060268331235,0.004288413196,0.037161542849
0.055172299800,-0.060451561390,0.004188755385,0.087903679322
0.052545047400,-0.060795689332,0.004248742666,0.073049894598
0.049917795000,-0.060978426647,0.004150814794,0.048061340695
0.047290542700,-0.061296970177,0.004203059611,0.080189377954
0.044663290300,-0.061601170451,0.004239465363,0.097489229615
0.042036037900,-0.061905571443,0.004095047229,0.065085980622
0.039408785500,-0.062081689126,0.004045722243,-0.006017580587
0.036781533200,-0.062032968927,0.004010810944,-0.012115467915
0.034154280800,-0.062124547696,0.004058700485,-0.012725871184
0.031527028400,-0.062038071720,0.003950367235,-0.051623400419
0.028899776100,-0.061963996391,0.003804258889,-0.023776441042
0.026272523700,-0.062032905595,0.003584510396,-0.246443259527
0.023645271300,-0.060811830258,0.003633147401,-0.019685337657
0.021018019000,-0.062155132644,0.003503760369,0.284020312725
0.018390766600,-0.062411271147,0.003085452258,0.075631634402
0.015763514200,-0.062688009244,0.002882739098,0.070977401993
0.013136261800,-0.062907115180,0.002472555069,0.100796137281
0.010509009500,-0.063304882669,0.002272883127,0.091333958325
0.007881757100,-0.063427161554,0.002174205352,-0.047883939859
0.005254504700,-0.063099222512,0.001833289952,-0.323373735996
0.002627252400,-0.061796313771,0.001731388640,-1.404369182602
0.000000000000,-0.055757564860,0.001817363007,-2.298489339401
