0.391460603250,0.013505617097,0.000172493035,-0.130361056702
0.388833350880,0.013687272018,0.000305840877,0.245055431253
0.386206098510,0.012269721117,0.000409728129,0.223120610013
0.383578846140,0.012536893332,0.000436981959,-0.035156473070
0.380951593770,0.012472579851,0.000349714204,0.005391037817
0.378324341400,0.012470726895,0.000534606884,-0.035858962195
0.375697089030,0.012633697900,0.000569218534,-0.275099496645
0.373069836660,0.013758023000,0.000642665420,-0.439071445531
0.370442584290,0.014820396291,0.000796029267,-0.181605761083
0.367815331920,0.014645529365,0.000780466398,0.006831593261
0.365188079550,0.014728239425,0.000823964690,-0.004056418305
0.362560827170,0.014641460661,0.001013703327,-0.148683563151
0.359933574800,0.015465048861,0.001040631030,-0.324192951306
0.357306322430,0.016233887555,0.001160151365,-0.205644783357
0.354679070060,0.016406742030,0.001269456068,0.068335071241
0.352051817690,0.015777344863,0.001254388796,0.084903263460
0.349424565320,0.015880452621,0.001172254671,-0.066063683260
0.346797312950,0.016032797378,0.001091415513,-0.075105299955
0.344170060580,0.016136784715,0.001062263601,-0.042219481184
0.341542808210,0.016141344353,0.001107357872,-0.032474610330
0.338915555840,0.016229350146,0.001182737837,-0.034868557303
0.336288303460,0.016207396397,0.001407734702,-0.001953989045
0.333661051090,0.016219647439,0.001476068619,-0.029572329561
0.331033798720,0.016255916932,0.001562984239,-0.021178145138
0.328406546350,0.016192410575,0.001710650634,0.030593683551
0.325779293980,0.015992081553,0.001755273321,0.054285205531
0.323152041610,0.015803224677,0.001805201198,0.045939112630
0.320524789240,0.015703821917,0.001962608250,0.031557787635
0.317897536870,0.015589624591,0.002093001063,0.032819654651
0.315270284500,0.015470207859,0.002197700448,0.020781219435
0.312643032100,0.015395169050,0.002143850337,0.016529296497
0.310015779800,0.015301508912,0.002153598551,-0.001882276543
0.307388527400,0.015344017191,0.002270389835,-0.036965852265
0.304761275000,0.015438628158,0.002192432021,-0.001191859186
0.302134022600,0.015328688802,0.002156988958,0.051703665304
0.299506770300,0.015218709498,0.002156006764,0.049468381932
0.296879517900,0.015167046418,0.002099925694,0.029838310452
0.294252265500,0.015164554718,0.002077759380,-0.009026778041
0.291625013200,0.015266903456,0.001999269463,-0.021550791041
0.288997760800,0.015285021889,0.001855116676,-0.021574951787
0.286370508400,0.015418349159,0.001741560540,-0.062961064478
0.283743256000,0.015650117877,0.001577925352,-0.069003072275
0.281116003700,0.015831565986,0.001394124712,-0.055463024299
0.278488751300,0.016061691583,0.001286527528,-0.051990737356
0.275861498900,0.016248767532,0.001192141145,-0.023991162764
0.273234246600,0.016301734630,0.001100112278,-0.028196127849
0.270606994200,0.016482960577,0.001040873940,-0.047980791881
0.267979741800,0.016636364364,0.001067643709,-0.030610923364
0.265352489400,0.016732467662,0.000959616207,-0.008589897862
0.262725237100,0.016802966504,0.000818028754,-0.002222842235
0.260097984700,0.016888510313,0.000862809172,-0.007134358423
0.257470732300,0.016993272661,0.000819162462,0.017760472328
0.254843480000,0.016924186040,0.000743521457,0.071134376582
0.252216227600,0.016681024897,0.000864570237,0.097480068298
0.249588975200,0.016413036067,0.000891759028,0.119330076072
0.246961722900,0.016024621727,0.000771237606,0.181819212372
0.244334470500,0.015444515144,0.000664493120,0.228104994584
0.241707218100,0.014850631316,0.000639400295,0.222835935739
0.239079965700,0.014346644438,0.000667682940,0.185245014617
0.236452713400,0.013962300372,0.000651949849,0.142098092600
0.233825461000,0.013664119782,0.000700018173,0.114312354833
0.231198208600,0.013441804927,0.000715999473,0.092801915468
0.228570956300,0.013253430193,0.000869289018,0.057458351285
0.225943703900,0.013226006595,0.000883933428,0.017907287275
0.223316451500,0.013222425154,0.000769447150,0.000691719523
0.220689199100,0.013244972383,0.000818150495,-0.015013629895
0.218061946800,0.013307008333,0.000912346321,-0.011465132318
0.215434694400,0.013324384116,0.000943564362,0.020668542300
0.212807442000,0.013254973456,0.000933664134,0.039741353301
0.210180189700,0.013173728705,0.000900847045,0.045187795583
0.207552937300,0.013066005768,0.000845596158,0.100277700600
0.204925684900,0.012656437860,0.000811495263,0.169648989533
0.202298432500,0.012167435682,0.000837845186,0.185429758784
0.199671180200,0.011748638601,0.000821846931,0.145776713232
0.197043927800,0.011461382787,0.000877632781,0.123338330681
0.194416675400,0.011181371914,0.000977315901,0.108002022838
0.191789423100,0.010980896723,0.001052572873,0.048322888557
0.189162170700,0.011017585793,0.001144464249,-0.020371731214
0.186534918300,0.011163144018,0.001239657303,-0.043586848141
0.183907666000,0.011309174437,0.001242917143,-0.079946687588
0.181280413600,0.011625055198,0.001284110600,-0.098588041205
0.178653161200,0.011842150670,0.001253366140,-0.068866829234
0.176025908800,0.011977449757,0.001196648497,-0.057622736834
0.173398656500,0.012142810969,0.001288143279,-0.051853719245
0.170771404100,0.012229648367,0.001241581538,-0.060569195775
0.168144151700,0.012374234763,0.001194971340,-0.062103330946
0.165516899400,0.012422665058,0.001240521632,-0.033700655240
0.162889647000,0.012451355630,0.001108705904,-0.036369281515
0.160262394600,0.012442553471,0.001017193458,-0.034737582351
0.157635142200,0.012426870688,0.001002995836,-0.051897610969
0.155007889900,0.012499632129,0.000896551095,-0.027222206579
0.152380637500,0.012386062127,0.000700818604,0.019882690034
0.149753385100,0.012209396299,0.000511865149,0.024713130270
0.147126132800,0.012056423383,0.000485421830,0.007303998736
0.144498880400,0.011942560393,0.000439257974,0.018602410494
0.141871628000,0.011716705475,0.000389849772,0.012603935205
0.139244375600,0.011666753415,0.000356301454,-0.029542228361
0.136617123300,0.011704646700,0.000255228759,-0.056056527984
0.133989870900,0.011847920999,0.000191231212,-0.124661069394
0.131362618500,0.012141105355,0.000148100750,-0.182852558286
0.128735366200,0.012594845384,0.000161464622,-0.201504113875
0.126108113800,0.012992233903,0.000166264398,-0.160030720037
0.123480861400,0.013250068869,0.000083705817,-0.128061126398
0.120853609000,0.013506002851,-0.000010581813,-0.116347168684
0.118226356700,0.013744716539,-0.000025453548,-0.068690642995
0.115599104300,0.013835145084,0.000138404228,0.003189793518
0.112971851900,0.013746446820,0.000358426291,0.099553002536
0.110344599600,0.013478785333,0.000654260960,0.149219146503
0.107717347200,0.013138353209,0.000748993741,0.142681061630
0.105090094800,0.012779991118,0.000810107270,0.112497701547
0.102462842500,0.012618121106,0.000844466553,0.089531857249
0.099835590100,0.012410438965,0.000856402568,0.104713541778
0.097208337700,0.012175247432,0.000930440575,0.107506605078
0.094581085300,0.012033247211,0.001048221006,0.146023244113
0.091953833000,0.011585011458,0.001124283915,0.203772684445
0.089326580600,0.011135942324,0.001248080252,0.161012701498
0.086699328200,0.010848892575,0.001367624205,0.099768432081
0.084072075900,0.010680575337,0.001546994344,0.081344632688
0.081444823500,0.010518442870,0.001699006249,0.072624378365
0.078817571100,0.010420591593,0.001757615121,0.086582211570
0.076190318700,0.010262735699,0.001682661297,0.095817928058
0.073563066400,0.010174433007,0.001840126332,0.030934303831
0.070935814000,0.010382151809,0.001787190603,-0.026164069484
0.068308561600,0.010550535773,0.001640465429,-0.009465931383
0.065681309300,0.010706375839,0.001681653506,-0.000873373440
0.063054056900,0.010788326084,0.001354529798,-0.070484263394
0.060426804500,0.011214749319,0.001381960869,-0.143136926425
0.057799552100,0.011649192403,0.001283714044,-0.067242958943
0.055172299800,0.011747456573,0.001131281345,0.050979712333
0.052545047400,0.011609990072,0.001031968038,0.121343912653
0.049917795000,0.011334179830,0.001009154288,0.158326473300
0.047290542700,0.010977811299,0.001017199176,0.167606815014
0.044663290300,0.010639916203,0.000986501812,0.177701030927
0.042036037900,0.010198239340,0.001010687807,0.180437579561
0.039408785500,0.009774820629,0.001118471374,0.154345093075
0.036781533200,0.009454465775,0.000954508726,0.123198148480
0.034154280800,0.009207375220,0.000715262579,0.110881681983
0.031527028400,0.008958439533,0.000583450216,0.098180196713
0.028899776100,0.008841202120,0.000627412668,0.072538885110
0.026272523700,0.008683143351,0.000573461669,0.275776657571
0.023645271300,0.007549023102,0.000441666752,0.279478036881
0.021018019000,0.007405270540,0.000436961366,-0.037362042371
0.018390766600,0.007978753304,0.000368849050,-0.107388797261
0.015763514200,0.008129056437,0.000315797766,0.000026464917
0.013136261800,0.008091470394,0.000180193592,0.017333599456
0.010509009500,0.008090290007,0.000019569781,-0.001222057802
0.007881757100,0.008243869556,-0.000186491772,-0.079024901724
0.005254504700,0.008651287340,-0.000215648770,-0.105751887243
0.002627252400,0.008897290780,-0.000397587990,-0.044855178922
0.000000000000,0.008937483587,-0.000306544005,-0.025353882231
