0.391460603250,-0.033947453829,0.000212405929,0.287149054523
0.388833350880,-0.034738232752,-0.000063530451,0.283287429428
0.386206098510,-0.035427491543,0.000050128682,0.222248354864
0.383578846140,-0.035935523097,-0.000043878925,0.329956225898
0.380951593770,-0.037122048202,0.000147942659,0.376537920071
0.378324341400,-0.037867836054,0.000380357109,0.192294701918
0.375697089030,-0.038130099812,0.000479136166,0.040887389291
0.373069836660,-0.038065828603,0.000535255284,-0.026280715399
0.370442584290,-0.037966476966,0.000633427307,-0.075592255626
0.367815331920,-0.037612182720,0.000746091510,-0.148498757669
0.365188079550,-0.037145718187,0.000942925375,-0.174187434055
0.362560827170,-0.036605248318,0.001075435159,-0.179290345893
0.359933574800,-0.036250645181,0.001186690158,-0.118306767032
0.357306322430,-0.036046264785,0.001368918168,-0.100524458528
0.354679070060,-0.035805436809,0.001651908498,-0.141823610519
0.352051817690,-0.035443264975,0.001848107093,-0.161815476932
0.349424565320,-0.035122641207,0.002020663942,-0.144831419846
0.346797312950,-0.034881193781,0.001955706759,-0.103835201642
0.344170060580,-0.034763035558,0.001866785479,-0.068705929694
0.341542808210,-0.034622729992,0.001910611514,-0.055100735573
0.338915555840,-0.034552544868,0.002024144136,-0.033375393281
0.336288303460,-0.034573172130,0.002069064334,-0.000321508701
0.333661051090,-0.034660024283,0.002116365277,0.038468530822
0.331033798720,-0.034855856956,0.002238850167,0.043622177241
0.328406546350,-0.034973041979,0.002289006911,0.040441986296
0.325779293980,-0.035134279294,0.002398495106,0.042925952786
0.323152041610,-0.035309462477,0.002469007611,0.043261451180
0.320524789240,-0.035437136964,0.002450430211,0.036762474561
0.317897536870,-0.035601190330,0.002390156187,0.027883415947
0.315270284500,-0.035732704201,0.002434392007,0.034824155155
0.312643032100,-0.035945118395,0.002444280754,0.046621184921
0.310015779800,-0.036106143980,0.002508574559,0.046232545825
0.307388527400,-0.036249932491,0.002423424317,0.039219304759
0.304761275000,-0.036345640263,0.002410492370,0.030384508537
0.302134022600,-0.036468146775,0.002364699305,0.037802938152
0.299506770300,-0.036596717263,0.002441987784,0.023411242783
0.296879517900,-0.036642659382,0.002542756083,-0.016612665610
0.294252265500,-0.036594607135,0.002508072670,-0.035073032794
0.291625013200,-0.036521171837,0.002476227312,-0.030650763595
0.288997760800,-0.036487237679,0.002536477120,-0.036709464566
0.286370508400,-0.036354065155,0.002474526683,-0.035634478896
0.283743256000,-0.036316252886,0.002374678191,-0.032799582788
0.281116003700,-0.036208059818,0.002326357523,-0.051498717577
0.278488751300,-0.036045150210,0.002280908697,-0.058569830057
0.275861498900,-0.035946746263,0.002209886481,-0.044432900292
0.273234246600,-0.035868293726,0.002022190487,-0.039933557176
0.270606994200,-0.035855381017,0.001786268825,-0.017210430073
0.267979741800,-0.035833636760,0.001596221862,-0.018794196935
0.265352489400,-0.035789862983,0.001396881184,-0.026432805342
0.262725237100,-0.035734491133,0.001322359858,0.015747840451
0.260097984700,-0.035918828727,0.001353553080,0.047883819114
0.257470732300,-0.035998903584,0.001349051925,0.015905507292
0.254843480000,-0.036039962438,0.001349289551,0.038725466647
0.252216227600,-0.036242681586,0.001341598545,0.081363801708
0.249588975200,-0.036462645310,0.001413781355,0.071934210553
0.246961722900,-0.036601278731,0.001435264545,0.086463548005
0.244334470500,-0.036810088906,0.001445792890,0.093844847329
0.241707218100,-0.036999686452,0.001541756686,0.055401821550
0.239079965700,-0.037095008117,0.001615878651,0.055628366326
0.236452713400,-0.037338920388,0.001670697263,0.059527316480
0.233825461000,-0.037491202843,0.001670719196,0.044296359552
0.231198208600,-0.037617691306,0.001625355899,0.014310952300
0.228570956300,-0.037660923514,0.001558429559,0.034259610576
0.225943703900,-0.037855014447,0.001388086977,0.091898171980
0.223316451500,-0.038136489248,0.001398860632,0.094811966408
0.220689199100,-0.038416027971,0.001297749324,0.120811884690
0.218061946800,-0.038804429579,0.001211401749,0.159625033340
0.215434694400,-0.039242331916,0.001286661154,0.163436164837
0.212807442000,-0.039642705560,0.001295034487,0.158093391925
0.210180189700,-0.040067498111,0.001269783969,0.140123496181
0.207552937300,-0.040389059990,0.001291441043,0.090141163106
0.204925684900,-0.040566047100,0.001294098265,0.050734883984
0.202298432500,-0.040618253906,0.001268832301,0.016009713676
0.199671180200,-0.040629911636,0.001377669270,-0.010192281377
0.197043927800,-0.040572613474,0.001488653345,-0.025215492327
0.194416675400,-0.040470095564,0.001608010449,-0.023823103757
0.191789423100,-0.040383676693,0.001604148472,-0.030046085432
0.189162170700,-0.040240167467,0.001631116709,-0.041753900921
0.186534918300,-0.040097106221,0.001818778727,-0.039746985130
0.183907666000,-0.039972501019,0.001840921238,-0.027163096406
0.181280413600,-0.039912232539,0.001908055009,-0.000039071640
0.178653161200,-0.039946822909,0.001969342098,-0.002739603945
0.176025908800,-0.039891148870,0.002057718098,-0.036138364042
0.173398656500,-0.039847662467,0.002099235972,-0.017037824199
0.170771404100,-0.039885385327,0.002115287774,-0.004622372727
0.168144151700,-0.039869878609,0.002215024499,-0.018032186519
0.165516899400,-0.039868355991,0.002352672822,-0.022740277791
0.162889647000,-0.039849228318,0.002371037497,-0.043372697835
0.160262394600,-0.039764309531,0.002352116469,-0.025977445297
0.157635142200,-0.039823633874,0.002402967214,0.001425041809
0.155007889900,-0.039903957822,0.002440275948,-0.024803683716
0.152380637500,-0.039817893782,0.002503090960,-0.082978855740
0.149753385100,-0.039595134825,0.002604208197,-0.141453359779
0.147126132800,-0.039220795239,0.002611433992,-0.147797017908
0.144498880400,-0.038953438783,0.002657133916,-0.158345933331
0.141871628000,-0.038512872263,0.002657579646,-0.212670676817
0.139244375600,-0.037939604006,0.002742320451,-0.201548242995
0.136617123300,-0.037555015657,0.002803337627,-0.169715398606
0.133989870900,-0.037088888181,0.002855003618,-0.161771171821
0.131362618500,-0.036731021926,0.002949357303,-0.109221581514
0.128735366200,-0.036529310295,0.002950525918,-0.033177688613
0.126108113800,-0.036557565394,0.002899353197,0.016995003397
0.123480861400,-0.036581268214,0.002852507325,0.000811627685
0.120853609000,-0.036568398330,0.002848189643,0.048869030677
0.118226356700,-0.036872019652,0.002883807849,0.117365553069
0.115599104300,-0.037222423859,0.002787629701,0.159216387438
0.112971851900,-0.037693878809,0.002680727672,0.157258626724
0.110344599600,-0.038038402977,0.002562712237,0.108711452715
0.107717347200,-0.038263435077,0.002411480391,0.104349946605
0.105090094800,-0.038589363501,0.002417171906,0.110374293203
0.102462842500,-0.038880009701,0.002396924971,0.146497984197
0.099835590100,-0.039390265709,0.002380557149,0.215093154071
0.097208337700,-0.040029272515,0.002490589731,0.212975158027
0.094581085300,-0.040525595184,0.002408180375,0.169586173467
0.091953833000,-0.041020302584,0.002258153256,0.141212690338
0.089326580600,-0.041349209587,0.002122613826,0.090245687349
0.086699328200,-0.041495497318,0.002083391900,0.017474734741
0.084072075900,-0.041465274458,0.002094824033,-0.025622864679
0.081444823500,-0.041372632488,0.002067314904,-0.067504829386
0.078817571100,-0.041110314870,0.001968597755,-0.099092567922
0.076190318700,-0.040879889532,0.001897857472,-0.116200266718
0.073563066400,-0.040541614728,0.001874103473,-0.126869590772
0.070935814000,-0.040304106641,0.001874601669,-0.110117365085
0.068308561600,-0.040088308061,0.001814278815,-0.043239210482
0.065681309300,-0.040120480484,0.001674822230,0.007590306215
0.063054056900,-0.040157904960,0.001674804954,0.034243312632
0.060426804500,-0.040320102537,0.001744050822,0.090459906794
0.057799552100,-0.040666431561,0.001829140382,0.141579914214
0.055172299800,-0.041106377587,0.001760538351,0.142072697548
0.052545047400,-0.041504691705,0.001743433602,0.141046855323
0.049917795000,-0.041971777990,0.001725257142,0.146382771189
0.047290542700,-0.042334582063,0.001620922812,0.103342504244
0.044663290300,-0.042617916142,0.001554535410,0.114699949729
0.042036037900,-0.043073122439,0.001452178174,0.131535992458
0.039408785500,-0.043349395774,0.001360829860,0.064480273849
0.036781533200,-0.043470222840,0.001330562378,0.053138681776
0.034154280800,-0.043708644778,0.001362395744,0.056606754957
0.031527028400,-0.043837825510,0.001351205187,-0.002492835908
0.028899776100,-0.043702728644,0.001291883236,-0.083597077587
0.026272523700,-0.043433765685,0.001142512359,-0.050730067593
0.023645271300,-0.043403832215,0.001191239491,0.024057137525
0.021018019000,-0.043530195086,0.001237815796,0.054257504050
0.018390766600,-0.043674004149,0.001279403397,0.045049702760
0.015763514200,-0.043740805854,0.001167179460,0.041533897754
0.013136261800,-0.043842652267,0.001000690959,0.005790482156
0.010509009500,-0.043740028434,0.000889663471,-0.064655581728
0.007881757100,-0.043450395534,0.000780843017,-0.139841371170
0.005254504700,-0.042933667275,0.000725517578,-0.207690014590
0.002627252400,-0.042244752970,0.000768489389,-1.318363723419
0.000000000000,-0.035848739029,0.000775732435,-2.406572679011
