0.391460603250,0.045029282229,0.000098803134,-0.764252316680
0.388833350880,0.046939389277,-0.000274848117,-0.267469680999
0.386206098510,0.046345978865,-0.000503663530,0.029305783397
0.383578846140,0.046695630521,-0.000693108047,-0.023368838342
0.380951593770,0.046564982490,-0.000706604612,-0.072011854651
0.378324341400,0.047202989828,-0.000260110289,-0.206792984097
0.375697089030,0.047719199579,-0.000002180306,0.231959506664
0.373069836660,0.045964066947,0.000286402622,0.190720200530
0.370442584290,0.046638090406,0.000927010656,-0.312269356476
0.367815331920,0.048035743334,0.000914677626,-0.048107333718
0.365188079550,0.046812333059,0.001233422389,-0.101592051523
0.362560827170,0.048561121807,0.001474089549,-0.639395113337
0.359933574800,0.050170381411,0.001642498930,-0.419674865418
0.357306322430,0.050736450356,0.002079721943,-0.205589982542
0.354679070060,0.051231905688,0.002358487871,-0.182956471545
0.352051817690,0.051686922457,0.002504048145,-0.125720423920
0.349424565320,0.051871791651,0.002618247092,-0.144923091744
0.346797312950,0.052378496859,0.002639173480,-0.115138297845
0.344170060580,0.052458087140,0.002658358029,0.005037639998
0.341542808210,0.052295903543,0.002641619917,0.053048917595
0.338915555840,0.052124709232,0.002692381313,0.040121508856
0.336288303460,0.052013859170,0.002755377421,0.024332849013
0.333661051090,0.051911494711,0.002778574802,0.028946617213
0.331033798720,0.051822249611,0.002885638121,0.054647302108
0.328406546350,0.051605656652,0.002864423905,0.065182571318
0.325779293980,0.051414058505,0.002866198872,0.050115893244
0.323152041610,0.051344319316,0.002820067257,0.060617005907
0.320524789240,0.051196166586,0.002902957620,0.061939780030
0.317897536870,0.051096046334,0.002867217725,0.031330138869
0.315270284500,0.050916638302,0.002899775709,0.014372179518
0.312643032100,0.050847046788,0.002924228044,0.038650616972
0.310015779800,0.050724161192,0.002876368304,0.057518154635
0.307388527400,0.050574482417,0.002863078376,0.034795281464
0.304761275000,0.050557830433,0.002963010732,0.054773294937
0.302134022600,0.050294746011,0.002909324775,0.111576150368
0.299506770300,0.049992592999,0.002811960388,0.095442042776
0.296879517900,0.049771897980,0.002827537635,0.050198697757
0.294252265500,0.049705951818,0.002749925336,0.053371356086
0.291625013200,0.049512856583,0.002624948445,0.074370405066
0.288997760800,0.049329731873,0.002489347232,0.017615512277
0.286370508400,0.049309809676,0.002237701367,-0.022401855919
0.283743256000,0.049385391869,0.002271244953,-0.027347268008
0.281116003700,0.049437308282,0.002461711385,-0.001420811570
0.278488751300,0.049317877840,0.002505926679,0.054969158349
0.275861498900,0.049153763208,0.002417801711,0.038458842795
0.273234246600,0.049096857076,0.002339387559,0.000566540008
0.270606994200,0.049098498769,0.002275159276,-0.023550411152
0.267979741800,0.049213695038,0.002226096397,-0.087906452250
0.265352489400,0.049508835511,0.002124265064,-0.123432285025
0.262725237100,0.049791562743,0.001946682730,-0.106480952598
0.260097984700,0.050024457040,0.001950613938,-0.089593185155
0.257470732300,0.050235767063,0.001950773889,-0.075767928759
0.254843480000,0.050397606040,0.001983503892,-0.037742364257
0.252216227600,0.050381914268,0.002057245391,-0.002059823444
0.249588975200,0.050321944856,0.002025461582,0.013115046227
0.246961722900,0.050232794932,0.001957728564,0.035143195543
0.244334470500,0.050073554212,0.001894002028,0.060862964220
0.241707218100,0.049834768457,0.001852985123,0.068240508696
0.239079965700,0.049630519009,0.001942276110,0.057052193043
0.236452713400,0.049453182655,0.001879658270,0.067428562981
0.233825461000,0.049276154705,0.001748583256,0.060974751100
0.231198208600,0.049133245888,0.001590988953,0.031937365191
0.228570956300,0.049088420836,0.001431109438,0.005581908435
0.225943703900,0.049056035646,0.001373921519,0.008472663359
0.223316451500,0.048962452288,0.001238280835,-0.000914301460
0.220689199100,0.048939999228,0.001172996104,-0.015087141654
0.218061946800,0.048914603257,0.000961385830,-0.026674663072
0.215434694400,0.048973929508,0.000801343734,-0.034860309372
0.212807442000,0.049014712528,0.000717478865,-0.019909618093
0.210180189700,0.048979516684,0.000679130403,-0.011176382883
0.207552937300,0.049027570941,0.000587838873,-0.018669342788
0.204925684900,0.049032353081,0.000523842393,-0.028537702304
0.202298432500,0.049171378012,0.000475115910,-0.045114075262
0.199671180200,0.049302510238,0.000396823136,-0.045395380860
0.197043927800,0.049454567279,0.000344070258,-0.033886294337
0.194416675400,0.049562445759,0.000437072970,-0.020288626402
0.191789423100,0.049681538165,0.000501873163,-0.005531632052
0.189162170700,0.049834511838,0.000440133065,-0.026885535825
0.186534918300,0.049907980377,0.000417963581,-0.015393241724
0.183907666000,0.049981487802,0.000576715739,-0.002220829634
0.181280413600,0.050006573461,0.000691061455,0.038655955738
0.178653161200,0.049938846731,0.000732480469,0.043348168863
0.176025908800,0.049885164206,0.000723456208,0.026699468105
0.173398656500,0.049866299729,0.000749313421,-0.001779019103
0.170771404100,0.049892905931,0.000793313900,0.010564106208
0.168144151700,0.049867594139,0.000757730362,0.036861939848
0.165516899400,0.049773634456,0.000835552026,0.038545819695
0.162889647000,0.049702699723,0.000809026534,0.034629926343
0.160262394600,0.049594956937,0.000755745568,0.040395192073
0.157635142200,0.049462682046,0.000946780173,0.030087984321
0.155007889900,0.049405443443,0.001227154030,0.012670006783
0.152380637500,0.049407072545,0.001357097050,0.010582980405
0.149753385100,0.049361826525,0.001323304768,0.015482517707
0.147126132800,0.049372958136,0.001247974587,-0.007245345035
0.144498880400,0.049454324344,0.001157748581,-0.056955879766
0.141871628000,0.049702641589,0.001191711372,-0.121194485645
0.139244375600,0.050130160017,0.001152969847,-0.121031609391
0.136617123300,0.050437536610,0.001103037847,-0.072670031953
0.133989870900,0.050575298813,0.000993089656,-0.059222584147
0.131362618500,0.050817167608,0.000940945709,-0.079948497479
0.128735366200,0.051072589517,0.000990025652,-0.056298514646
0.126108113800,0.051147321747,0.000919853344,-0.006085713197
0.123480861400,0.051140784951,0.000839837145,-0.002554467213
0.120853609000,0.051174667113,0.000777425175,0.024195484851
0.118226356700,0.051007792585,0.000784240486,0.064052141307
0.115599104300,0.050810570238,0.000912789301,0.088805372268
0.112971851900,0.050473476590,0.000957394266,0.122912853973
0.110344599600,0.050122389355,0.001045457348,0.123361990678
0.107717347200,0.049818262876,0.001056314817,0.165446702939
0.105090094800,0.049271606014,0.000955982046,0.190004181978
0.102462842500,0.048838123060,0.001008297611,0.146032037473
0.099835590100,0.048450187853,0.001090496693,0.130315823373
0.097208337700,0.048009752673,0.001108045713,0.139701621103
0.094581085300,0.047611282540,0.001122632686,0.129983669430
0.091953833000,0.047320354910,0.001072631938,0.068015085103
0.089326580600,0.047184380266,0.001156779881,0.046585550628
0.086699328200,0.047037662283,0.001154107894,0.002260840509
0.084072075900,0.047133445954,0.001206471818,-0.059977392440
0.081444823500,0.047338470654,0.001267732652,-0.050128996585
0.078817571100,0.047387800192,0.001372261956,-0.051312518008
0.076190318700,0.047554986506,0.001456545320,-0.098549490221
0.073563066400,0.047834696291,0.001521844824,-0.137505474083
0.070935814000,0.048232530149,0.001586856203,-0.153939201970
0.068308561600,0.048634813604,0.001790057018,-0.124147246876
0.065681309300,0.048918759693,0.001855267526,-0.112021761848
0.063054056900,0.049119140319,0.001876915721,-0.062776211669
0.060426804500,0.049120823310,0.002055702326,0.004637839133
0.057799552100,0.048989331370,0.002009458245,0.035225930400
0.055172299800,0.048865512922,0.001960267071,0.027608013385
0.052545047400,0.048742496779,0.001964678065,0.044395458348
0.049917795000,0.048472938677,0.002007176085,0.065038141690
0.047290542700,0.048268674282,0.002055925123,0.088664085965
0.044663290300,0.047884099109,0.002052442952,0.114868171759
0.042036037900,0.047568808409,0.002031770764,0.099952569006
0.039408785500,0.047276410840,0.002045765872,0.116720798125
0.036781533200,0.046849931407,0.002058706855,0.077926470657
0.034154280800,0.046743308201,0.002001028081,0.016155644239
0.031527028400,0.046703755009,0.001878127909,0.031558338194
0.028899776100,0.046548193769,0.001938367159,0.018096632132
0.026272523700,0.046538294942,0.001886821964,-0.015994336683
0.023645271300,0.046480286978,0.001675018563,-0.009589175928
0.021018019000,0.046494483027,0.001489119238,-0.016357176994
0.018390766600,0.046492094588,0.001382745382,-0.004515518137
0.015763514200,0.046440823442,0.001272030749,0.090657659177
0.013136261800,0.046010607435,0.001167993060,0.113630764724
0.010509009500,0.045813348685,0.001051862862,0.023974300830
0.007881757100,0.045752694127,0.000791753170,-0.080506022999
0.005254504700,0.046098622838,0.000497821612,-0.112632873729
0.002627252400,0.046265840231,0.000437908105,0.569867659148
0.000000000000,0.043088786581,0.000427120308,1.176159277097
