0.391460603250,0.018746447161,0.000065528594,-0.569720227460
0.388833350880,0.020041076930,-0.000557897614,-0.022476356663
0.386206098510,0.018747020875,-0.000758671663,0.371044039324
0.383578846140,0.018094403069,-0.000712101778,0.387928082864
0.380951593770,0.016599172644,-0.000761519900,0.075308504094
0.378324341400,0.017670074971,-0.000473506222,-0.375587589308
0.375697089030,0.018471869833,-0.000140972908,-0.140377855663
0.373069836660,0.018286756813,0.000207770267,0.095730657032
0.370442584290,0.017907435288,0.000472055827,-0.166009930601
0.367815331920,0.019152978640,0.000801725919,-0.378057521991
0.365188079550,0.019894205512,0.001139743243,-0.247771625436
0.362560827170,0.020457626862,0.001462231871,-0.184454510913
0.359933574800,0.020857233254,0.001851283945,-0.113884766585
0.357306322430,0.021126963438,0.002368955761,-0.082147856674
0.354679070060,0.021357135383,0.002690002939,-0.060257903785
0.352051817690,0.021504123032,0.002872160120,-0.033859662630
0.349424565320,0.021592109967,0.003037172711,-0.000955841588
0.346797312950,0.021586501814,0.003027855183,0.011472638600
0.344170060580,0.021494963643,0.003111925604,0.061704764008
0.341542808210,0.021294678272,0.003064360313,0.066206570313
0.338915555840,0.021115325339,0.003104626597,0.078025824085
0.336288303460,0.020939341011,0.002986783956,0.067781199951
0.333661051090,0.020786633366,0.002964198889,0.067387456041
0.331033798720,0.020577459833,0.002958756349,0.082558060938
0.328406546350,0.020417321795,0.002895739076,0.067089717499
0.325779293980,0.020296866398,0.002864540198,0.076484132664
0.323152041610,0.020122846494,0.002803503592,0.075675691627
0.320524789240,0.019965039338,0.002837089114,0.083650857002
0.317897536870,0.019760636047,0.002757427798,0.064211882630
0.315270284500,0.019707270766,0.002594090422,0.052645254587
0.312643032100,0.019629601807,0.002643592068,0.061027760983
0.310015779800,0.019549141030,0.002648283519,0.049273204300
0.307388527400,0.019534462068,0.002753586875,0.040245264917
0.304761275000,0.019459698019,0.002762804527,0.058835526487
0.302134022600,0.019278474364,0.002715751127,0.060829393048
0.299506770300,0.019225596906,0.002879381483,0.044897324891
0.296879517900,0.019121130713,0.002935814088,0.098166269714
0.294252265500,0.018801472827,0.003025526542,0.125037437871
0.291625013200,0.018533070067,0.003057884839,0.087294723076
0.288997760800,0.018290409575,0.003074313139,0.081909408135
0.286370508400,0.018042235172,0.003190116048,0.091325190238
0.283743256000,0.017835585283,0.003251173265,0.058618696460
0.281116003700,0.017806821526,0.003306797082,0.043810189099
0.278488751300,0.017671148493,0.003367964308,0.038363222459
0.275861498900,0.017632049590,0.003121277116,-0.003063337595
0.273234246600,0.017629571098,0.002961400902,-0.019129800252
0.270606994200,0.017646430573,0.002831656703,-0.067295129862
0.267979741800,0.017855693409,0.002723849438,-0.115337167047
0.265352489400,0.018024583147,0.002604582497,-0.124450840636
0.262725237100,0.018299413100,0.002509744169,-0.144176101492
0.260097984700,0.018612830257,0.002516692230,-0.116787754030
0.257470732300,0.018705826385,0.002444134952,-0.070732830407
0.254843480000,0.018730296753,0.002496941708,-0.050717311753
0.252216227600,0.018792538627,0.002496295904,-0.059051333416
0.249588975200,0.018850297813,0.002541157278,-0.052584697750
0.246961722900,0.018873713421,0.002597797900,-0.015335131582
0.244334470500,0.018797751772,0.002674499087,0.000089584257
0.241707218100,0.018753998380,0.002754676951,-0.006400372677
0.239079965700,0.018703919173,0.002818593809,-0.033523822484
0.236452713400,0.018768295303,0.002682174533,-0.062746452191
0.233825461000,0.018877548198,0.002466764813,-0.092334307815
0.231198208600,0.019055383704,0.002282279136,-0.098329762462
0.228570956300,0.019184789989,0.002055843134,-0.097501337886
0.225943703900,0.019376193665,0.001847856901,-0.092828735663
0.223316451500,0.019481181584,0.001640959930,-0.052162057150
0.220689199100,0.019496285706,0.001515669488,-0.032575981574
0.218061946800,0.019501125072,0.001457641831,-0.018972099257
0.215434694400,0.019403042834,0.001322582701,0.027172743410
0.212807442000,0.019189914466,0.001152781215,0.046930614637
0.210180189700,0.019019365314,0.001097062837,0.034642572815
0.207552937300,0.018889605745,0.001060547149,0.009820566620
0.204925684900,0.018872081723,0.000971768793,-0.069901351835
0.202298432500,0.019119000231,0.000934075686,-0.137289987023
0.199671180200,0.019444798168,0.000970058187,-0.142249588616
0.197043927800,0.019738065361,0.000964136910,-0.124412597000
0.194416675400,0.019926936272,0.000938237509,-0.086742714359
0.191789423100,0.020082009569,0.000985809501,-0.029643258275
0.189162170700,0.020041644759,0.001074427010,0.005732720065
0.186534918300,0.020026534780,0.001129736260,-0.028979041343
0.183907666000,0.020119544027,0.001239282094,-0.041700685975
0.181280413600,0.020161009215,0.001265646345,-0.031568633381
0.178653161200,0.020149815346,0.001401302319,-0.029186477198
0.176025908800,0.020174535842,0.001577849855,-0.041328770946
0.173398656500,0.020259560488,0.001672153485,-0.052334932453
0.170771404100,0.020331433078,0.001836789257,-0.022685858093
0.168144151700,0.020291620812,0.002103782126,0.018698009743
0.165516899400,0.020199479462,0.002230571150,0.021142619823
0.162889647000,0.020126444581,0.002334084375,0.025139452810
0.160262394600,0.020018807358,0.002377737317,0.055405839881
0.157635142200,0.019827674660,0.002426034845,0.056650829128
0.155007889900,0.019712646994,0.002366529552,0.045483336479
0.152380637500,0.019586314800,0.002153106262,0.031410936997
0.149753385100,0.019541083771,0.002038601772,-0.025853078046
0.147126132800,0.019700675548,0.001938853288,-0.072370042043
0.144498880400,0.019909702932,0.001804644357,-0.080230290606
0.141871628000,0.020129969498,0.001688145958,-0.073115738552
0.139244375600,0.020260309127,0.001575602400,-0.052399989557
0.136617123300,0.020383840176,0.001450575241,-0.043669554751
0.133989870900,0.020487956501,0.001349668497,-0.034879651383
0.131362618500,0.020528937032,0.001412497149,-0.027508615310
0.128735366200,0.020542943577,0.001412305536,-0.016751031054
0.126108113800,0.020502808228,0.001568455520,0.031035457701
0.123480861400,0.020280946559,0.001660856284,0.057151636591
0.120853609000,0.020081088957,0.001670808308,0.059414747408
0.118226356700,0.019870301021,0.001678145997,0.064073014107
0.115599104300,0.019631253594,0.001755648093,0.077149992573
0.112971851900,0.019330567346,0.001843401779,0.114857543494
0.110344599600,0.018970485826,0.001923750588,0.097265545718
0.107717347200,0.018791906716,0.002035367042,0.093115817321
0.105090094800,0.018442645894,0.001945606244,0.116699114137
0.102462842500,0.018102970272,0.001988441067,0.134020476601
0.099835590100,0.017724045660,0.002114497128,0.105559438933
0.097208337700,0.017533534256,0.002120717902,0.024801276711
0.094581085300,0.017551012610,0.002196491643,-0.012696112996
0.091953833000,0.017625959398,0.002292011369,-0.076283403332
0.089326580600,0.017976347983,0.002428661470,-0.159508576808
0.086699328200,0.018490924204,0.002639951837,-0.167459070033
0.084072075900,0.018895021022,0.002679012278,-0.144265084458
0.081444823500,0.019277998889,0.002635306493,-0.092088742828
0.078817571100,0.019398273867,0.002822451814,-0.008173015359
0.076190318700,0.019299427435,0.002872500506,0.046815374943
0.073563066400,0.019099030264,0.002823074889,0.039632472336
0.070935814000,0.019048759561,0.002897870930,0.009116550044
0.068308561600,0.019018347405,0.003057825945,0.004187341510
0.065681309300,0.019037459554,0.002968339690,0.021925800575
0.063054056900,0.018919732441,0.002775344826,0.070605180733
0.060426804500,0.018688138209,0.002880075188,0.089301046040
0.057799552100,0.018480925514,0.002863238514,0.054098354543
0.055172299800,0.018448442271,0.002890442357,0.044180518371
0.052545047400,0.018324340030,0.002877376926,0.089233875576
0.049917795000,0.018019175194,0.002949125750,0.110440380367
0.047290542700,0.017804930609,0.002988076157,0.092503424900
0.044663290300,0.017555070531,0.002851984735,0.091253661679
0.042036037900,0.017349428969,0.002748340910,0.097179779106
0.039408785500,0.017084622877,0.002672189231,0.103415913872
0.036781533200,0.016927879453,0.002576045760,0.077037173851
0.034154280800,0.016786846002,0.002455269822,0.051997350257
0.031527028400,0.016738222810,0.002484542208,0.025760545334
0.028899776100,0.016712635527,0.002250881763,0.070668860454
0.026272523700,0.016433376077,0.002055876118,0.189085411948
0.023645271300,0.015851315166,0.001745576821,0.187599772062
0.021018019000,0.015574421503,0.001613606954,0.090571582142
0.018390766600,0.015467353949,0.001508034598,0.079481363101
0.015763514200,0.015226506948,0.001268419171,0.141335327287
0.013136261800,0.014843191287,0.001028392449,0.160453424796
0.010509009500,0.014588580757,0.000836906730,0.127690520398
0.007881757100,0.014312198618,0.000752408811,0.103259690724
0.005254504700,0.014123302143,0.000583952901,0.069317286016
0.002627252400,0.013960534439,0.000421418838,0.185597106752
0.000000000000,0.013102084062,0.000108383832,0.344138606276
