0.391460603250,-0.004830987157,-0.000143091252,0.605281541142
0.388833350880,-0.006293608178,-0.000716490591,0.447069503788
0.386206098510,-0.007081722055,-0.000885204293,-0.117493605953
0.383578846140,-0.005643987481,-0.000695655541,-0.296584683523
0.380951593770,-0.005542199070,-0.000330841490,0.330231397889
0.378324341400,-0.007406102284,-0.000101544202,0.256349639623
0.375697089030,-0.006930893932,0.000288833838,-0.441840953933
0.373069836660,-0.005166668190,0.000656822736,-0.250380914697
0.370442584290,-0.005718246954,0.001003632901,0.030491076588
0.367815331920,-0.005362985568,0.001357360817,-0.136478691952
0.365188079550,-0.005040371500,0.001659379024,-0.130488494121
0.362560827170,-0.004696609136,0.001918491548,-0.119156566441
0.359933574800,-0.004461347521,0.002188914456,-0.086186524382
0.357306322430,-0.004319642903,0.002358393848,-0.035817966929
0.354679070060,-0.004376306432,0.002464397111,-0.019938130539
0.352051817690,-0.004305196216,0.002755134193,-0.044373223734
0.349424565320,-0.004279536807,0.002834901081,0.012694301473
0.346797312950,-0.004514730791,0.002916376317,0.086627415785
0.344170060580,-0.004846397106,0.002922931020,0.099359037430
0.341542808210,-0.005139616694,0.002891172936,0.126556465016
0.338915555840,-0.005598521407,0.002786904865,0.155982424715
0.336288303460,-0.005962893669,0.002783712958,0.110886883366
0.333661051090,-0.006294910102,0.002727016208,0.108869891115
0.331033798720,-0.006585349359,0.002631599209,0.061484351727
0.328406546350,-0.006679587303,0.002557292467,0.028236503003
0.325779293980,-0.006787707636,0.002525516243,0.046727664986
0.323152041610,-0.006975930621,0.002446083762,0.080691410948
0.320524789240,-0.007176970356,0.002508072823,0.086721272479
0.317897536870,-0.007356685067,0.002550402540,0.108323161700
0.315270284500,-0.007626983883,0.002671877651,0.134551598682
0.312643032100,-0.007931837021,0.002819627821,0.100968056904
0.310015779800,-0.008098296349,0.002888243991,0.044587161807
0.307388527400,-0.008100418800,0.002911991149,0.001503925534
0.304761275000,-0.008058215933,0.002970188048,-0.006501704859
0.302134022600,-0.008029465854,0.003040770380,0.012897587685
0.299506770300,-0.008061932952,0.003013279959,0.033322892643
0.296879517900,-0.008106611843,0.002986861152,0.011403298551
0.294252265500,-0.007999402773,0.002925966020,-0.011184799818
0.291625013200,-0.007883113043,0.002996112988,0.022480325613
0.288997760800,-0.007917798283,0.002969916293,0.055955656933
0.286370508400,-0.008046987131,0.002950232875,0.093003817274
0.283743256000,-0.008265333619,0.002893539504,0.103125576154
0.281116003700,-0.008405643493,0.002775717736,0.108998942628
0.278488751300,-0.008645396701,0.002602400145,0.108799345818
0.275861498900,-0.008809291606,0.002465213062,0.069720198669
0.273234246600,-0.008843478675,0.002507135695,0.036562967295
0.270606994200,-0.008844511920,0.002486969382,-0.007351534007
0.267979741800,-0.008691298463,0.002367066331,-0.053758155229
0.265352489400,-0.008489793361,0.002415043101,-0.081119085038
0.262725237100,-0.008278488635,0.002627911059,-0.124789585554
0.260097984700,-0.007890048294,0.002714494660,-0.165926329216
0.257470732300,-0.007416038613,0.002854011124,-0.161482793936
0.254843480000,-0.007101351633,0.003147681692,-0.125846410292
0.252216227600,-0.006838598628,0.003541876276,-0.102595821074
0.249588975200,-0.006665922873,0.003734915276,-0.050491650616
0.246961722900,-0.006592262454,0.003771511620,-0.046752799190
0.244334470500,-0.006440488572,0.003541055828,-0.051035314462
0.241707218100,-0.006320306770,0.003331116772,-0.065118858961
0.239079965700,-0.006147093086,0.003111678799,-0.055770037105
0.236452713400,-0.006085128229,0.002824499050,0.000187372953
0.233825461000,-0.006151927119,0.002694955620,0.019506586510
0.231198208600,-0.006167411593,0.002676860466,0.012715867354
0.228570956300,-0.006249340133,0.002663033587,0.063832255237
0.225943703900,-0.006555510937,0.002717325282,0.101814798155
0.223316451500,-0.006898405991,0.002666575537,0.100853264872
0.220689199100,-0.007225818119,0.002631311012,0.075555574053
0.218061946800,-0.007442280503,0.002646938815,0.015436155276
0.215434694400,-0.007453097345,0.002567705865,-0.035042791554
0.212807442000,-0.007384888130,0.002603565920,-0.077944728909
0.210180189700,-0.007148911369,0.002458878241,-0.128639754785
0.207552937300,-0.006852635233,0.002312325162,-0.166027266564
0.204925684900,-0.006447671862,0.002305591952,-0.162814252549
0.202298432500,-0.006179811407,0.002261999694,-0.103526788198
0.199671180200,-0.006060240907,0.002227128110,-0.048430206989
0.197043927800,-0.006079932034,0.002153661400,-0.018117499139
0.194416675400,-0.006106138629,0.001985755707,-0.022198259878
0.191789423100,-0.006132195304,0.001958816319,-0.019262762439
0.189162170700,-0.006194145884,0.002174106602,-0.000399989315
0.186534918300,-0.006293608587,0.002336856750,0.014395941878
0.183907666000,-0.006403771353,0.002461026975,0.001013050911
0.181280413600,-0.006455825802,0.002579238904,-0.013620472318
0.178653161200,-0.006389788919,0.002779499829,-0.016663600567
0.176025908800,-0.006413604482,0.003049850531,0.037112436739
0.173398656500,-0.006620735672,0.003085537237,0.066174485550
0.170771404100,-0.006746772884,0.003156022312,0.030164153206
0.168144151700,-0.006800779366,0.003170897368,-0.011630814417
0.165516899400,-0.006802048609,0.003047317115,-0.029956858830
0.162889647000,-0.006704773108,0.003017643142,-0.039045446193
0.160262394600,-0.006652522788,0.002929067076,0.005832974934
0.157635142200,-0.006739939886,0.002606111654,-0.007889710674
0.155007889900,-0.006634647026,0.002411886251,-0.090563423962
0.152380637500,-0.006293066983,0.002263060450,-0.132449534897
0.149753385100,-0.005923451136,0.002111520098,-0.116299209676
0.147126132800,-0.005658157913,0.002142751158,-0.059697066938
0.144498880400,-0.005611723666,0.002046192846,-0.029397503786
0.141871628000,-0.005622781217,0.002010317162,-0.011391386777
0.139244375600,-0.005638762664,0.002035279440,0.003941348567
0.136617123300,-0.005667210739,0.002026685393,0.012155708380
0.133989870900,-0.005727424205,0.002092019999,0.056350561766
0.131362618500,-0.006002660738,0.002218626250,0.087111912276
0.128735366200,-0.006170884607,0.002310364798,0.069282507711
0.126108113800,-0.006317841565,0.002408622465,0.072212615267
0.123480861400,-0.006487563979,0.002473823563,0.051586937077
0.120853609000,-0.006583100108,0.002627321525,0.037660454817
0.118226356700,-0.006674701017,0.002681055390,0.074075355479
0.115599104300,-0.006930165309,0.002720318938,0.061217947182
0.112971851900,-0.007019049718,0.002752135287,0.018033665790
0.110344599600,-0.007029449673,0.002691595103,0.010986458055
0.107717347200,-0.007042045250,0.002673079418,-0.022942169867
0.105090094800,-0.006903898039,0.002803152769,-0.063582788475
0.102462842500,-0.006715243556,0.002910232994,-0.092988782256
0.099835590100,-0.006369147392,0.003208074547,-0.112858626560
0.097208337700,-0.006061633333,0.003359430877,-0.100238486300
0.094581085300,-0.005817626825,0.003288950427,-0.049834614657
0.091953833000,-0.005757510000,0.003421097157,0.021338190428
0.089326580600,-0.005898167151,0.003775600416,0.097376885709
0.086699328200,-0.006203892294,0.003891083780,0.121447378762
0.084072075900,-0.006452138622,0.003993039072,0.099010465717
0.081444823500,-0.006649729948,0.004117179211,0.068274728388
0.078817571100,-0.006753188550,0.004049636705,0.064613076797
0.076190318700,-0.006969842129,0.004115160541,0.074329627119
0.073563066400,-0.007135417946,0.004072293452,0.018917474202
0.070935814000,-0.007107389894,0.004132830539,-0.016080405930
0.068308561600,-0.007147864866,0.004314606791,0.020397409410
0.065681309300,-0.007316291163,0.004429111317,0.018563693877
0.063054056900,-0.007381871118,0.004232486579,0.020529175664
0.060426804500,-0.007542642744,0.004087137699,0.063426593287
0.057799552100,-0.007784153638,0.003967430775,0.138897582363
0.055172299800,-0.008260625296,0.003895243612,0.160202675795
0.052545047400,-0.008630337838,0.003750515853,0.108946293577
0.049917795000,-0.008895259573,0.003604984644,0.106774153677
0.047290542700,-0.009242711443,0.003558850303,0.097832275266
0.044663290300,-0.009433353427,0.003335114614,0.080197527073
0.042036037900,-0.009648746584,0.003249740952,0.101395547658
0.039408785500,-0.009967386062,0.003138228541,0.098312005458
0.036781533200,-0.010215312903,0.003037936591,0.077189980987
0.034154280800,-0.010434223346,0.002837912182,0.122541688344
0.031527028400,-0.010865800402,0.002544064865,0.150152420454
0.028899776100,-0.011232023497,0.002437952792,0.079453341659
0.026272523700,-0.011292912321,0.002386189630,-0.065793093272
0.023645271300,-0.010866987908,0.002099769114,0.015077509169
0.021018019000,-0.011324842313,0.001913566116,0.296875910240
0.018390766600,-0.012388864625,0.001693816560,0.285697853785
0.015763514200,-0.012863666324,0.001542540260,0.106947383175
0.013136261800,-0.013003982356,0.001549824805,-0.006737092797
0.010509009500,-0.012828749920,0.001414397436,-0.080475802653
0.007881757100,-0.012599049921,0.001235066493,-0.118957881278
0.005254504700,-0.012245937022,0.001271338930,-0.180235742205
0.002627252400,-0.011684821423,0.001146207272,-0.341820922021
0.000000000000,-0.010503621814,0.000722118618,-0.453483706124
