0.391460603250,-0.054816130783,-0.000421905144,-0.653850861039
0.388833350880,-0.053081349844,-0.001004790653,0.092106883974
0.386206098510,-0.055243038111,-0.001309555416,0.660684185606
0.383578846140,-0.056493698962,-0.001298859773,0.055379003099
0.380951593770,-0.055476063862,-0.001047063906,-0.027562575981
0.378324341400,-0.056329254301,-0.000936433264,0.237226740533
0.375697089030,-0.056725059135,-0.000735042496,0.264988336442
0.373069836660,-0.057764150921,-0.000476417380,0.210153112527
0.370442584290,-0.057918672451,-0.000183938574,-0.306807905492
0.367815331920,-0.056245003652,0.000087081752,-0.150678295565
0.365188079550,-0.057221383666,0.000541159455,0.116917400799
0.362560827170,-0.056971837433,0.000967237351,-0.122755684953
0.359933574800,-0.056720144852,0.001324407673,-0.103110024493
0.357306322430,-0.056498700426,0.001687883029,-0.094975241566
0.354679070060,-0.056213482966,0.002031223099,-0.086579651392
0.352051817690,-0.056128603799,0.002352196581,-0.078013639654
0.349424565320,-0.055893045232,0.002457589371,-0.073803507591
0.346797312950,-0.055771744811,0.002515617247,-0.025012107423
0.344170060580,-0.055788054092,0.002566765037,0.019773328119
0.341542808210,-0.055898637941,0.002608155423,0.019548854077
0.338915555840,-0.055972411901,0.002626156399,0.005706503535
0.336288303460,-0.055997880695,0.002687468818,0.012270713000
0.333661051090,-0.056134740824,0.002691636243,0.029267877550
0.331033798720,-0.056237945227,0.002776339515,0.009748800375
0.328406546350,-0.056271817814,0.002710469366,0.022378952467
0.325779293980,-0.056414778219,0.002714398255,0.043565162465
0.323152041610,-0.056576412909,0.002775333337,0.085083200007
0.320524789240,-0.056850140053,0.002800192679,0.082134783037
0.317897536870,-0.057049972166,0.002836709476,0.062113111259
0.315270284500,-0.057239490767,0.002937241504,0.067960403662
0.312643032100,-0.057405692046,0.003048165148,0.057233437824
0.310015779800,-0.057556259390,0.002987927926,0.063144045495
0.307388527400,-0.057720587900,0.002923132693,0.055177794772
0.304761275000,-0.057902651264,0.002866539099,0.058147882194
0.302134022600,-0.058112709764,0.002801407444,0.048833032409
0.299506770300,-0.058211936464,0.002949947420,0.017976464109
0.296879517900,-0.058216815457,0.003079907618,0.007317153611
0.294252265500,-0.058265176513,0.003155374072,-0.195498836773
0.291625013200,-0.057164752137,0.003159663892,0.069311410977
0.288997760800,-0.058181504723,0.003306990261,0.356160918510
0.286370508400,-0.058824568340,0.003365321094,0.147545205857
0.283743256000,-0.058972834573,0.003404905158,0.062250075317
0.281116003700,-0.059097404597,0.003424074178,0.030756127209
0.278488751300,-0.059116842991,0.003358589827,-0.046431895138
0.275861498900,-0.058894885453,0.003268816793,-0.083725625148
0.273234246600,-0.058735390469,0.003004085920,-0.065616267445
0.270606994200,-0.058603155724,0.002723444113,-0.059029118469
0.267979741800,-0.058525939091,0.002550082657,-0.038661034696
0.265352489400,-0.058470059075,0.002420026686,-0.027438035713
0.262725237100,-0.058371295930,0.002411831434,-0.029183660620
0.260097984700,-0.058311670280,0.002402767886,-0.034461313401
0.257470732300,-0.058235641895,0.002480858690,-0.028112497044
0.254843480000,-0.058187295203,0.002504864094,0.001255066534
0.252216227600,-0.058193878832,0.002636958542,-0.002028570351
0.249588975200,-0.058127338427,0.002693978874,0.000818607244
0.246961722900,-0.058178857243,0.002775271156,0.053696159519
0.244334470500,-0.058366554241,0.002791891190,0.073221719895
0.241707218100,-0.058497892106,0.002795629615,0.066268063888
0.239079965700,-0.058680567326,0.002826981753,0.061727083787
0.236452713400,-0.058810975610,0.002747832140,0.036922963247
0.233825461000,-0.058927129108,0.002687591699,0.021661781594
0.231198208600,-0.059004005308,0.002523757093,0.011772824050
0.228570956300,-0.059065501017,0.002294287987,0.003167065876
0.225943703900,-0.059002205185,0.002096400861,0.000208164944
0.223316451500,-0.059030392981,0.001898390592,0.041926770849
0.220689199100,-0.059219723620,0.001620079399,0.049823543709
0.218061946800,-0.059283386767,0.001485966878,0.034529440566
0.215434694400,-0.059391207774,0.001416184902,0.035119087721
0.212807442000,-0.059478582470,0.001377736439,0.041165201595
0.210180189700,-0.059593896476,0.001415675170,0.061897426167
0.207552937300,-0.059706589410,0.001426349640,0.030536085855
0.204925684900,-0.059692465946,0.001420357406,-0.027132927767
0.202298432500,-0.059584855482,0.001422519012,-0.067204431209
0.199671180200,-0.059332623897,0.001350314089,-0.072572237284
0.197043927800,-0.059136187218,0.001364188551,-0.047027193645
0.194416675400,-0.059081465926,0.001441343640,-0.037569802268
0.191789423100,-0.058988487961,0.001524976436,0.003408661284
0.189162170700,-0.059104864184,0.001522866802,0.031392571093
0.186534918300,-0.059147816594,0.001501792070,0.023461368469
0.183907666000,-0.059184470079,0.001558630680,0.021694797422
0.181280413600,-0.059241504980,0.001619754906,0.023346688486
0.178653161200,-0.059303708532,0.001650888997,0.005340681383
0.176025908800,-0.059289727726,0.001843144558,-0.024952767420
0.173398656500,-0.059193697694,0.002011196989,-0.024396697400
0.170771404100,-0.059173384132,0.002104554179,-0.011296158877
0.168144151700,-0.059135389418,0.002197522178,-0.000582179457
0.165516899400,-0.059139578807,0.002344387115,0.004101032040
0.162889647000,-0.059136768476,0.002508792862,0.016260742069
0.160262394600,-0.059152961886,0.002655840433,0.040327838285
0.157635142200,-0.059233331532,0.002683345064,0.042436386411
0.155007889900,-0.059276891922,0.002747434048,0.012128262959
0.152380637500,-0.059239355454,0.002755057865,-0.013652583350
0.149753385100,-0.059126998747,0.002697979851,-0.032882534100
0.147126132800,-0.059003909191,0.002655358650,-0.055081972338
0.144498880400,-0.058821624079,0.002611204063,-0.123504464165
0.141871628000,-0.058364307656,0.002480317637,-0.146480724950
0.139244375600,-0.058025459008,0.002354709695,-0.116062649603
0.136617123300,-0.057784973980,0.002195111503,-0.110539663556
0.133989870900,-0.057540684724,0.002097160816,-0.078841332319
0.131362618500,-0.057447138124,0.001921184459,-0.011978213791
0.128735366200,-0.057510731487,0.001876430778,0.012343799526
0.126108113800,-0.057558181147,0.002009720039,0.027387955524
0.123480861400,-0.057693166372,0.002019575214,0.048910106841
0.120853609000,-0.057900565531,0.002090295029,0.083956328885
0.118226356700,-0.058233338385,0.002281380192,0.126613847704
0.115599104300,-0.058658744499,0.002234031407,0.159709306496
0.112971851900,-0.059130981070,0.002150617719,0.151694186177
0.110344599600,-0.059576965607,0.002241334747,0.138525769608
0.107717347200,-0.060066990905,0.002316791939,0.163031030276
0.105090094800,-0.060544276981,0.002451867072,0.163827303345
0.102462842500,-0.060997034426,0.002620340281,0.131203869327
0.099835590100,-0.061342386663,0.002769787863,0.098104321696
0.097208337700,-0.061655498647,0.002829764553,0.056501532722
0.094581085300,-0.061819748525,0.002881489735,0.023760315399
0.091953833000,-0.061924046365,0.002858921970,-0.015659187520
0.089326580600,-0.061869321164,0.002968325771,-0.057479874651
0.086699328200,-0.061757143795,0.003180083061,-0.105082617169
0.084072075900,-0.061450329251,0.003399297592,-0.170430668484
0.081444823500,-0.061055934678,0.003513314143,-0.165363521329
0.078817571100,-0.060732497685,0.003485904810,-0.165903083965
0.076190318700,-0.060386929034,0.003612973712,-0.141332469358
0.073563066400,-0.060177351751,0.003666647289,-0.108265074660
0.070935814000,-0.060006525418,0.003749306729,-0.042972069607
0.068308561600,-0.060155502996,0.003880210590,0.056521654621
0.065681309300,-0.060465179984,0.003992098865,0.083678265831
0.063054056900,-0.060695033061,0.004006274963,0.054949921168
0.060426804500,-0.060945807003,0.003977910618,0.056037777026
0.057799552100,-0.061217015319,0.004049974666,0.068177079764
0.055172299800,-0.061551240201,0.004139362592,0.089524781600
0.052545047400,-0.061881675558,0.004146492317,0.087805999402
0.049917795000,-0.062141018566,0.004128955593,0.050766257794
0.047290542700,-0.062294879126,0.004076217557,0.051332510223
0.044663290300,-0.062580699942,0.003994341165,0.071404016543
0.042036037900,-0.062852873714,0.003963432259,0.046013666012
0.039408785500,-0.063051001551,0.003864087207,0.013475000578
0.036781533200,-0.063066563671,0.003815269495,-0.009571709077
0.034154280800,-0.063100479746,0.003847335542,-0.038771852790
0.031527028400,-0.062991934773,0.003885471593,-0.065416313083
0.028899776100,-0.062866424694,0.003747925873,-0.049158785751
0.026272523700,-0.062814510156,0.003495604429,-0.293644071029
0.023645271300,-0.061468827888,0.003468825898,-0.006320801593
0.021018019000,-0.062852056458,0.003282007053,0.315416654065
0.018390766600,-0.063223568409,0.002827563547,0.108989026955
0.015763514200,-0.063502970550,0.002510278049,0.081501703749
0.013136261800,-0.063768632077,0.002384451513,0.088393441005
0.010509009500,-0.063997921962,0.002072221916,0.030988568959
0.007881757100,-0.064018377383,0.001814948784,-0.029126713573
0.005254504700,-0.064015911966,0.001697254762,-0.114401078469
0.002627252400,-0.063518359008,0.001442907749,-1.379770131104
0.000000000000,-0.056819221617,0.001398056603,-2.543543319604
