0.391460603250,-0.018235229435,0.000875634700,-0.027095564905
0.388833350880,-0.018131991967,0.000857715452,0.122030588800
0.386206098510,-0.018642849567,0.001068916218,0.309137662925
0.383578846140,-0.019727687329,0.001181203340,0.422926443352
0.380951593770,-0.020799176867,0.001320430967,0.114065657149
0.378324341400,-0.020314550324,0.001514730169,-0.339299736467
0.375697089030,-0.019065578556,0.001541565317,-0.144987316225
0.373069836660,-0.019630005556,0.001497746106,0.022571736092
0.370442584290,-0.019110600366,0.001527318318,0.044532277859
0.367815331920,-0.019818938554,0.001508739995,0.093451674225
0.365188079550,-0.019587576425,0.001486043469,-0.129416529825
0.362560827170,-0.019163534388,0.001370629527,-0.158393507685
0.359933574800,-0.018822114951,0.001313215974,-0.116597651239
0.357306322430,-0.018654758760,0.001356223148,-0.198072136509
0.354679070060,-0.017885317890,0.001384032441,-0.269837204312
0.352051817690,-0.017312156206,0.001487206033,-0.322814451067
0.349424565320,-0.016238773679,0.001682581345,-0.025801460829
0.346797312950,-0.017258990088,0.001739679130,0.135839390634
0.344170060580,-0.017131502265,0.001908019513,-0.074081028045
0.341542808210,-0.017042514623,0.002015680995,-0.061352055669
0.338915555840,-0.017005139448,0.001991754354,-0.036331918009
0.336288303460,-0.017028723583,0.002079247918,-0.035898327873
0.333661051090,-0.017045553598,0.002108727347,-0.023583424618
0.331033798720,-0.017038042323,0.002172355145,0.002297492316
0.328406546350,-0.017200909042,0.002194418295,0.028727824390
0.325779293980,-0.017312158110,0.002201735356,0.014589753482
0.323152041610,-0.017390266248,0.002288252267,0.022629123054
0.320524789240,-0.017506184225,0.002426650333,0.019966997793
0.317897536870,-0.017570759136,0.002441719817,0.004531258320
0.315270284500,-0.017613325845,0.002485815585,0.022232862719
0.312643032100,-0.017764775509,0.002539913641,0.049153951404
0.310015779800,-0.017983955849,0.002530100960,0.079908782146
0.307388527400,-0.018257958179,0.002617257966,0.067231961497
0.304761275000,-0.018443204271,0.002581939065,0.047643144744
0.302134022600,-0.018627030288,0.002444688891,0.033128041198
0.299506770300,-0.018749678541,0.002519110825,0.002746945153
0.296879517900,-0.018758536385,0.002555870673,-0.027222343883
0.294252265500,-0.018711883024,0.002469317087,-0.034266591321
0.291625013200,-0.018668610768,0.002513937862,-0.054807113222
0.288997760800,-0.018535994754,0.002593074175,-0.083449881009
0.286370508400,-0.018397053178,0.002675862755,-0.078164159533
0.283743256000,-0.018259194670,0.002556968936,-0.090806727809
0.281116003700,-0.018058344624,0.002426094937,-0.093057468399
0.278488751300,-0.017929786407,0.002362036268,-0.066603497370
0.275861498900,-0.017868523232,0.002213277278,-0.051618499438
0.273234246600,-0.017811176495,0.002126336566,-0.002530987890
0.270606994200,-0.017963367615,0.002015811829,0.049020293360
0.267979741800,-0.018134288782,0.001890675192,0.045930071056
0.265352489400,-0.018211173260,0.001866796355,0.029348480499
0.262725237100,-0.018365172710,0.001697145551,0.046460166797
0.260097984700,-0.018524405553,0.001569731676,0.059934877976
0.257470732300,-0.018695020146,0.001528023642,0.045102779251
0.254843480000,-0.018710309652,0.001454848654,0.030914905191
0.252216227600,-0.018755081209,0.001501614592,0.043410646838
0.249588975200,-0.018868962304,0.001589113567,0.031546416757
0.246961722900,-0.018885889336,0.001492090070,0.019507374759
0.244334470500,-0.018990971231,0.001479603299,0.058244644086
0.241707218100,-0.019135416730,0.001549837404,0.067084120397
0.239079965700,-0.019252675664,0.001599337751,0.083962421129
0.236452713400,-0.019453698381,0.001559887354,0.114323272943
0.233825461000,-0.019704486972,0.001499921487,0.143984833741
0.231198208600,-0.020102814937,0.001495662032,0.187532010922
0.228570956300,-0.020544587374,0.001554325303,0.209137164929
0.225943703900,-0.021042532132,0.001566972080,0.223851352672
0.223316451500,-0.021552505428,0.001561179061,0.224871658868
0.220689199100,-0.022069788244,0.001607655510,0.199312669747
0.218061946800,-0.022463110944,0.001678054985,0.122622764508
0.215434694400,-0.022622872234,0.001651514388,0.062859654774
0.212807442000,-0.022746522920,0.001599760496,0.035905784917
0.210180189700,-0.022755957139,0.001635472962,-0.004894515634
0.207552937300,-0.022640918709,0.001714798589,-0.039681978863
0.204925684900,-0.022486816555,0.001671312367,-0.055551770455
0.202298432500,-0.022322269403,0.001604047372,-0.080765052821
0.199671180200,-0.022100151889,0.001668439455,-0.094553890721
0.197043927800,-0.021925024512,0.001819140500,-0.057829704299
0.194416675400,-0.021885495415,0.001871782156,-0.014064368723
0.191789423100,-0.021962399246,0.001806056170,-0.009636779006
0.189162170700,-0.021965920107,0.001963482092,-0.005519790425
0.186534918300,-0.022067223292,0.002093959420,0.022982730655
0.183907666000,-0.022140014412,0.002203671383,0.033692323784
0.181280413600,-0.022195273048,0.002376400776,0.011765491174
0.178653161200,-0.022187075068,0.002521479713,-0.028243688930
0.176025908800,-0.022112617521,0.002694391444,-0.043205888214
0.173398656500,-0.021986860290,0.002735292641,-0.050805203405
0.170771404100,-0.021850899801,0.002665914677,-0.065563058290
0.168144151700,-0.021676618234,0.002679981233,-0.088837861690
0.165516899400,-0.021411122954,0.002715873442,-0.121352051482
0.162889647000,-0.021091105054,0.002872736301,-0.137225649275
0.160262394600,-0.020753169580,0.002956261418,-0.160718298609
0.157635142200,-0.020300235139,0.002941550929,-0.181438450826
0.155007889900,-0.019852712747,0.003044419489,-0.182863407839
0.152380637500,-0.019415316932,0.003137894342,-0.163452904557
0.149753385100,-0.019035459852,0.003070454344,-0.153850472832
0.147126132800,-0.018652034643,0.003051797264,-0.137767998009
0.144498880400,-0.018342046792,0.002986593406,-0.096331455043
0.141871628000,-0.018229285287,0.003040335855,-0.000991269720
0.139244375600,-0.018404562166,0.003048329970,0.071704402731
0.136617123300,-0.018653668280,0.002997930589,0.053299245177
0.133989870900,-0.018834018087,0.002950186201,0.061646738855
0.131362618500,-0.019044918088,0.002801738810,0.065986834179
0.128735366200,-0.019202858476,0.002779539342,0.049086763875
0.126108113800,-0.019348617260,0.002722000061,0.094083516424
0.123480861400,-0.019668583904,0.002694984840,0.139463059496
0.120853609000,-0.020048111942,0.002572139566,0.168141786442
0.118226356700,-0.020474795438,0.002408759144,0.185671292658
0.115599104300,-0.020984620981,0.002333325584,0.256408047108
0.112971851900,-0.021757357322,0.002294823645,0.292798045371
0.110344599600,-0.022527622502,0.002542479148,0.274304170944
0.107717347200,-0.023228745434,0.002693993253,0.190773346194
0.105090094800,-0.023542077777,0.002633641198,0.055190127636
0.102462842500,-0.023555028324,0.002570845291,0.004049288535
0.099835590100,-0.023627322314,0.002571652089,-0.005586352699
0.097208337700,-0.023589970189,0.002390617478,-0.044469657478
0.094581085300,-0.023416030193,0.002295665114,-0.085633313023
0.091953833000,-0.023203931540,0.002255296295,-0.101119469100
0.089326580600,-0.022979434464,0.002293026443,-0.101381304614
0.086699328200,-0.022721786263,0.002337350529,-0.106602029748
0.084072075900,-0.022533190322,0.002307894201,-0.075401146601
0.081444823500,-0.022434829371,0.002221745781,-0.039929650000
0.078817571100,-0.022420908331,0.002119185444,-0.037465576978
0.076190318700,-0.022362162535,0.002068025085,-0.044536943870
0.073563066400,-0.022313079088,0.001999714565,-0.051422029118
0.070935814000,-0.022231041574,0.002065965236,-0.018628498948
0.068308561600,-0.022319436374,0.002011805465,0.033384142350
0.065681309300,-0.022524600429,0.001919865883,0.070675229412
0.063054056900,-0.022762874872,0.002106888015,0.115130282540
0.060426804500,-0.023131428427,0.002128588011,0.129794050054
0.057799552100,-0.023425562461,0.002008905340,0.123785020682
0.055172299800,-0.023740709146,0.002005822785,0.115253502555
0.052545047400,-0.024056735752,0.002018494279,0.120454475397
0.049917795000,-0.024445446397,0.001878209295,0.087021875854
0.047290542700,-0.024546954093,0.001869014182,0.033293689689
0.044663290300,-0.024655094709,0.001755178483,0.042448400063
0.042036037900,-0.024807641601,0.001586142932,0.031646012700
0.039408785500,-0.024851815436,0.001503661819,0.024558826257
0.036781533200,-0.024921031165,0.001427635131,0.047067886740
0.034154280800,-0.025080639129,0.001286592334,0.025865759234
0.031527028400,-0.025044603199,0.001176180337,-0.007823455011
0.028899776100,-0.025052105607,0.001034726965,-0.000085739822
0.026272523700,-0.025064053792,0.001179254434,-0.028734542906
0.023645271300,-0.024981459911,0.001244461299,-0.121396740462
0.021018019000,-0.024613919068,0.001308626120,0.101420779552
0.018390766600,-0.025601134754,0.001182647028,0.210297715927
0.015763514200,-0.025835237882,0.000901602138,0.044595449388
0.013136261800,-0.025898634885,0.000760474027,-0.027259319665
0.010509009500,-0.025693895800,0.000862439848,-0.119340094555
0.007881757100,-0.025311051854,0.000744261663,-0.159995468715
0.005254504700,-0.024914283127,0.000737346821,-0.249294459766
0.002627252400,-0.024074647514,0.000783904697,-0.571878632397
0.000000000000,-0.021978448303,0.000607112050,-0.775829946231
