0.391460603250,0.019887418692,0.000122746200,0.153377674212
0.388833350880,0.019492686033,0.000076938577,-0.016354961625
0.386206098510,0.019943185426,0.000045425121,-0.048305736149
0.383578846140,0.019747772206,0.000045593884,0.140044859032
0.380951593770,0.019263404455,0.000227889169,0.104790873453
0.378324341400,0.019161244536,0.000454241498,0.061895473183
0.375697089030,0.018843294176,0.000577517673,0.049482581651
0.373069836660,0.018739638901,0.000574796771,-0.267631314720
0.370442584290,0.019988798583,0.000774501826,-0.472474702250
0.367815331920,0.021065179753,0.000957611484,-0.403551296707
0.365188079550,0.022004744324,0.001119370613,-0.375306101961
0.362560827170,0.022979374301,0.001257514156,-0.188648600613
0.359933574800,0.022916962054,0.001355792531,-0.023506879733
0.357306322430,0.023043282373,0.001550408236,-0.085871692021
0.354679070060,0.023290677188,0.001650769936,-0.114275650882
0.352051817690,0.023524264442,0.001653780002,-0.121288243180
0.349424565320,0.023753958786,0.001723719137,-0.141138774336
0.346797312950,0.023993229679,0.001702733516,-0.110406769447
0.344170060580,0.024168267899,0.001658861237,-0.091845130063
0.341542808210,0.024329851887,0.001808549701,-0.080286380369
0.338915555840,0.024454436341,0.001854322778,-0.019579917085
0.336288303460,0.024267292874,0.001865228508,0.052127375030
0.333661051090,0.024116082461,0.001932677686,0.042178045029
0.331033798720,0.024018340867,0.002071344210,0.012769372232
0.328406546350,0.023945705978,0.002144329649,0.024862898351
0.325779293980,0.023765371490,0.002227129949,0.054696653434
0.323152041610,0.023590435880,0.002233581539,0.051572175370
0.320524789240,0.023425926788,0.002113665401,0.043520738863
0.317897536870,0.023284978296,0.002249843184,0.028246336581
0.315270284500,0.023210546538,0.002418852847,0.013985977368
0.312643032100,0.023122290336,0.002378368160,0.031448586952
0.310015779800,0.022948605384,0.002338014794,0.027660392583
0.307388527400,0.022930956556,0.002264512915,0.026246804312
0.304761275000,0.022818872777,0.002405162232,0.032432672633
0.302134022600,0.022695580168,0.002486683238,0.035464389628
0.299506770300,0.022570261077,0.002370540753,0.051127407221
0.296879517900,0.022384235748,0.002231966668,0.029408323939
0.294252265500,0.022378885986,0.002190133593,-0.023011618183
0.291625013200,0.022452796076,0.002191276443,-0.057331519470
0.288997760800,0.022591932840,0.002034019979,-0.093589578102
0.286370508400,0.022865517276,0.001929623100,-0.093453390729
0.283743256000,0.022960347475,0.001899380007,-0.061347651934
0.281116003700,0.023142225414,0.001942587117,-0.072703860080
0.278488751300,0.023338769487,0.001897019751,-0.082602021935
0.275861498900,0.023503397247,0.001775023331,-0.097477323199
0.273234246600,0.023636956524,0.001661314445,-0.079744301288
0.270606994200,0.023660867284,0.001430090683,-0.032452048066
0.267979741800,0.023638361838,0.001211127774,-0.011530345901
0.265352489400,0.023611713400,0.001089286108,0.004796425731
0.262725237100,0.023597385091,0.000957128986,0.001484648758
0.260097984700,0.023610537164,0.001027108911,0.021302859046
0.257470732300,0.023443108743,0.001004826811,0.052374980655
0.254843480000,0.023227126035,0.000902700070,0.069811329895
0.252216227600,0.022983381310,0.000967852405,0.101185330068
0.249588975200,0.022662216899,0.001060208982,0.110248938099
0.246961722900,0.022355772024,0.001091869598,0.079441287449
0.244334470500,0.022180422152,0.001138103773,0.063758483008
0.241707218100,0.022005272130,0.001171611470,0.060384276818
0.239079965700,0.021840835665,0.001242446255,0.045652949787
0.236452713400,0.021691098261,0.001254640460,0.043206902953
0.233825461000,0.021505055657,0.001198697989,0.041370238426
0.231198208600,0.021428775122,0.001126101052,0.026266723960
0.228570956300,0.021344788663,0.001087344437,0.049913041602
0.225943703900,0.021147826847,0.001040177981,0.077167827110
0.223316451500,0.020934412127,0.001060559752,0.096579888019
0.220689199100,0.020685366056,0.001025553033,0.115954645088
0.218061946800,0.020383564160,0.000911123894,0.129540457363
0.215434694400,0.020031195563,0.000917069392,0.147453850265
0.212807442000,0.019576689344,0.000862382367,0.179953148255
0.210180189700,0.019088548018,0.000797727968,0.167851236798
0.207552937300,0.018701056996,0.000802848398,0.113794697000
0.204925684900,0.018470007893,0.000804242568,0.054436063222
0.202298432500,0.018443966702,0.000793012300,0.038945608385
0.199671180200,0.018341409783,0.000800525442,0.013988784033
0.197043927800,0.018387202352,0.000913895945,-0.015898235412
0.194416675400,0.018453599912,0.000994227891,-0.030594046706
0.191789423100,0.018574437194,0.001093945527,-0.024000084722
0.189162170700,0.018709031853,0.001118725764,-0.039341711085
0.186534918300,0.018909417982,0.001153493141,-0.045053711888
0.183907666000,0.019030759138,0.001171331151,-0.015937295965
0.181280413600,0.019016309359,0.001234365415,-0.024318569015
0.178653161200,0.019149948353,0.001337579944,-0.035296268981
0.176025908800,0.019225222510,0.001423950809,-0.007676916996
0.173398656500,0.019253354159,0.001474508278,0.005662207274
0.170771404100,0.019228441142,0.001422710990,0.010337608164
0.168144151700,0.019217255729,0.001463831437,-0.003364434514
0.165516899400,0.019181767488,0.001431477068,-0.004433371053
0.162889647000,0.019109519613,0.001457133626,-0.018404116996
0.160262394600,0.019222537343,0.001509467833,-0.054025100575
0.157635142200,0.019309241268,0.001439820822,-0.018486839501
0.155007889900,0.019204092530,0.001354989137,-0.022656438481
0.152380637500,0.019261649301,0.001353738214,-0.078872598421
0.149753385100,0.019422246178,0.001344137590,-0.116735014738
0.147126132800,0.019669262033,0.001382566320,-0.129807658948
0.144498880400,0.019932444279,0.001415085552,-0.125286246956
0.141871628000,0.020165420045,0.001489374349,-0.164490736866
0.139244375600,0.020613086991,0.001553300684,-0.211117714159
0.136617123300,0.021077618268,0.001632280444,-0.225903814401
0.133989870900,0.021600473930,0.001754289829,-0.211343678636
0.131362618500,0.022040464672,0.001790686852,-0.163945506512
0.128735366200,0.022310695674,0.001837062210,-0.124890308559
0.126108113800,0.022554671409,0.001778689480,-0.067790444040
0.123480861400,0.022530544839,0.001752927143,-0.027361247013
0.120853609000,0.022543546644,0.001742991910,-0.034856837592
0.118226356700,0.022545095047,0.001714067467,0.004576626478
0.115599104300,0.022352215012,0.001728362902,0.064808579377
0.112971851900,0.022046526974,0.001653668832,0.097229311647
0.110344599600,0.021679586998,0.001551973289,0.109982043236
0.107717347200,0.021317958769,0.001420175746,0.105423020990
0.105090094800,0.020993868578,0.001306425621,0.095209415249
0.102462842500,0.020639550600,0.001203385710,0.100899479745
0.099835590100,0.020322176107,0.001284785314,0.116498950175
0.097208337700,0.019948783488,0.001257300231,0.128129534476
0.094581085300,0.019560035929,0.001251921112,0.154226461877
0.091953833000,0.019060062691,0.001382680580,0.192434439079
0.089326580600,0.018502472191,0.001267260999,0.157287168690
0.086699328200,0.018238338605,0.001178979815,0.087600263232
0.084072075900,0.018064558123,0.001056142138,-0.001632394228
0.081444823500,0.018298034920,0.000843260881,-0.058775703644
0.078817571100,0.018403635754,0.000880162132,-0.070949736917
0.076190318700,0.018718294914,0.000928417230,-0.114789992009
0.073563066400,0.019027420094,0.000936223170,-0.089596050240
0.070935814000,0.019192063571,0.000771268589,-0.063537446196
0.068308561600,0.019323723442,0.000602079559,-0.088641150437
0.065681309300,0.019606572995,0.000554224638,-0.084079027180
0.063054056900,0.019700835418,0.000465657601,0.022165453146
0.060426804500,0.019403052242,0.000591978556,0.102356498151
0.057799552100,0.019147246953,0.000703484813,0.141732244137
0.055172299800,0.018669092354,0.000664019511,0.167878013689
0.052545047400,0.018225068898,0.000612974883,0.176546178221
0.049917795000,0.017702164072,0.000578805057,0.166299101398
0.047290542700,0.017305671116,0.000548445049,0.132791459223
0.044663290300,0.016926967398,0.000517596972,0.110444924856
0.042036037900,0.016694471758,0.000384008019,0.061314589899
0.039408785500,0.016544519288,0.000326084902,0.073015533225
0.036781533200,0.016288129704,0.000271827627,0.116589795859
0.034154280800,0.015964562780,0.000285991024,0.092304157189
0.031527028400,0.015863807486,0.000281913383,0.015648912218
0.028899776100,0.015927004277,0.000462623302,0.001132936859
0.026272523700,0.015935418564,0.000520755411,0.111097870240
0.023645271300,0.015208906577,0.000295998151,0.050715228887
0.021018019000,0.015507413224,0.000254448110,-0.155334615564
0.018390766600,0.016041785128,0.000237663035,-0.106383719722
0.015763514200,0.016061851636,0.000352345817,0.023280409717
0.013136261800,0.015883446802,0.000234809354,-0.007394060621
0.010509009500,0.016025890196,0.000095334571,-0.067814031343
0.007881757100,0.016230864819,0.000007181852,-0.097979763300
0.005254504700,0.016509843833,-0.000045040358,-0.072000798961
0.002627252400,0.016576343672,-0.000018159455,0.313135620727
0.000000000000,0.014816374216,0.000071579429,0.672630155846
