0.391460603250,0.056537164192,0.000572911082,0.715674549394
0.388833350880,0.054725506005,0.000731115836,0.328025247784
0.386206098510,0.054880670229,0.000825185028,-0.355673501752
0.383578846140,0.056611960877,0.000997792790,-0.261662041568
0.380951593770,0.056264047776,0.001181959563,-0.070726599157
0.378324341400,0.057016974489,0.001379027933,-0.125020487693
0.375697089030,0.056983831698,0.001488645224,0.371479008300
0.373069836660,0.055053657390,0.001524920909,0.195599167842
0.370442584290,0.055851154397,0.001755339691,-0.780457219342
0.367815331920,0.059172569156,0.001976020138,-0.737598477881
0.365188079550,0.059691305055,0.002110036296,-0.153838365152
0.362560827170,0.059921713064,0.002233768275,-0.181728065878
0.359933574800,0.060488591519,0.002289834537,-0.192806303765
0.357306322430,0.060863533550,0.002365139019,-0.094334788891
0.354679070060,0.060990733771,0.002436221096,-0.033722897364
0.352051817690,0.061095702639,0.002467376409,-0.039911611342
0.349424565320,0.061250183017,0.002300700835,-0.069910671005
0.346797312950,0.061450132285,0.002366824651,-0.086528883760
0.344170060580,0.061633535611,0.002508226038,-0.077317186214
0.341542808210,0.061718826043,0.002682293117,-0.031640195983
0.338915555840,0.061675453385,0.002746711453,0.016167870773
0.336288303460,0.061609430149,0.002806348319,0.036123599510
0.333661051090,0.061537519900,0.002954637418,0.028060428855
0.331033798720,0.061403191200,0.003082763845,0.050177811950
0.328406546350,0.061234710936,0.003226547386,0.091105128809
0.325779293980,0.060915494106,0.003426040325,0.129512630510
0.323152041610,0.060446084884,0.003442968889,0.168626910717
0.320524789240,0.060045649727,0.003411271694,0.154570367741
0.317897536870,0.059674250632,0.003537689832,0.134755114883
0.315270284500,0.059369531029,0.003604288547,0.092819805133
0.312643032100,0.059183343878,0.003400235656,0.085816283289
0.310015779800,0.058915276742,0.003359456044,0.076450249671
0.307388527400,0.058714202689,0.003451386062,0.040881669887
0.304761275000,0.058675546321,0.003430098060,0.043353740184
0.302134022600,0.058524414887,0.003340796164,0.020431018453
0.299506770300,0.058603126817,0.003392769404,-0.038983684761
0.296879517900,0.058779663202,0.003359909226,-0.023199181093
0.294252265500,0.058862049615,0.003262236830,-0.021778812973
0.291625013200,0.059031231514,0.003134549372,-0.041000559351
0.288997760800,0.059180108729,0.003067058737,-0.014541573782
0.286370508400,0.059201251543,0.002986349225,0.010101782361
0.283743256000,0.059189163226,0.002919968857,0.031762746240
0.281116003700,0.059130456945,0.002865726717,0.032088292050
0.278488751300,0.059142527097,0.002858834921,0.004490150597
0.275861498900,0.059190480082,0.002889740744,-0.005610325447
0.273234246600,0.059203725690,0.002944633529,0.004002382475
0.270606994200,0.059172148094,0.003043420819,-0.000845737343
0.267979741800,0.059218159184,0.003086984725,-0.036606587374
0.265352489400,0.059349575901,0.003080505820,-0.034801439253
0.262725237100,0.059378080207,0.003083184673,-0.045001134764
0.260097984700,0.059487305261,0.003249295384,-0.040936814240
0.257470732300,0.059499544418,0.003404422580,-0.045216439197
0.254843480000,0.059569698190,0.003382075191,-0.070639587046
0.252216227600,0.059730998694,0.003294038229,-0.083434826337
0.249588975200,0.059794693350,0.003171818856,-0.053446069771
0.246961722900,0.059914212983,0.003000390983,-0.064135444653
0.244334470500,0.060094635327,0.002738941407,-0.052602126268
0.241707218100,0.060182131743,0.002480567285,-0.021783636544
0.239079965700,0.060216792953,0.002209599764,0.013614690366
0.236452713400,0.060097946392,0.002076349319,0.056745587510
0.233825461000,0.059872968644,0.001966881048,0.100800284608
0.231198208600,0.059562246294,0.001820972719,0.136721242280
0.228570956300,0.059129938356,0.001805767747,0.157967879196
0.225943703900,0.058755768358,0.001762766193,0.133163001067
0.223316451500,0.058453185162,0.001669505123,0.075681712343
0.220689199100,0.058330617907,0.001551948999,-0.011754971050
0.218061946800,0.058454138199,0.001346358005,-0.058685583205
0.215434694400,0.058560057153,0.001338769048,-0.048821216158
0.212807442000,0.058713321582,0.001241994702,-0.068547820925
0.210180189700,0.058935739335,0.001158708785,-0.091765371043
0.207552937300,0.059180261363,0.001146942794,-0.087752849675
0.204925684900,0.059386067789,0.001127512923,-0.076759302102
0.202298432500,0.059606652507,0.001048507222,-0.042569951413
0.199671180200,0.059627788767,0.001044699030,0.028017846517
0.197043927800,0.059484210455,0.001152560860,0.065432508086
0.194416675400,0.059306722961,0.001188149688,0.079326995030
0.191789423100,0.059104153170,0.001176709422,0.082505222890
0.189162170700,0.058870558793,0.001272641816,0.093507273840
0.186534918300,0.058589424784,0.001472937331,0.095493577272
0.183907666000,0.058339593865,0.001606733992,0.056000321361
0.181280413600,0.058270490682,0.001752372227,0.030843397127
0.178653161200,0.058133329327,0.001764704056,0.026863335030
0.176025908800,0.058100658397,0.001843390559,-0.013284998696
0.173398656500,0.058177375262,0.001937165510,-0.054487423246
0.170771404100,0.058391951596,0.001994847854,-0.069332726797
0.168144151700,0.058602474774,0.001833248430,-0.111644726440
0.165516899400,0.058965587994,0.001679360938,-0.160717319544
0.162889647000,0.059403150341,0.001664321500,-0.155728641370
0.160262394600,0.059727302653,0.001565314769,-0.147791620333
0.157635142200,0.060095617509,0.001377865921,-0.174072281115
0.155007889900,0.060582124688,0.001304226601,-0.145894068694
0.152380637500,0.060845615447,0.001197884657,-0.065140213379
0.149753385100,0.060887264429,0.001053404380,-0.014948355992
0.147126132800,0.060886920358,0.000969013591,0.018540430894
0.144498880400,0.060768638902,0.000750936337,0.050320880429
0.141871628000,0.060602413957,0.000693860311,0.060358811484
0.139244375600,0.060422586344,0.000754607787,0.043555089173
0.136617123300,0.060257096108,0.000819301505,0.049645334790
0.133989870900,0.060079500679,0.000838423211,0.060376108152
0.131362618500,0.059829752751,0.000738583004,0.078274357266
0.128735366200,0.059557991365,0.000893317141,0.083565571201
0.126108113800,0.059282870548,0.001055844385,0.086452713220
0.123480861400,0.059006107634,0.001101926119,0.108607585515
0.120853609000,0.058610859475,0.001234175331,0.127926318874
0.118226356700,0.058239422926,0.001427274842,0.090276452035
0.115599104300,0.058068045946,0.001474882457,0.036721486822
0.112971851900,0.057977281429,0.001705498719,-0.017008842293
0.110344599600,0.058087308443,0.001894833183,-0.074693139798
0.107717347200,0.058336883952,0.001955764613,-0.093795603726
0.105090094800,0.058554301202,0.001976679447,-0.082327815291
0.102462842500,0.058771703526,0.002053225499,-0.049192460742
0.099835590100,0.058850070028,0.002104867524,-0.035534670510
0.097208337700,0.058897990458,0.002323846396,-0.004303781551
0.094581085300,0.058831933679,0.002622200863,0.022175306759
0.091953833000,0.058759956951,0.002624028031,0.024975276322
0.089326580600,0.058702451633,0.002693142140,0.019519289941
0.086699328200,0.058654496768,0.002753987026,0.041223413133
0.084072075900,0.058467395810,0.002821052272,0.085319474804
0.081444823500,0.058208402762,0.002920240503,0.088420604632
0.078817571100,0.057999069872,0.002904444241,0.085936759609
0.076190318700,0.057687763017,0.002801988727,0.078925105844
0.073563066400,0.057598435314,0.002792062735,-0.002236032669
0.070935814000,0.057775914971,0.003015054536,-0.005732688137
0.068308561600,0.057665892580,0.003159495061,0.086718765273
0.065681309300,0.057419661611,0.003203732018,0.090526158773
0.063054056900,0.057311201808,0.003131424265,0.082921465500
0.060426804500,0.057073755411,0.002933576539,0.090708775296
0.057799552100,0.056948890374,0.002791575358,0.063487582439
0.055172299800,0.056866084516,0.002686064708,0.045153406263
0.052545047400,0.056857621001,0.002582947071,0.023120608315
0.049917795000,0.056934918130,0.002495438873,0.014881006042
0.047290542700,0.056982788321,0.002505107696,0.022018287967
0.044663290300,0.057035848761,0.002387735873,0.055038172059
0.042036037900,0.056869030479,0.002160921330,0.084123243459
0.039408785500,0.056772805851,0.002111147194,0.110283576974
0.036781533200,0.056570326242,0.002113013510,0.172802137495
0.034154280800,0.056125982383,0.002056647338,0.165019595052
0.031527028400,0.055824715940,0.002036805486,0.160053036629
0.028899776100,0.055477645099,0.001838709727,0.256029517957
0.026272523700,0.054664043116,0.001536714393,0.710081640226
0.023645271300,0.051925850597,0.000922215567,0.243666591785
0.021018019000,0.053590787644,0.000772384130,-0.169761960921
0.018390766600,0.053021014421,0.000841977490,0.187228978113
0.015763514200,0.052776322897,0.000773841186,0.062966401267
0.013136261800,0.052891566170,0.000492302882,-0.055850587308
0.010509009500,0.053280890753,0.000280489780,-0.088739169139
0.007881757100,0.053541497415,0.000209962526,-0.119136309469
0.005254504700,0.054008162189,0.000142077449,-0.120328605662
0.002627252400,0.054228256037,0.000231794683,0.285540034967
0.000000000000,0.052618273688,0.000317377024,0.623400015019
