0.391460603250,-0.057652144083,-0.000415864682,0.124436065549
0.388833350880,-0.058182290243,-0.000355414706,0.246901053930
0.386206098510,-0.058976739620,-0.000423439589,0.134594602529
0.383578846140,-0.058634756872,-0.000129239941,-0.004299526373
0.380951593770,-0.058729444763,0.000080212819,0.250038326718
0.378324341400,-0.059851638238,0.000363676014,0.211521639451
0.375697089030,-0.059791008444,0.000665215569,-0.109780196184
0.373069836660,-0.059350252687,0.000848648394,-0.145863883992
0.370442584290,-0.059194713434,0.001028338608,0.024976280146
0.367815331920,-0.059467761751,0.001192540121,-0.021589378600
0.365188079550,-0.059012389159,0.001374382017,-0.212144978375
0.362560827170,-0.058416709192,0.001386566979,-0.267711981131
0.359933574800,-0.057667096605,0.001395547928,0.130817315181
0.357306322430,-0.059200643903,0.001604966955,0.270807104470
0.354679070060,-0.059178555090,0.001628654545,-0.020259126465
0.352051817690,-0.059179033817,0.001670922810,-0.035058555026
0.349424565320,-0.059088623438,0.001779403231,-0.049346392824
0.346797312950,-0.059041819243,0.001902487262,-0.036112497576
0.344170060580,-0.059026317481,0.002022172703,-0.038218613094
0.341542808210,-0.059024610450,0.002131249934,-0.021307604118
0.338915555840,-0.059030160031,0.002281689252,0.006887823490
0.336288303460,-0.059138764733,0.002417466099,0.022971556289
0.333661051090,-0.059209068416,0.002591472824,0.011053564615
0.331033798720,-0.059245457762,0.002590773882,-0.008911250531
0.328406546350,-0.059263248628,0.002638940609,-0.016526596478
0.325779293980,-0.059309585809,0.002660892388,0.011888347326
0.323152041610,-0.059463871156,0.002771692211,0.045821386687
0.320524789240,-0.059629170051,0.002961118566,0.075911853573
0.317897536870,-0.059865866413,0.003134570093,0.054344258990
0.315270284500,-0.060044958019,0.003301190026,0.071982732187
0.312643032100,-0.060340166300,0.003343912579,0.108860318164
0.310015779800,-0.060722460380,0.003458193740,0.110576844552
0.307388527400,-0.061022998503,0.003413899977,0.071897097212
0.304761275000,-0.061133272708,0.003367198447,0.054628575909
0.302134022600,-0.061336664827,0.003337121990,0.052022131432
0.299506770300,-0.061471845342,0.003435807906,0.043443651204
0.296879517900,-0.061667540619,0.003551600073,0.056801546969
0.294252265500,-0.061841683813,0.003608792363,0.045019983633
0.291625013200,-0.061919265569,0.003660950695,0.005059488275
0.288997760800,-0.061884272165,0.003759334890,-0.028798560660
0.286370508400,-0.061783661529,0.003778656412,-0.063559334280
0.283743256000,-0.061605776954,0.003743340778,-0.067630363787
0.281116003700,-0.061450978493,0.003669258680,-0.039797273738
0.278488751300,-0.061400238832,0.003578323412,-0.005896770081
0.275861498900,-0.061375611482,0.003433278088,-0.007064902382
0.273234246600,-0.061275669422,0.003253203145,-0.025029824680
0.270606994200,-0.061180896612,0.003097928977,-0.016065754786
0.267979741800,-0.061193618215,0.002961774905,-0.008883435920
0.265352489400,-0.061186876215,0.002874012455,-0.029347374064
0.262725237100,-0.061113625052,0.002757444227,-0.050830955125
0.260097984700,-0.060970053544,0.002783286845,-0.051993513314
0.257470732300,-0.060903175933,0.002898905209,-0.008938218236
0.254843480000,-0.060984212716,0.002930591204,0.024682317174
0.252216227600,-0.061072995839,0.003036456457,-0.005545422829
0.249588975200,-0.061110117245,0.003242936124,0.006447119481
0.246961722900,-0.061265353461,0.003292178109,0.020280870694
0.244334470500,-0.061347098166,0.003281564860,-0.018641203080
0.241707218100,-0.061321672716,0.003217961266,-0.025997809002
0.239079965700,-0.061359638509,0.003064398656,-0.025402608250
0.236452713400,-0.061359914974,0.002861119487,-0.031166630711
0.233825461000,-0.061320661676,0.002696604362,0.016765147404
0.231198208600,-0.061497376042,0.002507837968,0.034873269712
0.228570956300,-0.061568247647,0.002334475605,0.036630826830
0.225943703900,-0.061723244619,0.002174685699,0.075293664674
0.223316451500,-0.062004982999,0.002090332252,0.090612587922
0.220689199100,-0.062259621482,0.002088226226,0.068406429716
0.218061946800,-0.062451519903,0.002026688136,0.025904095452
0.215434694400,-0.062472158496,0.001932608122,0.004095188414
0.212807442000,-0.062512797668,0.001876578719,0.023178152402
0.210180189700,-0.062613059045,0.001817260998,-0.011454986009
0.207552937300,-0.062468166682,0.001772645417,-0.074952469530
0.204925684900,-0.062209215444,0.001646715912,-0.087461169423
0.202298432500,-0.061965815168,0.001490373228,-0.067590976729
0.199671180200,-0.061805891591,0.001544021771,-0.016578928854
0.197043927800,-0.061816040807,0.001549175720,0.042999040881
0.194416675400,-0.061963278236,0.001563316790,0.075413000166
0.191789423100,-0.062143820712,0.001743588230,0.079071250939
0.189162170700,-0.062303910524,0.001925851169,0.069616430913
0.186534918300,-0.062451791070,0.002123347681,0.083026557629
0.183907666000,-0.062680297502,0.002205752243,0.078697682508
0.181280413600,-0.062858429428,0.002404830226,0.047766270553
0.178653161200,-0.062952506625,0.002560920747,0.015384136075
0.176025908800,-0.062882585344,0.002685952557,-0.019907984163
0.173398656500,-0.062780211186,0.002702070817,-0.038692354138
0.170771404100,-0.062609203408,0.002718115803,-0.051217290521
0.168144151700,-0.062424419912,0.002856817300,-0.034490386234
0.165516899400,-0.062389222192,0.002947453813,-0.043949210275
0.162889647000,-0.062146930853,0.002868132735,-0.086954076521
0.160262394600,-0.061893139918,0.002851132683,-0.067842013798
0.157635142200,-0.061745321378,0.002873744583,-0.077552639770
0.155007889900,-0.061432070218,0.002677601370,-0.083121823415
0.152380637500,-0.061193307731,0.002489399780,-0.109083747535
0.149753385100,-0.060819778925,0.002465387186,-0.120231656291
0.147126132800,-0.060489585867,0.002402907319,-0.074685141737
0.144498880400,-0.060326334281,0.002208412751,-0.004574890129
0.141871628000,-0.060284727705,0.002097734220,0.060893659254
0.139244375600,-0.060516167158,0.002109001823,0.099145716340
0.136617123300,-0.060675199536,0.002071432725,0.080855261606
0.133989870900,-0.060833078053,0.002117654231,0.077087522847
0.131362618500,-0.061064501792,0.002162025613,0.072094303453
0.128735366200,-0.061257947639,0.002197550076,0.069358139417
0.126108113800,-0.061467968035,0.002284565675,0.112368152160
0.123480861400,-0.061876070014,0.002340644001,0.139779820533
0.120853609000,-0.062267611936,0.002325189485,0.097897705038
0.118226356700,-0.062513646675,0.002428926246,0.099750071342
0.115599104300,-0.062901905865,0.002650386803,0.140908843038
0.112971851900,-0.063375211864,0.002703115036,0.138595593650
0.110344599600,-0.063745925497,0.003018053569,0.093767431063
0.107717347200,-0.063935392547,0.003251461142,0.054886426018
0.105090094800,-0.064053550914,0.003256989003,0.024694881240
0.102462842500,-0.064062544770,0.003438243490,-0.013428133057
0.099835590100,-0.063974620018,0.003617233317,-0.037367271177
0.097208337700,-0.063827691202,0.003727293905,-0.057638477630
0.094581085300,-0.063602710097,0.003782915530,-0.075592476000
0.091953833000,-0.063381795894,0.003779058465,-0.049435943455
0.089326580600,-0.063339641693,0.003896766439,0.009432037394
0.086699328200,-0.063424102251,0.004141535957,0.042805805313
0.084072075900,-0.063546189679,0.004303376895,0.032145505348
0.081444823500,-0.063600354090,0.004386874388,0.021410052908
0.078817571100,-0.063740887397,0.004549003969,0.038379122824
0.076190318700,-0.063826395651,0.004552583782,0.042422438110
0.073563066400,-0.063966566166,0.004654978891,0.061032446028
0.070935814000,-0.064197477090,0.004648160003,0.062744038115
0.068308561600,-0.064369899307,0.004665272319,0.059107689641
0.065681309300,-0.064602051113,0.004699449462,0.066673974076
0.063054056900,-0.064741701928,0.004803486280,0.024481826645
0.060426804500,-0.064729036463,0.004821911048,0.011339040691
0.057799552100,-0.064860412239,0.004802503737,0.043254251261
0.055172299800,-0.065040200990,0.004861762504,0.041016970721
0.052545047400,-0.065135299545,0.004831769525,0.019504891467
0.049917795000,-0.065209101668,0.004832272529,0.027244468366
0.047290542700,-0.065414970560,0.004719155963,-0.005253486966
0.044663290300,-0.065361691810,0.004576333635,-0.043177254709
0.042036037900,-0.065311260290,0.004583380838,-0.010760199112
0.039408785500,-0.065392715884,0.004420356045,-0.024645887003
0.036781533200,-0.065268093250,0.004288812292,-0.059396698423
0.034154280800,-0.065151445553,0.004167120026,0.014493038574
0.031527028400,-0.065428675542,0.004059219521,0.068467249656
0.028899776100,-0.065623568727,0.003941518811,0.087355375137
0.026272523700,-0.065964091339,0.003736283722,0.115250998005
0.023645271300,-0.066262413319,0.003427641701,0.122080326273
0.021018019000,-0.066689430663,0.003083355456,0.218791047556
0.018390766600,-0.067488889189,0.002908339471,0.262464434084
0.015763514200,-0.068157048048,0.002517915991,0.215716364002
0.013136261800,-0.068652318775,0.002217757444,0.104105107502
0.010509009500,-0.068678513246,0.002137266333,-0.055380135171
0.007881757100,-0.068424216300,0.001808037776,-0.137370994283
0.005254504700,-0.068035431242,0.001650932710,-0.172356766375
0.002627252400,-0.067565379901,0.001627823587,-1.325787516736
0.000000000000,-0.061042688742,0.001421915279,-2.458373967010
