0.391460603250,0.038050558132,0.000437688702,-0.336720080612
0.388833350880,0.038873299125,0.000268095282,-0.293820234752
0.386206098510,0.039622167710,0.000285713533,-0.003863361777
0.383578846140,0.038848491168,0.000350705762,0.242762175214
0.380951593770,0.038332382504,0.000521075255,0.098758359440
0.378324341400,0.038438328369,0.000871736253,-0.230998442258
0.375697089030,0.039541136872,0.001101310069,-0.112508313804
0.373069836660,0.039146490248,0.001119309968,-0.009900091163
0.370442584290,0.039647881424,0.001152214639,-0.130032704913
0.367815331920,0.039837595101,0.001315033276,-0.241398197052
0.365188079550,0.040893270592,0.001462380146,-0.393823509712
0.362560827170,0.041795652744,0.001653336523,-0.258190507352
0.359933574800,0.042073628722,0.001774713709,-0.115850141191
0.357306322430,0.042294561667,0.001986673229,-0.114430944046
0.354679070060,0.042603214732,0.002131307789,-0.141449541262
0.352051817690,0.042983226075,0.002125619342,-0.123737833193
0.349424565320,0.043164848649,0.002038115237,-0.109579067472
0.346797312950,0.043407007900,0.002104280026,-0.134275813633
0.344170060580,0.043748499714,0.001976290020,-0.092499019827
0.341542808210,0.043866282339,0.002068214456,-0.043420443717
0.338915555840,0.043905269881,0.002146996687,-0.029063961419
0.336288303460,0.043950873825,0.002138168602,0.003980739118
0.333661051090,0.043750466532,0.002153116650,0.064730046579
0.331033798720,0.043569801430,0.002139734239,0.063344513256
0.328406546350,0.043384653599,0.002118215166,0.079609312157
0.325779293980,0.043146540173,0.002207015173,0.069816617836
0.323152041610,0.042955293629,0.002295059058,0.033864000016
0.320524789240,0.042888989057,0.002405269325,0.011051900500
0.317897536870,0.042890288298,0.002434076012,0.020216362935
0.315270284500,0.042740649730,0.002514405594,0.060071248479
0.312643032100,0.042542318643,0.002560384467,0.042946460114
0.310015779800,0.042432870289,0.002460954183,0.017149712386
0.307388527400,0.042354907162,0.002370652846,0.013129462975
0.304761275000,0.042240095672,0.002363025074,0.019428309620
0.302134022600,0.042141754882,0.002341678939,0.029202192670
0.299506770300,0.041978548519,0.002314045507,0.041175309815
0.296879517900,0.041824199390,0.002213158110,0.019226031236
0.294252265500,0.041776765443,0.002162982357,-0.000956777685
0.291625013200,0.041715289940,0.002185492889,-0.032016576465
0.288997760800,0.041843496727,0.001998612455,-0.094395798917
0.286370508400,0.042062239092,0.001890858624,-0.093586730902
0.283743256000,0.042213676265,0.001974205672,-0.069844623729
0.281116003700,0.042347855574,0.001936049496,-0.063389067585
0.278488751300,0.042440052956,0.001848822239,-0.054939266394
0.275861498900,0.042572719139,0.001753467703,-0.054926914608
0.273234246600,0.042716417598,0.001657766354,-0.028436346761
0.270606994200,0.042707809999,0.001570405498,-0.007261344382
0.267979741800,0.042679451538,0.001350009654,-0.034321405412
0.265352489400,0.042775693252,0.001179211068,-0.044492565674
0.262725237100,0.042876387648,0.001014331469,-0.018309207944
0.260097984700,0.042846725449,0.001020579262,0.015486563732
0.257470732300,0.042764351095,0.001015536835,0.011680622258
0.254843480000,0.042715515673,0.000914863745,0.017421210465
0.252216227600,0.042575384424,0.000919891510,0.062368546499
0.249588975200,0.042350988947,0.000985109939,0.073967512968
0.246961722900,0.042151368234,0.001066206360,0.085677487443
0.244334470500,0.041846911067,0.001093517741,0.106925230648
0.241707218100,0.041517415644,0.001078496906,0.080938161707
0.239079965700,0.041399285176,0.001246129041,0.047607422361
0.236452713400,0.041294569463,0.001225450066,0.089053654506
0.233825461000,0.040993474852,0.001154893477,0.102296181130
0.231198208600,0.040831074877,0.001100026928,0.027825669707
0.228570956300,0.040820608641,0.001080889595,0.012953621736
0.225943703900,0.040690239404,0.001009700078,0.045998957140
0.223316451500,0.040486503629,0.000858238166,0.067036535716
0.220689199100,0.040362815050,0.000897398506,0.083406857795
0.218061946800,0.040043574143,0.000760232235,0.140321892404
0.215434694400,0.039637030887,0.000541440264,0.162253343920
0.212807442000,0.039242326416,0.000519398491,0.160040334341
0.210180189700,0.038852499905,0.000472814273,0.141776625275
0.207552937300,0.038520110282,0.000385650715,0.104743904522
0.204925684900,0.038283458690,0.000361422947,0.063373037758
0.202298432500,0.038180777657,0.000425095153,0.050439131891
0.199671180200,0.038049696958,0.000497260485,0.029214372036
0.197043927800,0.038122524001,0.000547108095,-0.020925915181
0.194416675400,0.038223580891,0.000679101353,-0.033496014926
0.191789423100,0.038287366294,0.000802736586,-0.049259471446
0.189162170700,0.038397286934,0.000799072088,-0.072378708683
0.186534918300,0.038639265452,0.000790524601,-0.086831305094
0.183907666000,0.038824091354,0.000809753415,-0.038755618840
0.181280413600,0.038831370082,0.000909131483,-0.004556386502
0.178653161200,0.038842540458,0.000921967193,-0.004360856050
0.176025908800,0.038857629714,0.000945230171,-0.012085678092
0.173398656500,0.038923746502,0.000997242409,-0.000955160152
0.170771404100,0.038882430602,0.001078062370,0.010557565023
0.168144151700,0.038856297728,0.001161668574,-0.002402161073
0.165516899400,0.038856286934,0.001177525306,-0.008515733549
0.162889647000,0.038891036679,0.001140360039,-0.026619583077
0.160262394600,0.038881415163,0.001243901428,-0.004759556908
0.157635142200,0.038803736463,0.001319294524,-0.044048270102
0.155007889900,0.038988384227,0.001245173635,-0.058716162306
0.152380637500,0.038981042660,0.001169182122,-0.031354594815
0.149753385100,0.038935315783,0.001176370320,-0.063352592025
0.147126132800,0.039080600773,0.001249056975,-0.116217639957
0.144498880400,0.039362794816,0.001314703326,-0.154925657468
0.141871628000,0.039777889455,0.001346354435,-0.180917914030
0.139244375600,0.040158595866,0.001442659823,-0.191798229359
0.136617123300,0.040643069451,0.001457868078,-0.209472371612
0.133989870900,0.041163001435,0.001475755349,-0.189286373865
0.131362618500,0.041576735460,0.001349345234,-0.149235997966
0.128735366200,0.041901587054,0.001379193564,-0.118953739612
0.126108113800,0.042189200741,0.001386731927,-0.073397677404
0.123480861400,0.042273271906,0.001373779038,-0.026476413882
0.120853609000,0.042305049821,0.001363850102,0.001901633427
0.118226356700,0.042268120159,0.001397441843,0.052069254191
0.115599104300,0.042012188588,0.001371687386,0.098224127359
0.112971851900,0.041728004638,0.001175604629,0.109431480493
0.110344599600,0.041401685504,0.001110646987,0.114102865833
0.107717347200,0.041055912665,0.001082871447,0.088008194368
0.105090094800,0.040851323272,0.000967353457,0.098467480307
0.102462842500,0.040485581245,0.000818448331,0.153297325443
0.099835590100,0.040013697642,0.000943862678,0.166402392699
0.097208337700,0.039598786127,0.001070454883,0.179616044107
0.094581085300,0.039075168696,0.000969364591,0.186173587683
0.091953833000,0.038628208873,0.000929542820,0.169390562450
0.089326580600,0.038204224058,0.000788228494,0.156296199136
0.086699328200,0.037829986008,0.000691730061,0.105545897539
0.084072075900,0.037681045623,0.000540931739,0.021291760213
0.081444823500,0.037771995455,0.000453665048,-0.029106624460
0.078817571100,0.037871268876,0.000339177744,-0.072951163838
0.076190318700,0.038145487081,0.000286413164,-0.103172243694
0.073563066400,0.038391545746,0.000217743162,-0.089628560326
0.070935814000,0.038636061518,0.000112551981,-0.091554478927
0.068308561600,0.038891736257,-0.000071933922,-0.099708358014
0.065681309300,0.039193410061,-0.000134394199,-0.073619899410
0.063054056900,0.039285343200,-0.000083947201,0.035842110058
0.060426804500,0.038978588148,-0.000046466203,0.091627722765
0.057799552100,0.038769763882,0.000115292128,0.110011526113
0.055172299800,0.038349550306,0.000238429186,0.191744618451
0.052545047400,0.037779824693,0.000169242807,0.179510201460
0.049917795000,0.037390513979,0.000187187177,0.133079462308
0.047290542700,0.037012221931,0.000061481497,0.124482540365
0.044663290300,0.036670606573,0.000047740560,0.126790424180
0.042036037900,0.036359947575,-0.000012913640,0.111542297294
0.039408785500,0.036088764345,-0.000116827332,0.102241804720
0.036781533200,0.035813202023,-0.000302693635,0.072414284543
0.034154280800,0.035678051063,-0.000149723014,0.046807820663
0.031527028400,0.035626161852,-0.000006210338,0.012383714554
0.028899776100,0.035630048134,-0.000015360664,-0.009723460183
0.026272523700,0.035681420837,0.000098301104,-0.039232568841
0.023645271300,0.035866185430,0.000050983876,-0.071838242977
0.021018019000,0.036061875859,0.000123754484,-0.058956919278
0.018390766600,0.036141590988,0.000169675209,0.016102888054
0.015763514200,0.035942220182,0.000049013504,0.075805323543
0.013136261800,0.035741178198,-0.000146256775,0.015682630348
0.010509009500,0.035797830727,-0.000076029516,-0.062230469559
0.007881757100,0.036054330832,-0.000099660586,-0.113172331924
0.005254504700,0.036439707945,-0.000265280290,-0.089331802164
0.002627252400,0.036627747579,-0.000284554414,0.877284254026
0.000000000000,0.031995094029,-0.000157460381,1.787221945333
