0.391460603250,-0.054266208261,-0.000293020859,-0.852213557191
0.388833350880,-0.052181418830,-0.000934585310,-0.457367304586
0.386206098510,-0.051865665559,-0.001233689426,0.211676811104
0.383578846140,-0.053225789924,-0.001279165920,0.436273971268
0.380951593770,-0.054168508467,-0.001219327686,0.367230844924
0.378324341400,-0.055127692791,-0.001086826550,0.425859913331
0.375697089030,-0.056360789592,-0.000857066289,0.376803465776
0.373069836660,-0.057125789697,-0.000449286604,0.017823986021
0.370442584290,-0.056476455959,-0.000156664755,-0.180781725705
0.367815331920,-0.056184641498,0.000073246305,-0.022634815070
0.365188079550,-0.056370943683,0.000399873584,0.070859826745
0.362560827170,-0.056615125887,0.000804013932,-0.017407286196
0.359933574800,-0.056366386856,0.001287533926,-0.144253883583
0.357306322430,-0.055974316234,0.001682076808,-0.151552642097
0.354679070060,-0.055743483809,0.002093900359,-0.088222192195
0.352051817690,-0.055680321780,0.002287063612,-0.039152439453
0.349424565320,-0.055633646446,0.002459654480,-0.051132295928
0.346797312950,-0.055483751602,0.002627867262,-0.055897541235
0.344170060580,-0.055366280839,0.002751709607,-0.025938415591
0.341542808210,-0.055346167427,0.002683637285,0.006107631800
0.338915555840,-0.055446275234,0.002601736309,0.025489339430
0.336288303460,-0.055559360490,0.002614138997,0.039970269557
0.333661051090,-0.055725820900,0.002600575845,0.059385313099
0.331033798720,-0.055887546463,0.002643685134,0.015603115193
0.328406546350,-0.055921605309,0.002703754451,0.014084088973
0.325779293980,-0.056002369566,0.002774719618,0.039361016339
0.323152041610,-0.056233060173,0.002784106383,0.064629204684
0.320524789240,-0.056465172209,0.002796413727,0.045462856239
0.317897536870,-0.056587690499,0.002803408582,0.040439933174
0.315270284500,-0.056658705506,0.002899532425,0.043247723645
0.312643032100,-0.056817430994,0.002844425287,0.074965017694
0.310015779800,-0.057084437170,0.002844757863,0.074688012792
0.307388527400,-0.057213981376,0.003014325077,0.069903503343
0.304761275000,-0.057420443171,0.002949311566,0.085236795300
0.302134022600,-0.057646857290,0.002947280888,0.063640560306
0.299506770300,-0.057717713244,0.002968437826,0.042832489934
0.296879517900,-0.057840453792,0.003033111131,0.043144728696
0.294252265500,-0.057952379229,0.003166304805,0.030294933609
0.291625013200,-0.058010181463,0.003252245675,0.063779152735
0.288997760800,-0.058319260855,0.003389520115,0.130214204266
0.286370508400,-0.058695400957,0.003423155802,0.094197290813
0.283743256000,-0.058774178600,0.003391307530,0.009461477288
0.281116003700,-0.058756835371,0.003467713321,-0.033692684360
0.278488751300,-0.058630985803,0.003385296562,-0.074599180745
0.275861498900,-0.058419763248,0.003161862788,-0.084079268517
0.273234246600,-0.058246773962,0.003029461193,-0.061096640558
0.270606994200,-0.058145003620,0.002819851682,-0.033718990624
0.267979741800,-0.058136695723,0.002492704570,-0.026938034218
0.265352489400,-0.058150659885,0.002320143458,-0.048313365670
0.262725237100,-0.058035649252,0.002249832706,-0.051934352842
0.260097984700,-0.057935909468,0.002326541480,-0.030925268964
0.257470732300,-0.057880676930,0.002371713081,-0.028106148401
0.254843480000,-0.057800258570,0.002529430757,-0.051616058523
0.252216227600,-0.057688850718,0.002616174843,-0.044659378232
0.249588975200,-0.057688515994,0.002646474153,0.030537286934
0.246961722900,-0.057802968764,0.002720576982,0.055557496996
0.244334470500,-0.057915835245,0.002834220705,0.047838039218
0.241707218100,-0.058000318965,0.002877380731,0.045906253732
0.239079965700,-0.058123619426,0.002867961774,0.060593205462
0.236452713400,-0.058303308266,0.002769384864,0.069301877941
0.233825461000,-0.058466447476,0.002655263086,0.038132639075
0.231198208600,-0.058540643735,0.002420470209,0.013766918833
0.228570956300,-0.058587066593,0.002195121894,0.004023852155
0.225943703900,-0.058607851903,0.002046581580,0.000215307663
0.223316451500,-0.058648419124,0.001874043254,0.015526213402
0.220689199100,-0.058747574054,0.001765153847,0.026701267017
0.218061946800,-0.058816819045,0.001661297209,0.031005680261
0.215434694400,-0.058900142913,0.001494956366,0.037824598422
0.212807442000,-0.058987042276,0.001400429874,0.032675803561
0.210180189700,-0.059061791846,0.001355138284,0.032907042789
0.207552937300,-0.059207979166,0.001369271870,0.023643759470
0.204925684900,-0.059201029091,0.001382164675,-0.008100454861
0.202298432500,-0.059120401109,0.001356329382,-0.039063922323
0.199671180200,-0.059051840454,0.001408277645,-0.048203705918
0.197043927800,-0.058861605977,0.001418444654,-0.064741044127
0.194416675400,-0.058664819374,0.001425578095,-0.049110372328
0.191789423100,-0.058552313987,0.001454824223,-0.028660259595
0.189162170700,-0.058516188590,0.001493821015,0.023029292545
0.186534918300,-0.058629354416,0.001545784773,0.031200691692
0.183907666000,-0.058742227240,0.001679031614,0.027639665565
0.181280413600,-0.058749584229,0.001664000019,0.002548168227
0.178653161200,-0.058730886200,0.001761267723,0.003489883487
0.176025908800,-0.058743990199,0.001910464761,0.024736096293
0.173398656500,-0.058853731915,0.001982306029,0.027498705954
0.170771404100,-0.058896174115,0.002143614614,-0.027901468009
0.168144151700,-0.058730037956,0.002280533745,-0.034619073749
0.165516899400,-0.058718153004,0.002335710958,0.007996484899
0.162889647000,-0.058782677788,0.002549182119,0.037770849641
0.160262394600,-0.058860370681,0.002755900653,0.036000978814
0.157635142200,-0.058886305167,0.002795021743,0.011488958528
0.155007889900,-0.058813270195,0.002706671047,-0.009650451149
0.152380637500,-0.058735691453,0.002661345721,-0.021676661739
0.149753385100,-0.058666622280,0.002558457364,-0.062494618942
0.147126132800,-0.058342015892,0.002503551868,-0.113888192349
0.144498880400,-0.058030573430,0.002519007609,-0.078322182948
0.141871628000,-0.057898704060,0.002383885425,-0.064627567366
0.139244375600,-0.057730493523,0.002251608774,-0.084392059825
0.136617123300,-0.057541671336,0.002111882687,-0.118502372508
0.133989870900,-0.057263925814,0.002155436067,-0.078169635289
0.131362618500,-0.057130771308,0.002124148238,-0.040570204155
0.128735366200,-0.057060234986,0.002077492085,-0.008406509995
0.126108113800,-0.057092217713,0.002067307451,0.033635560555
0.123480861400,-0.057237542540,0.002050044476,0.077358036537
0.120853609000,-0.057471209294,0.002082201059,0.092656824321
0.118226356700,-0.057748753829,0.002187274111,0.125165134734
0.115599104300,-0.058173179241,0.002345379831,0.160153925137
0.112971851900,-0.058651580866,0.002425775819,0.167529059072
0.110344599600,-0.059151847738,0.002590730812,0.169514711542
0.107717347200,-0.059667726892,0.002674200763,0.162206071300
0.105090094800,-0.060128504681,0.002580349753,0.161847456750
0.102462842500,-0.060645282731,0.002598638008,0.157327954940
0.099835590100,-0.061109222914,0.002820625076,0.123468116538
0.097208337700,-0.061410229543,0.002919481765,0.072812872856
0.094581085300,-0.061571860217,0.002914010906,0.037102669265
0.091953833000,-0.061670864916,0.002963497858,0.008531175852
0.089326580600,-0.061697552957,0.003110873812,-0.057113854554
0.086699328200,-0.061437707675,0.003247708338,-0.122071225104
0.084072075900,-0.061123590011,0.003407631027,-0.161982603099
0.081444823500,-0.060628082159,0.003581476151,-0.175580036149
0.078817571100,-0.060229969713,0.003612334126,-0.153596862357
0.076190318700,-0.059922075283,0.003575034578,-0.136259728148
0.073563066400,-0.059600011563,0.003706926865,-0.046311884080
0.070935814000,-0.059713231606,0.003850918138,0.033461574109
0.068308561600,-0.059831849938,0.003848503330,0.001138136048
0.065681309300,-0.059792396951,0.003909301521,0.003578835933
0.063054056900,-0.059942912369,0.003973499470,0.081387705718
0.060426804500,-0.060309453172,0.004000189921,0.134254531706
0.057799552100,-0.060732240520,0.004095624249,0.135115741392
0.055172299800,-0.061070068129,0.004101596024,0.105332093899
0.052545047400,-0.061367135175,0.004114021267,0.078662844871
0.049917795000,-0.061556825252,0.004172621579,0.089554327246
0.047290542700,-0.061775994194,0.004183050135,0.086115856259
0.044663290300,-0.061975273509,0.004136240052,0.053102236038
0.042036037900,-0.062097277868,0.004180431708,0.055645837283
0.039408785500,-0.062350982957,0.004150987534,0.051126323256
0.036781533200,-0.062515811152,0.004030810930,-0.013802056906
0.034154280800,-0.062409620279,0.003929221307,-0.076679911346
0.031527028400,-0.062213984192,0.003724509179,-0.053195767274
0.028899776100,-0.062232874154,0.003543185888,-0.015619973037
0.026272523700,-0.062254288974,0.003495997124,0.022236186955
0.023645271300,-0.062439162994,0.003385042836,0.072927797010
0.021018019000,-0.062676889399,0.003202289668,0.087129220558
0.018390766600,-0.062989572991,0.002999161238,0.071415922192
0.015763514200,-0.063213671575,0.002791698994,0.033562580150
0.013136261800,-0.063335814746,0.002598326016,0.001832836549
0.010509009500,-0.063389999250,0.002358753776,0.000016327536
0.007881757100,-0.063470974386,0.001929472787,0.029832468242
0.005254504700,-0.063659781277,0.001735190798,0.021891960606
0.002627252400,-0.063679561007,0.001607772191,-0.608766114778
0.000000000000,-0.060531041640,0.000931195459,-1.185712061392
