0.391460603250,-0.033072325804,0.000570524851,0.134247886890
0.388833350880,-0.033395009952,0.000631085153,0.093521617346
0.386206098510,-0.033631899757,0.000712188395,0.281724347564
0.383578846140,-0.034634663286,0.000801563086,0.254879513619
0.380951593770,-0.034931302624,0.000905836107,0.106023939027
0.378324341400,-0.035164862330,0.001072770685,0.068733127466
0.375697089030,-0.035230875880,0.001264103476,0.017654992167
0.373069836660,-0.035241604945,0.001393366790,-0.168150735168
0.370442584290,-0.034313539610,0.001376046029,-0.145770253322
0.367815331920,-0.034516877869,0.001425472252,0.004830325969
0.365188079550,-0.034330825155,0.001476228074,-0.105389163010
0.362560827170,-0.033886641744,0.001593587290,-0.265187972905
0.359933574800,-0.032815922779,0.001576599509,-0.129021895561
0.357306322430,-0.033270378981,0.001554718077,0.089053755057
0.354679070060,-0.033372631100,0.001583758673,-0.015695691820
0.352051817690,-0.033313037437,0.001568604713,-0.088502313224
0.349424565320,-0.032972044298,0.001603327761,-0.126609646632
0.346797312950,-0.032678104694,0.001665702789,-0.124233548441
0.344170060580,-0.032418438576,0.001788358202,-0.088560456230
0.341542808210,-0.032273016092,0.001929601054,-0.023113549022
0.338915555840,-0.032288007758,0.002059968060,0.011240945930
0.336288303460,-0.032391665793,0.002214819319,0.044970243704
0.333661051090,-0.032582225969,0.002339758581,0.076302892096
0.331033798720,-0.032830654513,0.002356179268,0.085382814619
0.328406546350,-0.033115146555,0.002410409410,0.110369558008
0.325779293980,-0.033513239276,0.002434890737,0.119358351162
0.323152041610,-0.033839684110,0.002488995323,0.106320357123
0.320524789240,-0.034181431373,0.002436956150,0.094745052862
0.317897536870,-0.034433885776,0.002416025774,0.059813757106
0.315270284500,-0.034555923262,0.002486758803,0.029026325826
0.312643032100,-0.034691271726,0.002503980047,0.029662915560
0.310015779800,-0.034823231117,0.002580440291,0.032807403959
0.307388527400,-0.034884633729,0.002480519934,-0.001553784251
0.304761275000,-0.034863209470,0.002579214259,-0.047271835718
0.302134022600,-0.034729469655,0.002717408639,-0.079901990901
0.299506770300,-0.034589084827,0.002763835836,-0.082492587539
0.296879517900,-0.034416316841,0.002749555172,-0.082865146336
0.294252265500,-0.034211147586,0.002769204221,-0.063991084201
0.291625013200,-0.034103112239,0.002819794531,-0.072163025973
0.288997760800,-0.033873410935,0.002782519044,-0.075322659971
0.286370508400,-0.033770986341,0.002665524975,-0.028291791090
0.283743256000,-0.033786088110,0.002598388987,-0.007550657561
0.281116003700,-0.033850065267,0.002569596290,0.020734599233
0.278488751300,-0.034020477656,0.002553897342,0.026998088229
0.275861498900,-0.034126784427,0.002524684439,0.017034656928
0.273234246600,-0.034216562387,0.002546422288,0.004306097274
0.270606994200,-0.034277570900,0.002560892217,-0.005568163022
0.267979741800,-0.034337586552,0.002505248513,0.002749532086
0.265352489400,-0.034427928689,0.002525468222,-0.013505291953
0.262725237100,-0.034441099475,0.002446595714,-0.004126339283
0.260097984700,-0.034576957602,0.002251924204,0.017859492676
0.257470732300,-0.034672821928,0.001914175666,0.009785250855
0.254843480000,-0.034724979499,0.001697550711,0.018870705391
0.252216227600,-0.034797623936,0.001592014122,-0.005975235801
0.249588975200,-0.034663861587,0.001416350791,-0.034637379237
0.246961722900,-0.034587011092,0.001424439946,0.003517751366
0.244334470500,-0.034625083009,0.001383103226,0.047888148318
0.241707218100,-0.034766794710,0.001328752996,0.105820580011
0.239079965700,-0.035076414246,0.001301338341,0.182681963036
0.236452713400,-0.035581841858,0.001276572492,0.223910894828
0.233825461000,-0.036106754589,0.001338795124,0.205483285226
0.231198208600,-0.036615810682,0.001382289095,0.182965147081
0.228570956300,-0.037083531923,0.001442201048,0.131854448645
0.225943703900,-0.037313016735,0.001603628885,0.024499905317
0.223316451500,-0.037245326534,0.001706281242,-0.041265771033
0.220689199100,-0.037106280596,0.001780750380,-0.055093261606
0.218061946800,-0.036989248133,0.001915429044,-0.061224270390
0.215434694400,-0.036859659806,0.001976289765,-0.070240236060
0.212807442000,-0.036699879485,0.002094199903,-0.079284114468
0.210180189700,-0.036517379864,0.002189663179,-0.052908155328
0.207552937300,-0.036466735278,0.002308158448,-0.010656363981
0.204925684900,-0.036445072515,0.002425173941,-0.010423830761
0.202298432500,-0.036429075276,0.002523953907,-0.013842916043
0.199671180200,-0.036392338429,0.002591878728,-0.030795917289
0.197043927800,-0.036290263822,0.002722546723,-0.026098279652
0.194416675400,-0.036241992433,0.002761626200,0.006664942209
0.191789423100,-0.036278908949,0.002794189738,0.025943339019
0.189162170700,-0.036397048756,0.002938521726,0.052084280593
0.186534918300,-0.036497771002,0.002957237012,0.035462676255
0.183907666000,-0.036490386772,0.002926909886,-0.034013435204
0.181280413600,-0.036265834207,0.002926729546,-0.068422187691
0.178653161200,-0.036084422591,0.002988384947,-0.064392486547
0.176025908800,-0.035863852594,0.003004687309,-0.066216436704
0.173398656500,-0.035614781252,0.002969559690,-0.070141446322
0.170771404100,-0.035432364380,0.002810504729,-0.079478326498
0.168144151700,-0.035132846907,0.002642705239,-0.106890568586
0.165516899400,-0.034810709730,0.002513869664,-0.109824734746
0.162889647000,-0.034496077068,0.002418563206,-0.118454012801
0.160262394600,-0.034125236633,0.002322555152,-0.121323655062
0.157635142200,-0.033805502639,0.002324387722,-0.101534147363
0.155007889900,-0.033555849813,0.002454947038,0.004782278809
0.152380637500,-0.033710559678,0.002544001456,0.140572003621
0.149753385100,-0.034060043502,0.002516590784,0.152724105717
0.147126132800,-0.034405221459,0.002546452118,0.150173417791
0.144498880400,-0.034734319000,0.002476371711,0.160917933288
0.141871628000,-0.035171749814,0.002386353170,0.159893529168
0.139244375600,-0.035544020997,0.002447751222,0.199877628419
0.136617123300,-0.036097284922,0.002375089204,0.261687495747
0.133989870900,-0.036759474043,0.002308998017,0.241681508004
0.131362618500,-0.037244937077,0.002311654918,0.182392110567
0.128735366200,-0.037563231785,0.002362534588,0.145225635807
0.126108113800,-0.037857445166,0.002560415672,0.121295236570
0.123480861400,-0.038088109094,0.002620707855,0.120915900560
0.120853609000,-0.038373372909,0.002789833736,0.107939405380
0.118226356700,-0.038486244726,0.002972599738,0.048597997210
0.115599104300,-0.038511553850,0.003052184990,0.004795876408
0.112971851900,-0.038437061370,0.003159425739,-0.036817488841
0.110344599600,-0.038244613400,0.003321464709,-0.043733688226
0.107717347200,-0.038186213468,0.003431929849,-0.059363394276
0.105090094800,-0.038000509518,0.003514118241,-0.072921902105
0.102462842500,-0.037848174746,0.003684621809,-0.041152317675
0.099835590100,-0.037816590502,0.003695045222,-0.046444495839
0.097208337700,-0.037634901827,0.003690133788,-0.059031741691
0.094581085300,-0.037571961274,0.003635801990,0.038802750726
0.091953833000,-0.037912506986,0.003539587564,0.081952355274
0.089326580600,-0.038080711098,0.003465800990,-0.002458571686
0.086699328200,-0.038076782940,0.003596744965,-0.028499954668
0.084072075900,-0.038127462792,0.003659166410,-0.017206387581
0.081444823500,-0.038262030645,0.003475233878,-0.006444252040
0.078817571100,-0.038397804296,0.003471986763,0.001186208969
0.076190318700,-0.038583946058,0.003479846676,-0.019566957058
0.073563066400,-0.038632259401,0.003480958870,-0.048449453958
0.070935814000,-0.038616995612,0.003655052655,-0.048887652447
0.068308561600,-0.038700958061,0.003628583529,-0.061423693802
0.065681309300,-0.038631628744,0.003501123818,-0.056851493545
0.063054056900,-0.038798475955,0.003497675557,-0.040271494107
0.060426804500,-0.038798948216,0.003565104415,-0.075453040543
0.057799552100,-0.038720937298,0.003534600567,-0.076699591467
0.055172299800,-0.038721198171,0.003441269551,-0.051916824135
0.052545047400,-0.038727033616,0.003422637212,-0.064613170720
0.049917795000,-0.038616405787,0.003471976228,-0.088102075657
0.047290542700,-0.038523014222,0.003325262938,-0.041420981109
0.044663290300,-0.038625341373,0.003277032803,0.008556625420
0.042036037900,-0.038821326772,0.003358773705,0.027377886535
0.039408785500,-0.038960777099,0.003343017858,0.052658010416
0.036781533200,-0.039244689450,0.003318577074,0.107485530560
0.034154280800,-0.039685752854,0.003191653577,0.182237700778
0.031527028400,-0.040312456442,0.003026858317,0.246576475667
0.028899776100,-0.041057803436,0.002712880457,0.187241452568
0.026272523700,-0.041362579861,0.002461576754,-0.416435749967
0.023645271300,-0.038902145279,0.002287783756,-0.424577681469
0.021018019000,-0.039142547181,0.002278391673,0.747917923961
0.018390766600,-0.042822539014,0.002116792040,0.638863354300
0.015763514200,-0.042640086176,0.001870678620,-0.126404804897
0.013136261800,-0.042316573501,0.001778295376,-0.105613415168
0.010509009500,-0.042189478485,0.001643737071,-0.098026563101
0.007881757100,-0.041866588658,0.001543547762,-0.183775972614
0.005254504700,-0.041296692853,0.001556257029,-0.306742562821
0.002627252400,-0.040295832857,0.001622971498,-1.128228289909
0.000000000000,-0.035335221858,0.001410881990,-1.883052223256
