0.391460603250,-0.027818301555,0.000241674265,0.443090460092
0.388833350880,-0.028930963822,-0.000102041050,0.430083796817
0.386206098510,-0.029959549661,0.000028019330,0.029693284056
0.383578846140,-0.029121514875,0.000025022340,0.052669061534
0.380951593770,-0.030174389826,0.000232111918,0.164180156961
0.378324341400,-0.029976628007,0.000464576512,-0.098734947172
0.375697089030,-0.029646135326,0.000628047345,-0.096557457852
0.373069836660,-0.029421686938,0.000769958320,0.077120460477
0.370442584290,-0.029973819347,0.000844041102,0.129380570125
0.367815331920,-0.030004771299,0.000904929700,-0.243759256321
0.365188079550,-0.028640810503,0.001093235226,-0.192841035009
0.362560827170,-0.028909889129,0.001261620794,0.127034500093
0.359933574800,-0.029203495286,0.001487640442,0.024681919010
0.357306322430,-0.028871485424,0.001579175410,-0.081162898946
0.354679070060,-0.028729210499,0.001683532477,-0.071955867457
0.352051817690,-0.028457511603,0.001690026638,-0.137938841589
0.349424565320,-0.028260329764,0.001910372865,-0.131495969569
0.346797312950,-0.027972762821,0.001834616990,-0.122436253346
0.344170060580,-0.027817394524,0.001932316792,-0.077724782596
0.341542808210,-0.027751814278,0.001954906378,-0.087397288567
0.338915555840,-0.027663341119,0.001961421603,-0.044119086497
0.336288303460,-0.027613243506,0.001966146119,-0.013715436407
0.333661051090,-0.027680002692,0.002127041423,0.017282917934
0.331033798720,-0.027826095938,0.002102401810,0.035013724519
0.328406546350,-0.028006087171,0.002152778114,0.034932770201
0.325779293980,-0.028122248180,0.002299678768,0.023124261653
0.323152041610,-0.028205716262,0.002366389744,0.049805147231
0.320524789240,-0.028419780145,0.002447145357,0.055746586516
0.317897536870,-0.028620317193,0.002407139323,0.053496157984
0.315270284500,-0.028819005420,0.002301136055,0.056157035564
0.312643032100,-0.028925955510,0.002403920129,0.030897834675
0.310015779800,-0.029006820886,0.002346640348,0.043826279842
0.307388527400,-0.029178544004,0.002381265031,0.041621973522
0.304761275000,-0.029234969756,0.002532434473,0.022802938308
0.302134022600,-0.029329529259,0.002509878588,0.026103352148
0.299506770300,-0.029405871406,0.002396196855,-0.002923369354
0.296879517900,-0.029349249960,0.002439420638,-0.019440550330
0.294252265500,-0.029355783505,0.002435313905,-0.027296003614
0.291625013200,-0.029290713032,0.002482927733,-0.050285087566
0.288997760800,-0.029162374998,0.002375034867,-0.056069511438
0.286370508400,-0.029067143703,0.002257479105,-0.079141482944
0.283743256000,-0.028890301795,0.002257140624,-0.095400317106
0.281116003700,-0.028750570066,0.002298165468,-0.082279319003
0.278488751300,-0.028587776316,0.002300060283,-0.083703513640
0.275861498900,-0.028466144553,0.002163255121,-0.085252183528
0.273234246600,-0.028379916894,0.001980406447,-0.050235743356
0.270606994200,-0.028394416756,0.001834484483,-0.013174478449
0.267979741800,-0.028487118024,0.001566030935,-0.028263823923
0.265352489400,-0.028458287644,0.001309824441,-0.081751007246
0.262725237100,-0.028361176899,0.001286696114,-0.044253663394
0.260097984700,-0.028494258441,0.001227356725,0.023156035871
0.257470732300,-0.028669075518,0.001297488803,0.033822402894
0.254843480000,-0.028778255076,0.001370956381,0.036480139511
0.252216227600,-0.028973267063,0.001368878493,0.065335019375
0.249588975200,-0.029236564499,0.001351149553,0.081465015305
0.246961722900,-0.029480056868,0.001493718728,0.084915892708
0.244334470500,-0.029723095429,0.001567945988,0.075608833912
0.241707218100,-0.029919783070,0.001610151608,0.062648432353
0.239079965700,-0.030053235311,0.001679434526,0.046035603266
0.236452713400,-0.030170963527,0.001707162915,0.046978454184
0.233825461000,-0.030329910384,0.001660839683,0.051537234031
0.231198208600,-0.030561242663,0.001536704276,0.073603831560
0.228570956300,-0.030793770492,0.001573497856,0.092429253291
0.225943703900,-0.031050607696,0.001532204121,0.089633325315
0.223316451500,-0.031231252465,0.001483150287,0.086284980627
0.220689199100,-0.031483062281,0.001398221127,0.130047308340
0.218061946800,-0.031860190267,0.001290948530,0.153505077305
0.215434694400,-0.032244181187,0.001350831719,0.158844354816
0.212807442000,-0.032663933861,0.001322732045,0.155958315124
0.210180189700,-0.033061260338,0.001304197821,0.146094841263
0.207552937300,-0.033427849663,0.001267082387,0.115189657794
0.204925684900,-0.033602899806,0.001294456249,0.054455470857
0.202298432500,-0.033651344779,0.001307092887,0.001650514152
0.199671180200,-0.033601911050,0.001373941976,-0.036061721210
0.197043927800,-0.033444641866,0.001451391073,-0.029420681975
0.194416675400,-0.033428910265,0.001498857439,-0.013826852911
0.191789423100,-0.033356196727,0.001653850739,-0.053446364266
0.189162170700,-0.033169708283,0.001788630416,-0.071991677945
0.186534918300,-0.032982861494,0.001851982631,-0.072342889809
0.183907666000,-0.032798770885,0.001814956490,-0.039382131191
0.181280413600,-0.032805190305,0.001812932001,-0.020334897082
0.178653161200,-0.032762107124,0.001922032064,-0.029626736905
0.176025908800,-0.032719753468,0.002079770040,-0.034261352274
0.173398656500,-0.032655806333,0.002183868252,-0.036104409888
0.170771404100,-0.032602330366,0.002229436543,-0.011744153161
0.168144151700,-0.032697823090,0.002240567999,0.006694595738
0.165516899400,-0.032757172763,0.002275672155,-0.004994387269
0.162889647000,-0.032746824330,0.002285644881,-0.028691358860
0.160262394600,-0.032696156883,0.002251035803,-0.041581727709
0.157635142200,-0.032666455684,0.002342815153,-0.038267781137
0.155007889900,-0.032626738612,0.002379127264,-0.043557292690
0.152380637500,-0.032559876006,0.002377223144,-0.066635180832
0.149753385100,-0.032418851477,0.002419131907,-0.111854025509
0.147126132800,-0.032160561244,0.002472780859,-0.139428289579
0.144498880400,-0.031877452855,0.002465079668,-0.168659395908
0.141871628000,-0.031444318286,0.002527519009,-0.209134050694
0.139244375600,-0.030923896479,0.002570095604,-0.218019492436
0.136617123300,-0.030405050417,0.002645688007,-0.204536500397
0.133989870900,-0.029947580356,0.002708789575,-0.157553232812
0.131362618500,-0.029667681999,0.002833811653,-0.096096018502
0.128735366200,-0.029486453064,0.002878454953,-0.084007649376
0.126108113800,-0.029324453328,0.002761251747,-0.038692840879
0.123480861400,-0.029373319587,0.002789080394,0.020558138876
0.120853609000,-0.029487195937,0.002813651118,0.056411543195
0.118226356700,-0.029698371926,0.002862037879,0.081296338723
0.115599104300,-0.030006689310,0.002810205645,0.113735513686
0.112971851900,-0.030377234347,0.002721775419,0.147345861052
0.110344599600,-0.030799198538,0.002637062806,0.141345867661
0.107717347200,-0.031151484598,0.002546020094,0.123748491470
0.105090094800,-0.031474502512,0.002422916236,0.110800653628
0.102462842500,-0.031776471467,0.002468369973,0.142738606851
0.099835590100,-0.032281351494,0.002421975516,0.178102843534
0.097208337700,-0.032795777107,0.002421900090,0.159311012244
0.094581085300,-0.033200878759,0.002427344283,0.150165749589
0.091953833000,-0.033639220888,0.002418022926,0.163754631384
0.089326580600,-0.034054713910,0.002330193757,0.091617401470
0.086699328200,-0.034106494810,0.002268652712,-0.015110163354
0.084072075900,-0.034012529424,0.002086009147,-0.070957390900
0.081444823500,-0.033784407891,0.001940962085,-0.080827109318
0.078817571100,-0.033643797791,0.001865069030,-0.057250868113
0.076190318700,-0.033516461066,0.001831096322,-0.084278633052
0.073563066400,-0.033226222707,0.001758524732,-0.112708909481
0.070935814000,-0.032942113123,0.001773079583,-0.079841184239
0.068308561600,-0.032788645128,0.001627781735,-0.015080286034
0.065681309300,-0.032851415116,0.001572074479,0.008409488034
0.063054056900,-0.032918215456,0.001821646771,0.025848852113
0.060426804500,-0.033095752909,0.001767321468,0.098038079822
0.057799552100,-0.033502988517,0.001758024310,0.156192976366
0.055172299800,-0.033943818070,0.001633510618,0.159337951771
0.052545047400,-0.034330624697,0.001578896051,0.133219581209
0.049917795000,-0.034683524003,0.001570962365,0.134153636586
0.047290542700,-0.035085733640,0.001477064096,0.148862642266
0.044663290300,-0.035536443179,0.001396535197,0.150962852008
0.042036037900,-0.035943301079,0.001393015820,0.127251865104
0.039408785500,-0.036195450176,0.001291037019,0.075869967778
0.036781533200,-0.036416266799,0.001264008915,0.050639201669
0.034154280800,-0.036536687661,0.001258795572,0.027000447918
0.031527028400,-0.036584713305,0.001339564267,0.015478369900
0.028899776100,-0.036583563077,0.001378395851,-0.013211548915
0.026272523700,-0.036443952522,0.001347837400,-0.269358357925
0.023645271300,-0.035118876878,0.001220707974,-0.237366649463
0.021018019000,-0.035164850840,0.001046067373,0.254487464598
0.018390766600,-0.036442450449,0.001161349652,0.253642420946
0.015763514200,-0.036476988150,0.001175342160,0.037780203470
0.013136261800,-0.036614850871,0.000994551718,-0.000223697329
0.010509009500,-0.036592515422,0.000927212115,-0.045856319010
0.007881757100,-0.036450220843,0.000748854328,-0.107194075437
0.005254504700,-0.036039325958,0.000571258922,-0.326740592408
0.002627252400,-0.034665184470,0.000520943942,-2.199770950046
0.000000000000,-0.024463200620,0.000660675449,-3.916513266690
