0.391460603250,-0.049521854894,-0.000520591830,1.447614806342
0.388833350880,-0.053317046480,-0.000557521691,1.006388449336
0.386206098510,-0.054827422501,-0.000377870827,0.401722456063
0.383578846140,-0.055435690008,-0.000123636455,0.034470029499
0.380951593770,-0.055073536536,-0.000065885238,0.045028269624
0.378324341400,-0.055809047063,0.000073091928,0.214929536745
0.375697089030,-0.056198407164,0.000254749146,0.070446870082
0.373069836660,-0.056172877599,0.000375599780,0.042624552503
0.370442584290,-0.056407067132,0.000720705984,0.026386973375
0.367815331920,-0.056352997064,0.000911378077,-0.084200756124
0.365188079550,-0.055995519090,0.001105543659,-0.134758458226
0.362560827170,-0.055588143791,0.001299690218,-0.132768865508
0.359933574800,-0.055254005664,0.001420190609,-0.099259957780
0.357306322430,-0.055128435196,0.001551386487,-0.075269759890
0.354679070060,-0.054991739228,0.001700767547,-0.083555733701
0.352051817690,-0.054799148146,0.001743889554,-0.062974533795
0.349424565320,-0.054746639223,0.001903073985,0.007358441781
0.346797312950,-0.054914318905,0.002158642962,0.063833398554
0.344170060580,-0.055104997231,0.002312600534,0.029680053390
0.341542808210,-0.055123797164,0.002405483423,0.008683809024
0.338915555840,-0.055208521003,0.002469565831,0.060554469123
0.336288303460,-0.055402736163,0.002616035936,0.049514217025
0.333661051090,-0.055502326978,0.002724201275,0.042158233047
0.331033798720,-0.055642067888,0.002738411572,0.056572864623
0.328406546350,-0.055805190456,0.002854991156,0.040127398818
0.325779293980,-0.055823368366,0.002842121890,0.032428314589
0.323152041610,-0.055873208220,0.002809290366,0.050395283974
0.320524789240,-0.055973639820,0.002895000375,0.067153280639
0.317897536870,-0.056092960992,0.003071318490,0.121639433961
0.315270284500,-0.056489890389,0.003161948424,0.181500828495
0.312643032100,-0.056897320424,0.003089762509,0.179748004165
0.310015779800,-0.057257859693,0.003109190515,0.125955345632
0.307388527400,-0.057502397343,0.003151548808,0.102520524600
0.304761275000,-0.057777017733,0.003165302073,0.105129344761
0.302134022600,-0.058028435184,0.003144961357,0.104873804557
0.299506770300,-0.058283787452,0.003118518190,0.085291165360
0.296879517900,-0.058372299049,0.003197971902,0.050863104890
0.294252265500,-0.058415252455,0.003181490900,0.027920568516
0.291625013200,-0.058452253170,0.003177963727,-0.033194862946
0.288997760800,-0.058302944759,0.003199560253,-0.027986930809
0.286370508400,-0.058308001891,0.003295935765,-0.013235551058
0.283743256000,-0.058175280213,0.003342747661,-0.038496135784
0.281116003700,-0.058047483268,0.003295656642,-0.008906992869
0.278488751300,-0.058134238058,0.003179748262,0.042210500766
0.275861498900,-0.058232049568,0.003014384436,0.015009625683
0.273234246600,-0.058189974740,0.002928019839,-0.023710126984
0.270606994200,-0.058130345161,0.002873677244,-0.023056660813
0.267979741800,-0.058090724293,0.002796398109,-0.023121700332
0.265352489400,-0.057955348283,0.002782717369,-0.036368583345
0.262725237100,-0.057855695467,0.002737135899,-0.034267344804
0.260097984700,-0.057782179077,0.002800718892,-0.034677278110
0.257470732300,-0.057644125008,0.002976819637,-0.048930942875
0.254843480000,-0.057489629236,0.003137812412,-0.047756107478
0.252216227600,-0.057432714090,0.003205889204,-0.023628433418
0.249588975200,-0.057368303604,0.003396494711,-0.005612446107
0.246961722900,-0.057354469896,0.003602156326,0.002246852819
0.244334470500,-0.057344447658,0.003563747114,-0.015228870312
0.241707218100,-0.057253932201,0.003421736279,-0.022834500820
0.239079965700,-0.057213282223,0.003099155392,-0.034973296493
0.236452713400,-0.057091775648,0.002777172258,-0.040656450819
0.233825461000,-0.057016453008,0.002516865441,-0.008817544693
0.231198208600,-0.057037282370,0.002287737158,0.049695994943
0.228570956300,-0.057266057928,0.002124906814,0.086797852153
0.225943703900,-0.057521056147,0.002030071835,0.123491975838
0.223316451500,-0.057875511914,0.002071959070,0.117039010064
0.220689199100,-0.058133709007,0.002091814516,0.082589525551
0.218061946800,-0.058318124659,0.002074531157,0.046735218988
0.215434694400,-0.058407184210,0.002093602600,-0.003990328168
0.212807442000,-0.058299816423,0.002028984034,-0.062483977944
0.210180189700,-0.058108952085,0.001969329221,-0.072538993309
0.207552937300,-0.057964003795,0.001837059701,-0.091657871637
0.204925684900,-0.057657249080,0.001709340153,-0.120543007592
0.202298432500,-0.057369384274,0.001668974828,-0.111015068706
0.199671180200,-0.057144959175,0.001653942513,-0.079446133080
0.197043927800,-0.057019808469,0.001616935081,0.019719217239
0.194416675400,-0.057250238194,0.001768133901,0.090730451406
0.191789423100,-0.057454652109,0.001819947647,0.076860174571
0.189162170700,-0.057629785404,0.001932607154,0.070044910225
0.186534918300,-0.057877987606,0.002148249770,0.072586385588
0.183907666000,-0.058086020438,0.002399770719,0.067351613349
0.181280413600,-0.058243744297,0.002512320333,0.067060732459
0.178653161200,-0.058380720798,0.002534808716,0.051175866538
0.176025908800,-0.058459488185,0.002708843646,-0.004654643993
0.173398656500,-0.058386960084,0.002938861796,-0.054749152405
0.170771404100,-0.058259536723,0.003025148762,-0.074670916519
0.168144151700,-0.058150761469,0.003153350665,-0.077347402249
0.165516899400,-0.058011507035,0.003201986390,-0.077537095798
0.162889647000,-0.057910730979,0.003214074439,-0.068949683256
0.160262394600,-0.057822035361,0.003211220980,-0.094184127782
0.157635142200,-0.057590432924,0.003174428350,-0.112291089131
0.155007889900,-0.057386968938,0.003010740330,-0.108537091589
0.152380637500,-0.057156724576,0.002827180277,-0.102182818429
0.149753385100,-0.056964939813,0.002729594785,-0.091836729170
0.147126132800,-0.056777736793,0.002592742489,-0.094106183414
0.144498880400,-0.056547063943,0.002517616376,-0.066845313118
0.141871628000,-0.056483566923,0.002411416756,-0.012699898609
0.139244375600,-0.056575703198,0.002194920364,0.037794476346
0.136617123300,-0.056803664841,0.002246033490,0.042411819635
0.133989870900,-0.056876197625,0.002379833832,0.023271454308
0.131362618500,-0.056982088431,0.002425078901,0.056211827903
0.128735366200,-0.057254905975,0.002545210202,0.093274116645
0.126108113800,-0.057576651712,0.002653140189,0.072356709879
0.123480861400,-0.057773346243,0.002744775026,0.064291565593
0.120853609000,-0.058033091379,0.002792839457,0.094791069706
0.118226356700,-0.058406794261,0.002917309093,0.104894282771
0.115599104300,-0.058647276260,0.003128567101,0.075082933443
0.112971851900,-0.058870579242,0.003302642084,0.078179879669
0.110344599600,-0.059157560270,0.003402021815,0.054620952523
0.107717347200,-0.059215879596,0.003593514566,-0.001270854636
0.105090094800,-0.059192064202,0.003767836776,-0.037318164624
0.102462842500,-0.059071140682,0.003754631312,-0.069823096728
0.099835590100,-0.058911472497,0.003769026255,-0.095099432858
0.097208337700,-0.058688112132,0.003829660238,-0.087849459792
0.094581085300,-0.058492120067,0.003861599815,-0.055073849807
0.091953833000,-0.058391849377,0.003865496833,-0.011879353392
0.089326580600,-0.058471754628,0.003979983898,0.000392903831
0.086699328200,-0.058477871743,0.004362766671,0.015512767821
0.084072075900,-0.058617374709,0.004607723695,0.076085934043
0.081444823500,-0.058934626820,0.004555416209,0.091160984802
0.078817571100,-0.059120387581,0.004638487662,0.051004827010
0.076190318700,-0.059207892288,0.004781710614,0.061829733637
0.073563066400,-0.059495534281,0.004774983192,0.090320194954
0.070935814000,-0.059723678160,0.004674373488,0.061074223408
0.068308561600,-0.059853663539,0.004657949424,-0.003791913151
0.065681309300,-0.059722504059,0.004708545160,-0.012390396251
0.063054056900,-0.059775321368,0.004782701023,0.070936773201
0.060426804500,-0.060052699632,0.004787730741,0.126018764607
0.057799552100,-0.060406117534,0.004769696215,0.127388440437
0.055172299800,-0.060664262605,0.004680243869,0.064920528537
0.052545047400,-0.060720595242,0.004490198547,0.038076722965
0.049917795000,-0.060844122497,0.004410817052,0.048534139116
0.047290542700,-0.060993748516,0.004315819741,0.056307088433
0.044663290300,-0.061101865986,0.004198170502,0.027773151116
0.042036037900,-0.061079644654,0.004084683100,0.004851295039
0.039408785500,-0.061080878799,0.004019519515,0.028103803323
0.036781533200,-0.061184362236,0.003915015460,0.082449874031
0.034154280800,-0.061457226200,0.003874262550,0.106378124907
0.031527028400,-0.061644063181,0.003699092293,0.127413450497
0.028899776100,-0.062006051378,0.003582843478,0.153673193882
0.026272523700,-0.062359029240,0.003461535128,0.145353419310
0.023645271300,-0.062682907222,0.003163221101,0.175886370015
0.021018019000,-0.063166521253,0.002736820049,0.227414036182
0.018390766600,-0.063735899209,0.002444514806,0.277606020297
0.015763514200,-0.064523340378,0.002165719427,0.253627728432
0.013136261800,-0.064966258939,0.001812215246,0.118249202317
0.010509009500,-0.065038583794,0.001687401938,-0.019938588190
0.007881757100,-0.064736221866,0.001661013645,-0.138615347654
0.005254504700,-0.064237115985,0.001476035490,-0.182400795287
0.002627252400,-0.063715814759,0.001267045901,-1.189042105863
0.000000000000,-0.057935455064,0.000868095843,-2.198551826873
