0.391460603250,-0.043965006915,0.000070107883,1.202738144362
0.388833350880,-0.047071784672,-0.000117269120,0.773540448897
0.386206098510,-0.047873373198,-0.000207912753,-0.079080849143
0.383578846140,-0.046622649993,-0.000198828222,-0.113536505412
0.380951593770,-0.047245175023,-0.000000303704,0.359815914664
0.378324341400,-0.048487922618,0.000183961228,0.361000253282
0.375697089030,-0.049135248339,0.000360881797,0.180364999715
0.373069836660,-0.049439877557,0.000538838357,-0.301679833984
0.370442584290,-0.047544808266,0.000586721392,-0.355609497593
0.367815331920,-0.047569694650,0.000765490424,0.273574211362
0.365188079550,-0.048990216949,0.000933163524,0.126087248860
0.362560827170,-0.048269782523,0.001036514566,-0.434646699837
0.359933574800,-0.046705898274,0.001281189566,-0.398630979811
0.357306322430,-0.046233267153,0.001598116816,0.150322528041
0.354679070060,-0.047623217166,0.001763026157,0.161550399132
0.352051817690,-0.047318544336,0.001911002401,-0.139631224315
0.349424565320,-0.047031178097,0.002071594491,-0.114046930393
0.346797312950,-0.046844100470,0.002064308137,-0.105699430203
0.344170060580,-0.046623215784,0.002118707148,-0.102409174396
0.341542808210,-0.046397372318,0.002162384740,-0.047444591442
0.338915555840,-0.046374032679,0.002125795489,0.005434045220
0.336288303460,-0.046445646345,0.002137591120,0.028492276195
0.333661051090,-0.046558445637,0.002262933678,0.072606328057
0.331033798720,-0.046844363214,0.002382908295,0.101336071812
0.328406546350,-0.047114703337,0.002449938949,0.056069011767
0.325779293980,-0.047144367550,0.002328222195,0.017824988383
0.323152041610,-0.047258672810,0.002308895852,0.045876968935
0.320524789240,-0.047460998522,0.002419731625,0.055211836080
0.317897536870,-0.047612142578,0.002566178130,0.037278845570
0.315270284500,-0.047732744189,0.002618223038,0.045662917022
0.312643032100,-0.047913155523,0.002636620337,0.066700501014
0.310015779800,-0.048100407952,0.002579780780,0.051239226209
0.307388527400,-0.048244758109,0.002570674189,0.040027850292
0.304761275000,-0.048399526086,0.002587610742,0.049242776951
0.302134022600,-0.048574103717,0.002527672543,0.044410098697
0.299506770300,-0.048693122359,0.002515154610,0.008198757289
0.296879517900,-0.048669873444,0.002549336323,-0.029413784755
0.294252265500,-0.048580132624,0.002603676326,-0.034464364785
0.291625013200,-0.048497662159,0.002607967567,-0.034345392656
0.288997760800,-0.048435533271,0.002489000063,-0.027938641736
0.286370508400,-0.048440767092,0.002534335804,-0.011713594874
0.283743256000,-0.048442342537,0.002485005717,-0.031529805629
0.281116003700,-0.048379765717,0.002431169236,-0.054729963562
0.278488751300,-0.048279687346,0.002440255120,-0.049292404386
0.275861498900,-0.048229416114,0.002372620970,-0.029807470659
0.273234246600,-0.048193875848,0.002172745505,-0.037568915348
0.270606994200,-0.048061897199,0.001941867057,-0.055578316177
0.267979741800,-0.047935749421,0.001758821861,-0.022452967127
0.265352489400,-0.047946150726,0.001580992700,-0.010667532718
0.262725237100,-0.047870825481,0.001580091730,-0.030162049240
0.260097984700,-0.047844006762,0.001595176605,0.000803820720
0.257470732300,-0.047927872574,0.001548578053,0.032472495327
0.254843480000,-0.048047207571,0.001583064153,0.027752826975
0.252216227600,-0.048152116440,0.001558983090,0.040217812050
0.249588975200,-0.048336864862,0.001623553719,0.064425405984
0.246961722900,-0.048521563609,0.001677753642,0.050168957368
0.244334470500,-0.048654176990,0.001712393127,0.018154324573
0.241707218100,-0.048698813347,0.001734521874,0.036479658741
0.239079965700,-0.048897143734,0.001688807865,0.080917977324
0.236452713400,-0.049179836576,0.001845646776,0.082727481654
0.233825461000,-0.049364981107,0.001827748851,0.073386683297
0.231198208600,-0.049553612402,0.001637742279,0.069852920734
0.228570956300,-0.049746612264,0.001609548503,0.065932356018
0.225943703900,-0.049927944576,0.001608613984,0.065520563371
0.223316451500,-0.050117262938,0.001500760322,0.106530042370
0.220689199100,-0.050506567587,0.001473373945,0.136286443608
0.218061946800,-0.050869053206,0.001377534835,0.124768464570
0.215434694400,-0.051199984851,0.001299144757,0.122506057853
0.212807442000,-0.051586691529,0.001332376204,0.118315979924
0.210180189700,-0.051920260332,0.001286537597,0.087231664026
0.207552937300,-0.052113151788,0.001369926834,0.069399428161
0.204925684900,-0.052319283336,0.001412837780,0.033282371263
0.202298432500,-0.052338965166,0.001479640798,-0.027746258749
0.199671180200,-0.052241958104,0.001524660780,-0.047334515626
0.197043927800,-0.052146724607,0.001630784819,-0.054463271373
0.194416675400,-0.052036973511,0.001749966355,-0.069015037011
0.191789423100,-0.051898760188,0.001816601814,-0.088368077377
0.189162170700,-0.051687690915,0.001995855810,-0.084936652361
0.186534918300,-0.051585057376,0.002042194349,-0.055395192049
0.183907666000,-0.051532295485,0.002101830238,-0.073326096691
0.181280413600,-0.051338824378,0.002140684958,-0.053513838873
0.178653161200,-0.051365664281,0.002253720039,-0.004132892964
0.176025908800,-0.051423906500,0.002362212387,-0.007274980793
0.173398656500,-0.051370434868,0.002467735584,-0.012356775990
0.170771404100,-0.051381972037,0.002581214051,0.030555587744
0.168144151700,-0.051571618677,0.002589132740,0.028584110236
0.165516899400,-0.051634290972,0.002681304643,-0.019276115760
0.162889647000,-0.051561831147,0.002696934826,-0.043092628450
0.160262394600,-0.051542226733,0.002729733352,-0.023476783830
0.157635142200,-0.051579265428,0.002805951545,-0.020856979137
0.155007889900,-0.051544175459,0.002888326546,-0.036486789402
0.152380637500,-0.051475204925,0.002908406071,-0.066224040971
0.149753385100,-0.051270138763,0.002908440563,-0.094983428858
0.147126132800,-0.051039471382,0.003038874262,-0.106550761438
0.144498880400,-0.050790601626,0.003046880406,-0.168056160547
0.141871628000,-0.050256308201,0.003084825898,-0.222627677962
0.139244375600,-0.049721514791,0.003154210100,-0.196389483093
0.136617123300,-0.049293533173,0.003065838954,-0.189402532234
0.133989870900,-0.048795138534,0.003174291657,-0.181298059332
0.131362618500,-0.048374269945,0.003206360585,-0.089373687495
0.128735366200,-0.048238624517,0.003145071366,0.007290751445
0.126108113800,-0.048284284741,0.003139781086,0.061397477183
0.123480861400,-0.048473818961,0.003141019228,0.092284242027
0.120853609000,-0.048655296895,0.003043859895,0.099514701059
0.118226356700,-0.048893215043,0.003004860856,0.159429584139
0.115599104300,-0.049406928768,0.002950787849,0.206516682084
0.112971851900,-0.049898572137,0.002867867642,0.188872773274
0.110344599600,-0.050351689411,0.002830935175,0.174710971476
0.107717347200,-0.050737444787,0.002777631426,0.153763259487
0.105090094800,-0.051054142392,0.002724759169,0.152652785295
0.102462842500,-0.051469493903,0.002592442754,0.179296301012
0.099835590100,-0.051910088787,0.002481749821,0.160963441553
0.097208337700,-0.052324380061,0.002556687817,0.160719308702
0.094581085300,-0.052872872289,0.002647965989,0.208532383923
0.091953833000,-0.053366109903,0.002523899769,0.131991644777
0.089326580600,-0.053582840747,0.002464010088,0.030206413642
0.086699328200,-0.053562881984,0.002381265374,-0.043147660087
0.084072075900,-0.053379388322,0.002288658625,-0.064604876332
0.081444823500,-0.053238403721,0.002326485781,-0.044764461361
0.078817571100,-0.053119582256,0.002293108015,-0.065934485542
0.076190318700,-0.052906804369,0.002173209588,-0.104260305269
0.073563066400,-0.052698919790,0.002207111935,-0.119524202632
0.070935814000,-0.052416009717,0.002340042820,-0.131269794374
0.068308561600,-0.052203405491,0.002248351430,-0.085500985411
0.065681309300,-0.052163901854,0.002144228060,-0.007959441576
0.063054056900,-0.052241890758,0.002184307993,0.030352030206
0.060426804500,-0.052416006605,0.002279312259,0.092700506881
0.057799552100,-0.052817828258,0.002280079022,0.149772115002
0.055172299800,-0.053296172864,0.002203808413,0.169746645851
0.052545047400,-0.053757772950,0.002301248529,0.162973091043
0.049917795000,-0.054195643141,0.002238813651,0.161763249937
0.047290542700,-0.054720680253,0.002127247488,0.139515743474
0.044663290300,-0.055025090808,0.001948939058,0.078428945082
0.042036037900,-0.055210644839,0.001830474054,0.099974048851
0.039408785500,-0.055645703916,0.001729401314,0.101817178181
0.036781533200,-0.055819822980,0.001627943826,0.027423927989
0.034154280800,-0.055840751810,0.001499834238,-0.035760797776
0.031527028400,-0.055685133653,0.001432041517,-0.047830058588
0.028899776100,-0.055587524941,0.001391016007,-0.025615471861
0.026272523700,-0.055511868718,0.001364312453,-0.021305668233
0.023645271300,-0.055472890491,0.001433736112,-0.028801926235
0.021018019000,-0.055396901252,0.001290710409,-0.025300687364
0.018390766600,-0.055346814633,0.001132655583,0.042139572437
0.015763514200,-0.055562658167,0.001188968794,0.100349191561
0.013136261800,-0.055861299626,0.001172837398,0.034577626939
0.010509009500,-0.055815861062,0.001023872728,-0.080456920563
0.007881757100,-0.055526218077,0.000963441512,-0.145104336545
0.005254504700,-0.055119187349,0.001096029672,-0.379613897665
0.002627252400,-0.053604538156,0.001004765222,-1.070049151486
0.000000000000,-0.049538864440,0.000871713867,-1.559968233762
