0.391460603250,-0.006541986903,-0.000151569417,0.183880176346
0.388833350880,-0.006935261786,-0.000345195457,-0.011962362877
0.386206098510,-0.006609936661,-0.000497746843,-0.160703169279
0.383578846140,-0.006047078267,-0.000448017448,-0.038240563079
0.380951593770,-0.006434587726,-0.000395074436,0.232361310841
0.378324341400,-0.007343475218,-0.000399420613,0.266650099609
0.375697089030,-0.007889805536,-0.000311454275,0.077891134048
0.373069836660,-0.007808527367,-0.000109467626,0.046345648383
0.370442584290,-0.008233900141,0.000025955371,0.181571294445
0.367815331920,-0.008712447977,0.000184535484,0.089098201276
0.365188079550,-0.008643223279,0.000440429739,-0.052626128578
0.362560827170,-0.008410798951,0.000872482828,-0.087396390168
0.359933574800,-0.008165680585,0.001193208841,-0.092330070983
0.357306322430,-0.007934213314,0.001462221032,-0.090131926054
0.354679070060,-0.007664804442,0.001939792119,-0.148853840541
0.352051817690,-0.007155740750,0.002213932389,-0.167972270982
0.349424565320,-0.006774733992,0.002365555981,-0.076004702043
0.346797312950,-0.006699327764,0.002523790209,-0.028085915469
0.344170060580,-0.006608465929,0.002466485336,-0.026269867511
0.341542808210,-0.006613824454,0.002393952698,0.009958671353
0.338915555840,-0.006730501592,0.002375800274,0.042038934482
0.336288303460,-0.006904105944,0.002474480883,0.078131695007
0.333661051090,-0.007225139152,0.002529357119,0.100091687585
0.331033798720,-0.007461080893,0.002622147606,0.085472387703
0.328406546350,-0.007658346258,0.002598746853,0.074780617946
0.325779293980,-0.007876641602,0.002577484091,0.060263259546
0.323152041610,-0.008025911742,0.002542120397,0.049697318312
0.320524789240,-0.008162470920,0.002489308562,0.038215186628
0.317897536870,-0.008241785712,0.002451142108,0.008116991964
0.315270284500,-0.008231750940,0.002458683496,0.017513988966
0.312643032100,-0.008348087128,0.002384763421,0.033481872561
0.310015779800,-0.008502480259,0.002405595711,0.024191759132
0.307388527400,-0.008532147329,0.002558836062,0.000704568375
0.304761275000,-0.008547330137,0.002565226324,0.011159574402
0.302134022600,-0.008604463098,0.002626353680,0.035061050322
0.299506770300,-0.008756142065,0.002601040812,0.071960934628
0.296879517900,-0.009011185701,0.002586155285,0.048934389600
0.294252265500,-0.009136817716,0.002508946971,-0.001396102682
0.291625013200,-0.009193596294,0.002494598373,-0.023717080041
0.288997760800,-0.009204238000,0.002590410498,-0.055047365451
0.286370508400,-0.009168464585,0.002732216838,-0.045823807040
0.283743256000,-0.009170843246,0.002649499865,-0.046939592574
0.281116003700,-0.009202984304,0.002677879373,-0.023042685114
0.278488751300,-0.009293302573,0.002740131497,0.011082606501
0.275861498900,-0.009486489856,0.002812199772,0.000633219343
0.273234246600,-0.009540885790,0.002895488609,-0.013139407610
0.270606994200,-0.009628857492,0.002865668813,-0.007633383004
0.267979741800,-0.009662097541,0.002739364064,-0.032276720582
0.265352489400,-0.009608171558,0.002691480916,-0.082930318908
0.262725237100,-0.009383564979,0.002704031130,-0.133864664158
0.260097984700,-0.009063684687,0.002575777670,-0.151427908358
0.257470732300,-0.008699698484,0.002572643056,-0.156690049958
0.254843480000,-0.008375834188,0.002648101346,-0.098576929672
0.252216227600,-0.008299155781,0.002779942144,-0.047927828983
0.249588975200,-0.008255842987,0.002892514143,-0.036811580603
0.246961722900,-0.008330551166,0.002916205118,-0.008765783146
0.244334470500,-0.008411492042,0.002733356862,0.012804836733
0.241707218100,-0.008561570683,0.002695022381,0.028602316944
0.239079965700,-0.008723420615,0.002597697618,0.006838039936
0.236452713400,-0.008818215755,0.002370469726,-0.016391345067
0.233825461000,-0.008881885524,0.002314108691,-0.004285562898
0.231198208600,-0.009032201542,0.002190063735,0.007914130373
0.228570956300,-0.009101046327,0.001965411216,-0.000394142769
0.225943703900,-0.009133518627,0.001807406133,0.004375592689
0.223316451500,-0.009185822388,0.001639012717,-0.008112610125
0.220689199100,-0.009113792035,0.001562511835,-0.056454051630
0.218061946800,-0.009014959497,0.001543064561,-0.065322881295
0.215434694400,-0.008959192794,0.001348312345,-0.064297183077
0.212807442000,-0.008800116034,0.001186591090,-0.071805926359
0.210180189700,-0.008693764442,0.001192972655,-0.037820892012
0.207552937300,-0.008697848644,0.001101154900,-0.039923814936
0.204925684900,-0.008558644953,0.000893631265,-0.067897633167
0.202298432500,-0.008425668196,0.000853151268,-0.058052263582
0.199671180200,-0.008291054974,0.000827532370,-0.063501174850
0.197043927800,-0.008149048135,0.000749576328,-0.073717544037
0.194416675400,-0.007987150926,0.000722195127,-0.085821784029
0.191789423100,-0.007789625453,0.000758437180,-0.078180239706
0.189162170700,-0.007657802427,0.000676288673,-0.030608573689
0.186534918300,-0.007644850722,0.000662288277,-0.000191182237
0.183907666000,-0.007664497412,0.000850442715,-0.019683847244
0.181280413600,-0.007543967271,0.000847857690,-0.035315654926
0.178653161200,-0.007553907378,0.000944090480,-0.021719946212
0.176025908800,-0.007524672076,0.001062741249,-0.032924585591
0.173398656500,-0.007484095007,0.001165061517,-0.019038803489
0.170771404100,-0.007533596964,0.001177156352,-0.008737535619
0.168144151700,-0.007533653021,0.001142499496,0.001827901859
0.165516899400,-0.007607374220,0.001156853523,0.034362634444
0.162889647000,-0.007766164909,0.001204695005,0.040734661642
0.160262394600,-0.007872338766,0.001318276316,0.032559832637
0.157635142200,-0.007980193853,0.001431920731,0.007474092154
0.155007889900,-0.007936971512,0.001514275240,-0.002351652805
0.152380637500,-0.007961129360,0.001635438648,0.000859170653
0.149753385100,-0.007959435650,0.001742230688,0.000301294601
0.147126132800,-0.007963051892,0.001829728857,0.041361304257
0.144498880400,-0.008126161210,0.001857273058,0.025018430973
0.141871628000,-0.008006974762,0.001757352571,-0.042921029465
0.139244375600,-0.007907789217,0.001579967414,0.002710306882
0.136617123300,-0.008001506604,0.001476167646,0.007624091798
0.133989870900,-0.007920499311,0.001494743293,-0.035459391722
0.131362618500,-0.007789107847,0.001521651632,-0.074467294935
0.128735366200,-0.007533759377,0.001545241646,-0.098817812050
0.126108113800,-0.007261926820,0.001508706004,-0.076167276962
0.123480861400,-0.007140528846,0.001405049209,-0.017922817715
0.120853609000,-0.007196101791,0.001322734992,0.041841827928
0.118226356700,-0.007337155340,0.001298865510,0.062628329868
0.115599104300,-0.007509148421,0.001400802327,0.060539298305
0.112971851900,-0.007619231813,0.001474782927,0.078687770138
0.110344599600,-0.007845475992,0.001547037575,0.115120117060
0.107717347200,-0.008173290614,0.001510670044,0.150156294458
0.105090094800,-0.008530890685,0.001530638693,0.152870367028
0.102462842500,-0.008901887240,0.001675110421,0.172889708643
0.099835590100,-0.009389606979,0.001679845833,0.171828778142
0.097208337700,-0.009706651331,0.001593869010,0.129212116475
0.094581085300,-0.009991340041,0.001651136420,0.109723265177
0.091953833000,-0.010227710931,0.001579384795,0.091978861905
0.089326580600,-0.010410719721,0.001636659177,0.093659752934
0.086699328200,-0.010638773883,0.001660019932,0.057671076443
0.084072075900,-0.010599467577,0.001830417047,-0.005519517182
0.081444823500,-0.010483460168,0.002003620952,-0.008944381072
0.078817571100,-0.010454703453,0.002150901349,0.008841464172
0.076190318700,-0.010403704510,0.002174870870,-0.038258036632
0.073563066400,-0.010204738991,0.002332867245,-0.109516673747
0.070935814000,-0.009859981408,0.002554354288,-0.140331226457
0.068308561600,-0.009525211628,0.002642225025,-0.123429168154
0.065681309300,-0.009287101651,0.002861376471,-0.120008486394
0.063054056900,-0.009001222893,0.002944318572,-0.150068435147
0.060426804500,-0.008593098491,0.003070395132,-0.118799811204
0.057799552100,-0.008405198464,0.003105691603,-0.050522192841
0.055172299800,-0.008312042190,0.003096746832,-0.025229729174
0.052545047400,-0.008309577323,0.003048345946,0.033468504246
0.049917795000,-0.008562271661,0.003213792628,0.071900016477
0.047290542700,-0.008745537313,0.003129702668,0.109398214579
0.044663290300,-0.009119870849,0.003156432804,0.146212241131
0.042036037900,-0.009404835733,0.003214804114,0.108143718892
0.039408785500,-0.009663024621,0.003022048400,0.116360618946
0.036781533200,-0.010104564831,0.002964282417,0.142055102331
0.034154280800,-0.010390691555,0.002803154991,0.137584412077
0.031527028400,-0.010816421145,0.002644502959,0.131514442249
0.028899776100,-0.011090296301,0.002761325467,0.061414554290
0.026272523700,-0.011092358073,0.002689518474,-0.102998231648
0.023645271300,-0.010543950206,0.002366094199,-0.170653765448
0.021018019000,-0.010262592672,0.002199224898,0.110600440249
0.018390766600,-0.011142610147,0.002121531259,0.251541222743
0.015763514200,-0.011550796631,0.001981706780,0.166273475329
0.013136261800,-0.012025147657,0.001897461551,0.135695912349
0.010509009500,-0.012286871776,0.001830143438,0.100391083992
0.007881757100,-0.012578404395,0.001660149785,0.064410849880
0.005254504700,-0.012676711332,0.001322230421,-0.052960878331
0.002627252400,-0.012352811141,0.001085019198,-0.375640678435
0.000000000000,-0.010696243510,0.000503013635,-0.633440413065
