0.391460603250,-0.023578511106,0.000479293459,-0.268934996424
0.388833350880,-0.022944658490,0.000878476624,-0.228864281768
0.386206098510,-0.022367600213,0.000904733057,-0.042600703642
0.383578846140,-0.022558398355,0.001008808527,0.165693651454
0.380951593770,-0.023064811418,0.001176396243,0.028117948595
0.378324341400,-0.022596496263,0.001253021319,0.222368314028
0.375697089030,-0.024112866626,0.001467662189,0.293187993434
0.373069836660,-0.024210460646,0.001563903905,0.164877254510
0.370442584290,-0.024992360794,0.001596770869,0.115005977846
0.367815331920,-0.024805826118,0.001532513371,-0.062593038617
0.365188079550,-0.024569107754,0.001424925787,-0.067831204927
0.362560827170,-0.024368656344,0.001425301525,-0.051082800393
0.359933574800,-0.024263574601,0.001399714957,-0.050950337525
0.357306322430,-0.024043695220,0.001477859949,-0.094153211278
0.354679070060,-0.023859652668,0.001577245640,-0.046454915847
0.352051817690,-0.023674383413,0.001527345398,-0.114057363261
0.349424565320,-0.023394540436,0.001687999330,-0.141526929136
0.346797312950,-0.023072537220,0.001843102274,-0.137551963685
0.344170060580,-0.022801585322,0.001913221538,-0.091379209819
0.341542808210,-0.022650491798,0.001972045249,-0.034707680688
0.338915555840,-0.022611786167,0.001979723174,0.007283503436
0.336288303460,-0.022662432713,0.002116374536,0.013143218781
0.333661051090,-0.022808820997,0.002323470512,0.039461385601
0.331033798720,-0.023098060677,0.002363328572,0.085291201321
0.328406546350,-0.023456799356,0.002320182001,0.116052634674
0.325779293980,-0.023770399429,0.002375496774,0.092786668563
0.323152041610,-0.024000303184,0.002402810834,0.068741896793
0.320524789240,-0.024271512883,0.002403042365,0.087140405879
0.317897536870,-0.024536829757,0.002350246058,0.061119234423
0.315270284500,-0.024655626000,0.002371767072,0.056964019894
0.312643032100,-0.024909175974,0.002401978131,0.059382288365
0.310015779800,-0.025023519682,0.002385827863,0.003669099727
0.307388527400,-0.024973781810,0.002434642771,-0.013772554458
0.304761275000,-0.025038345770,0.002563409293,-0.020510070859
0.302134022600,-0.024980356877,0.002568664895,-0.074044040276
0.299506770300,-0.024750373162,0.002541826650,-0.094678884239
0.296879517900,-0.024594636162,0.002467820990,-0.079095168348
0.294252265500,-0.024454377143,0.002604427905,-0.067313420202
0.291625013200,-0.024314139941,0.002562325846,-0.057800489471
0.288997760800,-0.024202879072,0.002521884039,-0.058802031425
0.286370508400,-0.024060735458,0.002508746561,-0.056429576211
0.283743256000,-0.023948798637,0.002503845602,-0.031705220861
0.281116003700,-0.023987453131,0.002464987946,0.015027501925
0.278488751300,-0.024102511368,0.002450670178,0.020706839132
0.275861498900,-0.024225620907,0.002457223990,0.044557887570
0.273234246600,-0.024419342816,0.002397723295,0.064612691468
0.270606994200,-0.024603031193,0.002422393683,0.028724014271
0.267979741800,-0.024646760393,0.002421977936,-0.024896387426
0.265352489400,-0.024541468713,0.002392462531,-0.033623561818
0.262725237100,-0.024536585770,0.002299250063,0.006648211150
0.260097984700,-0.024691350052,0.002130122305,0.046760417810
0.257470732300,-0.024868887066,0.001929121021,0.049405709283
0.254843480000,-0.024926236373,0.001743004000,0.029190661150
0.252216227600,-0.024892715991,0.001645847077,0.009364757162
0.249588975200,-0.024858280837,0.001613031857,0.016179114333
0.246961722900,-0.024877587096,0.001553169056,0.052421089775
0.244334470500,-0.025038836228,0.001408472792,0.104494497233
0.241707218100,-0.025270810408,0.001347439574,0.128292000089
0.239079965700,-0.025563760887,0.001262895506,0.178957836436
0.236452713400,-0.026045646287,0.001246601790,0.244425574351
0.233825461000,-0.026743212627,0.001299802307,0.297086555385
0.231198208600,-0.027436023730,0.001263892724,0.233818761237
0.228570956300,-0.027825409261,0.001416760505,0.119567554605
0.225943703900,-0.027930069162,0.001540458888,0.020550721669
0.223316451500,-0.027825703993,0.001522872885,-0.037347642777
0.220689199100,-0.027731258683,0.001639542453,-0.050789796670
0.218061946800,-0.027552554061,0.001748243670,-0.046337841115
0.215434694400,-0.027464620100,0.001850712228,-0.054143829444
0.212807442000,-0.027305956151,0.001992100878,-0.071160904991
0.210180189700,-0.027109909376,0.002058628158,-0.037901659772
0.207552937300,-0.027084598717,0.002099001623,-0.008323910633
0.204925684900,-0.027019396300,0.002291744671,-0.033406812237
0.202298432500,-0.026888630972,0.002381962978,-0.053768391741
0.199671180200,-0.026791394831,0.002499622800,-0.028083004970
0.197043927800,-0.026794816578,0.002583897016,-0.011705558037
0.194416675400,-0.026826002796,0.002670208969,-0.011954280694
0.191789423100,-0.026762402422,0.002687541084,-0.026509691439
0.189162170700,-0.026679196621,0.002645618924,0.007454372525
0.186534918300,-0.026770596594,0.002673397385,0.027794444696
0.183907666000,-0.026832026042,0.002737952956,-0.022345977466
0.181280413600,-0.026713301544,0.002801523185,-0.076996866076
0.178653161200,-0.026521063440,0.002869340097,-0.099393472167
0.176025908800,-0.026303069577,0.002926437759,-0.120245070002
0.173398656500,-0.026021457685,0.002908128499,-0.154764540546
0.170771404100,-0.025649010759,0.002725973251,-0.149999640174
0.168144151700,-0.025342563445,0.002619696804,-0.096579422592
0.165516899400,-0.025179447890,0.002451934215,-0.083913199560
0.162889647000,-0.024922754139,0.002275806401,-0.109418057587
0.160262394600,-0.024560286514,0.002293756716,-0.091289751822
0.157635142200,-0.024332790992,0.002346568167,-0.071185828518
0.155007889900,-0.024084837462,0.002399930871,-0.031902093003
0.152380637500,-0.024046040256,0.002370844209,0.064317498156
0.149753385100,-0.024298933678,0.002347079229,0.140756103029
0.147126132800,-0.024718588515,0.002485466214,0.173461666617
0.144498880400,-0.025142915623,0.002510493177,0.191386311078
0.141871628000,-0.025583429260,0.002385383799,0.191418929088
0.139244375600,-0.025993168321,0.002259595388,0.186658433733
0.136617123300,-0.026424538874,0.002216532888,0.205294293887
0.133989870900,-0.026988192676,0.002350199060,0.223290971657
0.131362618500,-0.027535692042,0.002310015370,0.206676525751
0.128735366200,-0.028004890695,0.002387309784,0.171444968652
0.126108113800,-0.028332743218,0.002480536153,0.138864178643
0.123480861400,-0.028582676483,0.002611430655,0.101057301505
0.120853609000,-0.028710231714,0.002790473503,0.029017558163
0.118226356700,-0.028684348918,0.002914656168,-0.011333570636
0.115599104300,-0.028644710590,0.002985280128,0.034677068553
0.112971851900,-0.028722684985,0.003072439711,0.014169606757
0.110344599600,-0.028640316317,0.003080315784,-0.021888939116
0.107717347200,-0.028503173983,0.003064763672,-0.017693958282
0.105090094800,-0.028420518293,0.003322210763,-0.017213394794
0.102462842500,-0.028322412530,0.003427635859,-0.057465485914
0.099835590100,-0.028200045378,0.003402061255,-0.063847619285
0.097208337700,-0.028019922806,0.003414188153,-0.064790390284
0.094581085300,-0.027901315303,0.003309260012,-0.024784385539
0.091953833000,-0.027990979681,0.003239764874,0.027419038930
0.089326580600,-0.028218863817,0.003039971425,0.044526682509
0.086699328200,-0.028426189974,0.003078187962,0.007503279111
0.084072075900,-0.028494489964,0.003025444496,-0.001453369728
0.081444823500,-0.028664603153,0.003011238931,-0.024270623236
0.078817571100,-0.028630961983,0.003114490621,-0.025431762305
0.076190318700,-0.028807642807,0.003122895504,0.018797488102
0.073563066400,-0.028964156547,0.003066658165,-0.035892214096
0.070935814000,-0.028904694231,0.003018182749,-0.058438465617
0.068308561600,-0.028964579352,0.003072107448,-0.018336739780
0.065681309300,-0.029063153174,0.003038944589,-0.004587711550
0.063054056900,-0.029202840735,0.002911691997,0.006433721449
0.060426804500,-0.029338202230,0.002787391598,-0.014728077129
0.057799552100,-0.029375457584,0.002775654294,-0.074512359641
0.055172299800,-0.029209859150,0.002876990924,-0.091817091642
0.052545047400,-0.029219112041,0.002883729471,-0.072969116526
0.049917795000,-0.029130934541,0.002960171889,-0.080247245726
0.047290542700,-0.029055107074,0.003036858375,-0.048232425300
0.044663290300,-0.029081018229,0.002864228110,-0.031908338297
0.042036037900,-0.029104054983,0.002744604892,-0.009015311315
0.039408785500,-0.029218099460,0.002693028425,0.036786909616
0.036781533200,-0.029504798915,0.002752995090,0.108678940180
0.034154280800,-0.029983997242,0.002699268585,0.177076436504
0.031527028400,-0.030570521091,0.002480305402,0.220793297086
0.028899776100,-0.031236826110,0.002323691493,0.204469080360
0.026272523700,-0.031685704085,0.002271812115,-0.125884337978
0.023645271300,-0.030608042428,0.002061068549,0.220687911329
0.021018019000,-0.032871577624,0.001886370806,0.438677838543
0.018390766600,-0.032965386458,0.001771011548,-0.002460451302
0.015763514200,-0.032876898980,0.001591450072,-0.056736805983
0.013136261800,-0.032591457066,0.001430585389,-0.116856405087
0.010509009500,-0.032235036147,0.001455385357,-0.122137593129
0.007881757100,-0.031922578693,0.001316126161,-0.139980801130
0.005254504700,-0.031439911461,0.001232203380,-0.193594587593
0.002627252400,-0.030915799399,0.001280637735,-0.967709536958
0.000000000000,-0.026373152133,0.001215006347,-1.743351479609
