0.391460603250,-0.045234430248,-0.000490890723,0.342140946050
0.388833350880,-0.046237117275,-0.000675098476,0.388702629152
0.386206098510,-0.047733593105,-0.001074891248,0.229781431843
0.383578846140,-0.047519811568,-0.001294204858,-0.171938338101
0.380951593770,-0.046711685930,-0.000991946362,-0.185023763471
0.378324341400,-0.046490494474,-0.000846009696,-0.121843902057
0.375697089030,-0.046015317708,-0.000615295957,0.064961137157
0.373069836660,-0.046881672843,-0.000305117234,0.242099187636
0.370442584290,-0.047317422727,-0.000026148165,0.228446436333
0.367815331920,-0.048063939674,0.000343864060,0.200570440103
0.365188079550,-0.048311340380,0.000737309612,-0.018820009229
0.362560827170,-0.047986786671,0.001121655142,-0.165418346680
0.359933574800,-0.047580793605,0.001555305193,-0.141157640493
0.357306322430,-0.047397157424,0.002081624197,-0.073589692719
0.354679070060,-0.047132815858,0.002509713403,-0.091277633190
0.352051817690,-0.046939063631,0.002738616929,-0.086830916985
0.349424565320,-0.046735333459,0.002758154265,-0.075973533850
0.346797312950,-0.046659643228,0.002804390510,-0.014460383014
0.344170060580,-0.046763731287,0.002898406828,0.027231387502
0.341542808210,-0.046863556703,0.002938290033,0.022499593634
0.338915555840,-0.046948317916,0.002948443382,0.016312235152
0.336288303460,-0.047037210118,0.002944127582,0.050954907711
0.333661051090,-0.047241242235,0.002880273480,0.091739720498
0.331033798720,-0.047507171488,0.002874694853,0.066480146764
0.328406546350,-0.047568657190,0.002976032128,0.021113842843
0.325779293980,-0.047581581232,0.003070482949,0.021767574633
0.323152041610,-0.047687716212,0.003054056214,0.054684112854
0.320524789240,-0.047849132400,0.002999112387,0.073694300720
0.317897536870,-0.048055574132,0.003044479691,0.085123684787
0.315270284500,-0.048299045154,0.003045225339,0.083306540197
0.312643032100,-0.048448757571,0.003143600321,0.078344579405
0.310015779800,-0.048672733979,0.003146534997,0.077556302894
0.307388527400,-0.048786009332,0.003174911262,0.051152831830
0.304761275000,-0.048890601172,0.003016179508,0.042169568518
0.302134022600,-0.049032106629,0.003047523221,0.050543344179
0.299506770300,-0.049183741738,0.003152746034,0.047581874320
0.296879517900,-0.049301492785,0.003217465015,0.044921567914
0.294252265500,-0.049395147966,0.003285529153,0.053828523960
0.291625013200,-0.049529884120,0.003344003917,0.100339524566
0.288997760800,-0.049869814166,0.003250002023,0.032155241647
0.286370508400,-0.050147840294,0.003410065863,0.106584118284
0.283743256000,-0.050381368000,0.003481042800,0.051491905813
0.281116003700,-0.050458886371,0.003527390055,-0.011167411872
0.278488751300,-0.050345349893,0.003529232800,-0.046062920777
0.275861498900,-0.050259007517,0.003420265612,-0.033628661111
0.273234246600,-0.050212842973,0.003227900009,-0.039991362432
0.270606994200,-0.050114619646,0.002942620339,-0.024031475956
0.267979741800,-0.050116759662,0.002665863718,-0.025513755811
0.265352489400,-0.049996963007,0.002581633307,-0.049581487522
0.262725237100,-0.049886651369,0.002628663756,-0.062780406884
0.260097984700,-0.049703681481,0.002716314416,-0.075472940457
0.257470732300,-0.049531816104,0.002736528614,-0.064478336269
0.254843480000,-0.049421293759,0.002709424002,-0.054678108765
0.252216227600,-0.049310074034,0.002738733512,-0.035187301495
0.249588975200,-0.049304954175,0.002768029123,-0.008598973141
0.246961722900,-0.049334665491,0.002787556651,0.028772490016
0.244334470500,-0.049473179001,0.002826435933,0.038787253235
0.241707218100,-0.049556706002,0.002816467238,0.037858431045
0.239079965700,-0.049687633887,0.002841460854,0.035638145575
0.236452713400,-0.049748998059,0.002765697717,0.020633788505
0.233825461000,-0.049813301522,0.002683896869,0.022155482889
0.231198208600,-0.049905531978,0.002459402729,0.023005446735
0.228570956300,-0.049879849167,0.002279009869,-0.028717383252
0.225943703900,-0.049728157789,0.001970724707,-0.047075020942
0.223316451500,-0.049652763119,0.001675715291,-0.013057998882
0.220689199100,-0.049709393994,0.001589171922,0.028354861307
0.218061946800,-0.049806472622,0.001538856363,0.041467408276
0.215434694400,-0.049850575131,0.001406338766,0.030455018444
0.212807442000,-0.049955533617,0.001267797720,0.049657554868
0.210180189700,-0.050104433090,0.001203775085,0.032297612333
0.207552937300,-0.050168110424,0.001155330013,-0.008532260567
0.204925684900,-0.050106803556,0.001118998384,-0.056299355140
0.202298432500,-0.049891156318,0.001178587424,-0.090580608799
0.199671180200,-0.049665621929,0.001254334587,-0.091926182892
0.197043927800,-0.049418860561,0.001313599849,-0.072416236715
0.194416675400,-0.049331426700,0.001220010551,-0.045106096898
0.191789423100,-0.049207175594,0.001262219205,-0.039321991191
0.189162170700,-0.049151216931,0.001430160788,-0.002014907066
0.186534918300,-0.049230328119,0.001509388716,0.013328409909
0.183907666000,-0.049282252199,0.001553658602,-0.002870576272
0.181280413600,-0.049295071189,0.001661608622,-0.019568136483
0.178653161200,-0.049243870212,0.001772878335,-0.019457228527
0.176025908800,-0.049182095108,0.001911864048,-0.005539186542
0.173398656500,-0.049203577065,0.002028432747,-0.000133264302
0.170771404100,-0.049257954573,0.002193762356,-0.001538276048
0.168144151700,-0.049234305753,0.002313149522,-0.000834506552
0.165516899400,-0.049270431275,0.002431853323,0.008255564954
0.162889647000,-0.049345992646,0.002597836761,0.026470660617
0.160262394600,-0.049470211008,0.002761637402,0.014398828390
0.157635142200,-0.049472540862,0.002820879666,-0.017897559545
0.155007889900,-0.049439476614,0.002882199940,-0.029401877192
0.152380637500,-0.049378062101,0.002902461166,-0.006931481040
0.149753385100,-0.049474513731,0.002832586130,-0.015998047133
0.147126132800,-0.049379706046,0.002738207988,-0.077914259693
0.144498880400,-0.049141667520,0.002615007690,-0.089258453691
0.141871628000,-0.048954206883,0.002480968064,-0.071881010449
0.139244375600,-0.048794278879,0.002400376446,-0.080288389773
0.136617123300,-0.048616343123,0.002269090329,-0.076752040632
0.133989870900,-0.048491315367,0.002205943655,-0.048923889656
0.131362618500,-0.048419050075,0.002167558506,-0.023575553128
0.128735366200,-0.048401669564,0.002103309847,-0.009100161229
0.126108113800,-0.048408515412,0.002144851992,0.029007249583
0.123480861400,-0.048532685218,0.002250245602,0.070125470534
0.120853609000,-0.048717141446,0.002259401839,0.127388157533
0.118226356700,-0.049138558650,0.002269748536,0.152757774151
0.115599104300,-0.049633379923,0.002435566939,0.150059130102
0.112971851900,-0.049993246646,0.002524619727,0.119973268549
0.110344599600,-0.050322226838,0.002741595343,0.122281296214
0.107717347200,-0.050653436441,0.002906340873,0.130996736922
0.105090094800,-0.050983669959,0.002921853859,0.155706720969
0.102462842500,-0.051425744318,0.002895798827,0.166741777579
0.099835590100,-0.051761699870,0.002831113880,0.130922086092
0.097208337700,-0.052060233587,0.002935338531,0.066039051591
0.094581085300,-0.052142841025,0.002979489824,0.000352338309
0.091953833000,-0.052100050608,0.003063805617,-0.033796332485
0.089326580600,-0.051999708014,0.003278193403,-0.078646834347
0.086699328200,-0.051770892181,0.003518878943,-0.137421403334
0.084072075900,-0.051367980438,0.003668829544,-0.163866231181
0.081444823500,-0.050968656344,0.003619787645,-0.128395561901
0.078817571100,-0.050760095757,0.003734964465,-0.071018722022
0.076190318700,-0.050619127001,0.003764397287,-0.098772111187
0.073563066400,-0.050313080018,0.003877573310,-0.074413654013
0.070935814000,-0.050323188196,0.003989170003,0.034413426943
0.068308561600,-0.050524164906,0.004051294640,0.046790980973
0.065681309300,-0.050587777752,0.004153943158,0.043784513659
0.063054056900,-0.050875880229,0.004162769139,0.091166202562
0.060426804500,-0.051137158696,0.004175830785,0.075095748962
0.057799552100,-0.051251914093,0.004200693564,0.065880545076
0.055172299800,-0.051377531530,0.004264641108,0.084406918132
0.052545047400,-0.051574650944,0.004239308171,0.105606867293
0.049917795000,-0.051821531928,0.004220214856,0.137977807866
0.047290542700,-0.052187887225,0.004209564615,0.132846211460
0.044663290300,-0.052433413921,0.004139090591,0.080794931105
0.042036037900,-0.052541707830,0.003969305849,0.058409573073
0.039408785500,-0.052769598331,0.003824717863,0.071726088773
0.036781533200,-0.052950288392,0.003892355173,0.064582461864
0.034154280800,-0.053033358030,0.003865836998,0.017272879227
0.031527028400,-0.052988577841,0.003787920892,-0.003874712799
0.028899776100,-0.052988130860,0.003634038216,0.006052311356
0.026272523700,-0.052957469704,0.003531273760,-0.152013434657
0.023645271300,-0.052116040419,0.003337242512,-0.128453913971
0.021018019000,-0.052298978583,0.003090626395,0.310483395825
0.018390766600,-0.053738325563,0.002914799930,0.334271289065
0.015763514200,-0.054033456275,0.002741969452,0.124749669216
0.013136261800,-0.054418430097,0.002465188339,0.140325951810
0.010509009500,-0.054794802762,0.002198708009,0.102280937757
0.007881757100,-0.054974922468,0.001916340039,0.068065815159
0.005254504700,-0.055149518956,0.001719719387,-0.022823683003
0.002627252400,-0.054811556843,0.001384840318,-0.827798806592
0.000000000000,-0.050796125390,0.001094430714,-1.524733676717
