0.391460603250,-0.026677988085,-0.000331229602,-0.068076477917
0.388833350880,-0.026528897535,-0.000430061167,-0.120748148066
0.386206098510,-0.026134020813,-0.000383308089,0.255794360831
0.383578846140,-0.028115133791,-0.000408059348,0.540471529022
0.380951593770,-0.029218311837,-0.000606519795,0.306820883858
0.378324341400,-0.029719723837,-0.000518435543,0.132425372484
0.375697089030,-0.029914187840,-0.000419802667,0.056585083385
0.373069836660,-0.030036108194,-0.000297230233,-0.101571103189
0.370442584290,-0.029411675429,-0.000089048480,-0.017066239225
0.367815331920,-0.030013933918,0.000162542391,0.160568824794
0.365188079550,-0.030251703375,0.000413521233,0.132544840382
0.362560827170,-0.030692346770,0.000696130430,0.131339285259
0.359933574800,-0.030896610436,0.000941288003,-0.003036516257
0.357306322430,-0.030574915094,0.001309093991,-0.116505123492
0.354679070060,-0.030220872212,0.001663873705,-0.152222017898
0.352051817690,-0.029725323728,0.001960572363,-0.190729567781
0.349424565320,-0.029250478599,0.002222228718,-0.169252401492
0.346797312950,-0.028905310372,0.002276889407,-0.090278174857
0.344170060580,-0.028894828779,0.002347782183,-0.010889704273
0.341542808210,-0.028949656893,0.002327580335,0.015821820509
0.338915555840,-0.029100294520,0.002373811558,0.053611585103
0.336288303460,-0.029278807787,0.002504466200,0.063799293541
0.333661051090,-0.029456329408,0.002522115127,0.059364510082
0.331033798720,-0.029700267323,0.002534773709,0.073616684393
0.328406546350,-0.029950416079,0.002604505139,0.090693276029
0.325779293980,-0.030218455355,0.002579324378,0.093175090405
0.323152041610,-0.030456654429,0.002538956866,0.055260826894
0.320524789240,-0.030544993367,0.002525008931,0.025285037285
0.317897536870,-0.030613841131,0.002495123617,0.015003786379
0.315270284500,-0.030646589655,0.002363710319,0.000250032882
0.312643032100,-0.030612316610,0.002328360906,0.030886980690
0.310015779800,-0.030807037281,0.002401755157,0.080996519490
0.307388527400,-0.030979599315,0.002373729224,0.050647638791
0.304761275000,-0.031022522202,0.002449359601,0.014667194790
0.302134022600,-0.031049740411,0.002489352462,0.046796290040
0.299506770300,-0.031280065712,0.002421255130,0.089588291526
0.296879517900,-0.031496468839,0.002529355710,0.060895493026
0.294252265500,-0.031670850982,0.002395194115,0.027579412291
0.291625013200,-0.031702810121,0.002337362133,-0.006551215480
0.288997760800,-0.031708859033,0.002453824471,0.008162573162
0.286370508400,-0.031851387089,0.002421338778,0.002110671346
0.283743256000,-0.031887978834,0.002428684106,-0.050861844284
0.281116003700,-0.031794974675,0.002448141870,-0.051968257240
0.278488751300,-0.031802673119,0.002548527363,-0.006980535582
0.275861498900,-0.031847022498,0.002665850903,-0.027535985395
0.273234246600,-0.031827812245,0.002775132840,-0.020338735733
0.270606994200,-0.031904405398,0.002708370026,-0.013838991654
0.267979741800,-0.031952147328,0.002595045056,-0.049476272673
0.265352489400,-0.031832005585,0.002577575826,-0.088478025660
0.262725237100,-0.031693627056,0.002478045678,-0.110248874423
0.260097984700,-0.031452104118,0.002435683145,-0.152804672033
0.257470732300,-0.031068985493,0.002546642822,-0.145510714405
0.254843480000,-0.030836194698,0.002663659515,-0.097514678151
0.252216227600,-0.030714997674,0.002732593082,-0.065797321476
0.249588975200,-0.030673105673,0.002770640415,-0.048705821681
0.246961722900,-0.030682298804,0.002685857914,-0.023493419608
0.244334470500,-0.030777860721,0.002507056450,0.004945716137
0.241707218100,-0.031012193363,0.002437393034,0.002446898110
0.239079965700,-0.031124667635,0.002536556426,-0.024569164039
0.236452713400,-0.031169980559,0.002378814674,-0.020455143064
0.233825461000,-0.031277574039,0.002153081395,0.015446373280
0.231198208600,-0.031472384029,0.002033156473,0.043703857820
0.228570956300,-0.031673708478,0.001924249959,0.040945300944
0.225943703900,-0.031824865794,0.001841322594,0.001178045961
0.223316451500,-0.031820150300,0.001756016587,-0.030639186486
0.220689199100,-0.031774193689,0.001695025348,-0.026956947626
0.218061946800,-0.031749962287,0.001477835238,-0.030142374409
0.215434694400,-0.031729968121,0.001261860802,-0.054537416991
0.212807442000,-0.031600562193,0.001305713483,-0.056447789483
0.210180189700,-0.031519328222,0.001275255539,-0.024006788599
0.207552937300,-0.031508029609,0.001313003013,-0.019571800620
0.204925684900,-0.031477076114,0.001179295574,-0.029305934145
0.202298432500,-0.031438486880,0.000976288171,-0.061339486893
0.199671180200,-0.031244704406,0.000903027090,-0.087574935915
0.197043927800,-0.031053395492,0.000818848996,-0.063784086244
0.194416675400,-0.030916383507,0.000810519999,-0.036481970267
0.191789423100,-0.030842258228,0.000895628913,-0.025657239002
0.189162170700,-0.030811494195,0.000941021428,-0.045556905333
0.186534918300,-0.030649914732,0.000976419019,-0.056159553813
0.183907666000,-0.030561394679,0.001083660887,-0.026982375812
0.181280413600,-0.030538154408,0.001166204532,-0.009192737470
0.178653161200,-0.030552251552,0.001284828540,-0.007214152497
0.176025908800,-0.030543476265,0.001290213872,-0.001407350985
0.173398656500,-0.030567034547,0.001365664550,0.008985923521
0.170771404100,-0.030599718935,0.001410027763,0.004581435589
0.168144151700,-0.030619244547,0.001433262884,-0.003212841178
0.165516899400,-0.030635643288,0.001423624335,0.033113131745
0.162889647000,-0.030796185269,0.001411201055,0.049782541071
0.160262394600,-0.030903101754,0.001477278671,0.020684342289
0.157635142200,-0.030927120900,0.001601009381,0.018860217418
0.155007889900,-0.031010149786,0.001651019573,0.027522083333
0.152380637500,-0.031134123778,0.001808615018,0.031872936902
0.149753385100,-0.031207939437,0.001974208901,0.014684659524
0.147126132800,-0.031261731099,0.001991638438,0.003999487584
0.144498880400,-0.031266198692,0.002086351535,-0.024318528872
0.141871628000,-0.031164906343,0.002129240365,-0.042807549718
0.139244375600,-0.031049635597,0.002037693527,-0.052893055044
0.136617123300,-0.030881060439,0.002023051272,-0.050606800087
0.133989870900,-0.030768872637,0.001953219144,-0.044942377989
0.131362618500,-0.030601388114,0.001862130095,-0.081969730421
0.128735366200,-0.030348466389,0.001983989582,-0.069671010596
0.126108113800,-0.030220408862,0.001943032718,-0.059814793608
0.123480861400,-0.030016239992,0.001831176159,-0.042988806443
0.120853609000,-0.029896552573,0.001787050666,0.011400429710
0.118226356700,-0.029975258393,0.001745446926,0.055688275904
0.115599104300,-0.030158070326,0.001749165135,0.120347449129
0.112971851900,-0.030568483647,0.001907862376,0.135172978078
0.110344599600,-0.030824584645,0.002011972632,0.101948744745
0.107717347200,-0.031097655114,0.002000439099,0.121472878157
0.105090094800,-0.031415643539,0.002031653700,0.134563896904
0.102462842500,-0.031715566757,0.002013394117,0.166280309914
0.099835590100,-0.032193727933,0.002033164304,0.184673055170
0.097208337700,-0.032543459794,0.001977008765,0.140621089263
0.094581085300,-0.032830513762,0.002007425277,0.118590412526
0.091953833000,-0.033063054357,0.002095685396,0.066650457367
0.089326580600,-0.033070745414,0.002193272181,0.060369231502
0.086699328200,-0.033274603541,0.002260393739,0.070972265140
0.084072075900,-0.033378404144,0.002420241704,0.008336845141
0.081444823500,-0.033279769564,0.002524250792,-0.030638778168
0.078817571100,-0.033104277622,0.002585867746,-0.020492979360
0.076190318700,-0.033114943660,0.002664728798,-0.007657622388
0.073563066400,-0.033044687532,0.002607836712,-0.058927381262
0.070935814000,-0.032827001522,0.002764341140,-0.127282760603
0.068308561600,-0.032473718646,0.002961315076,-0.160467702806
0.065681309300,-0.032139560138,0.002975988256,-0.111519773816
0.063054056900,-0.031937750004,0.003099200026,-0.064698408874
0.060426804500,-0.031840767045,0.003183255223,-0.064336758400
0.057799552100,-0.031676715162,0.003258674496,-0.064103979906
0.055172299800,-0.031629949639,0.003371846080,-0.015528621776
0.052545047400,-0.031720852427,0.003403171598,0.016702585243
0.049917795000,-0.031819553671,0.003395535070,0.025416038089
0.047290542700,-0.031919648121,0.003413538559,0.031981696886
0.044663290300,-0.032068509268,0.003491761968,0.076897001328
0.042036037900,-0.032366592631,0.003494033905,0.093805906700
0.039408785500,-0.032614038818,0.003391592781,0.122232938542
0.036781533200,-0.033035835559,0.003279011455,0.165624996632
0.034154280800,-0.033519533320,0.003234961889,0.148832475426
0.031527028400,-0.033803962101,0.003005280361,0.101220526657
0.028899776100,-0.034028771444,0.002965934763,0.074050296083
0.026272523700,-0.034163464227,0.002962198763,-0.201294546988
0.023645271300,-0.032928421966,0.002775654563,-0.064502218228
0.021018019000,-0.033694907369,0.002704938453,0.310709957110
0.018390766600,-0.034481882629,0.002614967796,0.215314076793
0.015763514200,-0.034821195702,0.002465468891,0.094335593326
0.013136261800,-0.034961112297,0.002249565608,0.074115762545
0.010509009500,-0.035213158893,0.002138850578,0.119181719967
0.007881757100,-0.035580396860,0.001873912621,0.062049687153
0.005254504700,-0.035540243443,0.001490730200,-0.059952302845
0.002627252400,-0.035309825538,0.001221951432,-0.886924882759
0.000000000000,-0.030945339481,0.000655540993,-1.726716746844
