0.391460603250,-0.020535173252,-0.000271179795,0.370816011275
0.388833350880,-0.021466543783,-0.000805996170,0.234516113927
0.386206098510,-0.021766890705,-0.000758435019,0.145408005797
0.383578846140,-0.022302262952,-0.000629876692,0.081130583949
0.380951593770,-0.022322001470,-0.000411285146,-0.040865283061
0.378324341400,-0.022214100376,-0.000291436487,-0.069449821578
0.375697089030,-0.022072474536,0.000023681176,-0.071772079405
0.373069836660,-0.021900444285,0.000381488400,-0.026145591636
0.370442584290,-0.021975423164,0.000732228229,-0.079198796665
0.367815331920,-0.021506393124,0.001031101719,-0.136109288529
0.365188079550,-0.021262310742,0.001389876138,0.027545988453
0.362560827170,-0.021660618599,0.001780001593,0.032167332772
0.359933574800,-0.021512077557,0.001992312486,-0.098554303859
0.357306322430,-0.021286275763,0.002142279973,-0.051684149455
0.354679070060,-0.021304783220,0.002307372837,-0.004055635906
0.352051817690,-0.021344545534,0.002483632430,-0.028529081153
0.349424565320,-0.021322777659,0.002556720505,-0.004816250441
0.346797312950,-0.021461562832,0.002642233944,0.066764172335
0.344170060580,-0.021766314655,0.002756719011,0.089255487178
0.341542808210,-0.021993855938,0.002676423637,0.093547531135
0.338915555840,-0.022330787130,0.002601924780,0.136550923323
0.336288303460,-0.022691028667,0.002484527077,0.112413416400
0.333661051090,-0.022937644217,0.002438156167,0.090088665701
0.331033798720,-0.023206499997,0.002362631884,0.096807765442
0.328406546350,-0.023446039876,0.002294005933,0.083078892944
0.325779293980,-0.023623859939,0.002329310607,0.069629222794
0.323152041610,-0.023772758002,0.002365743356,0.060353763844
0.320524789240,-0.023869834981,0.002450025934,0.068659202887
0.317897536870,-0.024118330949,0.002562193589,0.108531968121
0.315270284500,-0.024313396857,0.002695144063,0.080528200493
0.312643032100,-0.024462302102,0.002754805406,0.081763880320
0.310015779800,-0.024623780313,0.002785349992,0.099259455125
0.307388527400,-0.024813689484,0.002858785987,0.085093591571
0.304761275000,-0.025027923541,0.002896117039,0.054700989320
0.302134022600,-0.025064229718,0.002948784358,0.025556330937
0.299506770300,-0.025077750346,0.003043214340,0.016745148167
0.296879517900,-0.025049502384,0.003079622937,0.006846770265
0.294252265500,-0.024970681853,0.003056559939,0.012917168226
0.291625013200,-0.025018879025,0.003015167825,0.035185956024
0.288997760800,-0.025063321357,0.003030645953,0.024406769397
0.286370508400,-0.025021275049,0.002978237863,0.076559681095
0.283743256000,-0.025280888483,0.002905674579,0.130273215352
0.281116003700,-0.025493879445,0.002790268803,0.084438989024
0.278488751300,-0.025569985881,0.002697161092,0.066098218221
0.275861498900,-0.025670262970,0.002670270861,0.040959668891
0.273234246600,-0.025680477364,0.002615839247,0.016952422343
0.270606994200,-0.025656635446,0.002495461720,-0.003725734212
0.267979741800,-0.025538162922,0.002406942489,-0.062380451669
0.265352489400,-0.025287113511,0.002346077759,-0.104394974833
0.262725237100,-0.024993685867,0.002449455330,-0.116457967056
0.260097984700,-0.024703171950,0.002687852815,-0.136862778898
0.257470732300,-0.024347481032,0.002753736976,-0.131654425568
0.254843480000,-0.024040769441,0.002962795417,-0.126335010607
0.252216227600,-0.023777703319,0.003344895067,-0.108995683882
0.249588975200,-0.023557540294,0.003575217034,-0.105363675264
0.246961722900,-0.023295582510,0.003607976747,-0.083816353107
0.244334470500,-0.023183043677,0.003494076020,-0.039675867142
0.241707218100,-0.023078141717,0.003332990153,-0.059151265674
0.239079965700,-0.022918944369,0.003227580314,-0.049681207031
0.236452713400,-0.022889685371,0.002959410686,-0.022698665710
0.233825461000,-0.022909665669,0.002772016737,-0.003615159122
0.231198208600,-0.022978304809,0.002720520964,0.061037193174
0.228570956300,-0.023278332117,0.002654614764,0.089858212718
0.225943703900,-0.023547311412,0.002547231610,0.065360542862
0.223316451500,-0.023738338902,0.002543153447,0.071858464140
0.220689199100,-0.024093975142,0.002647091658,0.062479737110
0.218061946800,-0.024220414186,0.002642091678,0.008527248716
0.215434694400,-0.024311001923,0.002516447513,-0.015601062186
0.212807442000,-0.024349276710,0.002450094401,-0.050524865764
0.210180189700,-0.024261977221,0.002305907412,-0.110584996147
0.207552937300,-0.023955697261,0.002137184686,-0.176129901255
0.204925684900,-0.023515214549,0.002067261813,-0.194510396832
0.202298432500,-0.023086795452,0.002100900723,-0.130027989462
0.199671180200,-0.022941014187,0.002121321235,-0.058332880009
0.197043927800,-0.022946544503,0.002112363667,-0.032461213640
0.194416675400,-0.022947823269,0.002072007398,-0.018860885715
0.191789423100,-0.023003329292,0.002093202174,-0.011777273290
0.189162170700,-0.023021472809,0.002200611656,-0.016077784107
0.186534918300,-0.023039597877,0.002252376061,0.015819257228
0.183907666000,-0.023251255522,0.002432893228,0.021838531170
0.181280413600,-0.023279994257,0.002535740651,-0.026087638500
0.178653161200,-0.023217803216,0.002784614224,-0.035754265746
0.176025908800,-0.023175553077,0.003025889046,0.012175376186
0.173398656500,-0.023308290860,0.003162466432,0.036367087548
0.170771404100,-0.023412226468,0.003286102305,0.035473682898
0.168144151700,-0.023483217852,0.003407168013,0.043829781057
0.165516899400,-0.023570095382,0.003266788427,0.024934947177
0.162889647000,-0.023568376210,0.003116319475,-0.005595294919
0.160262394600,-0.023512495706,0.002990416365,-0.017901062764
0.157635142200,-0.023478777458,0.002800077549,-0.037466942707
0.155007889900,-0.023378848110,0.002625897881,-0.088608000662
0.152380637500,-0.023096172860,0.002511989234,-0.112852540751
0.149753385100,-0.022843645225,0.002378741704,-0.109556776307
0.147126132800,-0.022595522630,0.002262529739,-0.082912508263
0.144498880400,-0.022470834126,0.002224306850,0.007835948078
0.141871628000,-0.022551903682,0.002207553743,0.013897722411
0.139244375600,-0.022516717803,0.002170803351,-0.007169906307
0.136617123300,-0.022539172278,0.002144571803,0.053341041647
0.133989870900,-0.022822062793,0.002201151958,0.082207478596
0.131362618500,-0.022988878933,0.002442668585,0.036539986008
0.128735366200,-0.023044731569,0.002578588012,0.025456452420
0.126108113800,-0.023237294399,0.002565961146,0.047967574871
0.123480861400,-0.023362210817,0.002632091309,0.055326381178
0.120853609000,-0.023510344798,0.002791571379,0.077823249387
0.118226356700,-0.023699308851,0.002793281701,0.067207665645
0.115599104300,-0.023816873668,0.002874072610,0.052532916616
0.112971851900,-0.023987909800,0.002938280407,0.050129152846
0.110344599600,-0.024058995064,0.002968429660,0.047912621519
0.107717347200,-0.024147644345,0.002918522070,-0.009414419448
0.105090094800,-0.024056118516,0.003032207761,-0.060621059604
0.102462842500,-0.023884249229,0.003192815730,-0.111772403034
0.099835590100,-0.023501176099,0.003350699304,-0.119967300467
0.097208337700,-0.023244653021,0.003504143482,-0.076657061877
0.094581085300,-0.023058139605,0.003616092179,-0.056719966816
0.091953833000,-0.022860241674,0.003775395676,0.010996649474
0.089326580600,-0.022998574570,0.003813256586,0.094016896563
0.086699328200,-0.023232278939,0.004057448645,0.098289420041
0.084072075900,-0.023459806860,0.004279558868,0.102372575435
0.081444823500,-0.023746815663,0.004354960666,0.086722564374
0.078817571100,-0.023905795072,0.004311301355,0.067534798943
0.076190318700,-0.024133394220,0.004432829517,0.077043064711
0.073563066400,-0.024361144519,0.004369332412,0.057893283351
0.070935814000,-0.024480278530,0.004293400211,-0.029025734159
0.068308561600,-0.024266793894,0.004252536644,-0.076999485967
0.065681309300,-0.024224790691,0.004373885452,-0.018230734492
0.063054056900,-0.024345919760,0.004471830671,0.059749389570
0.060426804500,-0.024695743144,0.004349335144,0.143364807011
0.057799552100,-0.025199098625,0.004241670790,0.157451424366
0.055172299800,-0.025610802382,0.004162848202,0.125020628022
0.052545047400,-0.025947717389,0.003984112816,0.090214731881
0.049917795000,-0.026130303625,0.003797924880,0.046403585698
0.047290542700,-0.026332251384,0.003621685749,0.041586438059
0.044663290300,-0.026506522802,0.003454285154,0.059492329117
0.042036037900,-0.026787866118,0.003350573202,0.073176132101
0.039408785500,-0.027006865071,0.003332851759,0.073807482015
0.036781533200,-0.027256545405,0.003228550200,0.086699956801
0.034154280800,-0.027531740547,0.002997117101,0.104621454416
0.031527028400,-0.027840612138,0.002835777124,0.083758935836
0.028899776100,-0.028039478747,0.002643397484,0.061243724474
0.026272523700,-0.028238361193,0.002517352631,0.079943458962
0.023645271300,-0.028505781450,0.002357262142,0.117977754565
0.021018019000,-0.028921830295,0.002135919531,0.171005926666
0.018390766600,-0.029467028536,0.001941136749,0.177265068404
0.015763514200,-0.029925566662,0.001836116715,0.080637097075
0.013136261800,-0.029957848173,0.001628472095,-0.036827558192
0.010509009500,-0.029763161971,0.001434788020,-0.079802026643
0.007881757100,-0.029604465063,0.001325333589,-0.115338118185
0.005254504700,-0.029266915960,0.001155422343,-0.244830479932
0.002627252400,-0.028338971832,0.000935848798,-0.653424336406
0.000000000000,-0.025800234945,0.000755715071,-0.973669514484
