0.391460603250,-0.019536666527,0.000044553396,0.677389918278
0.388833350880,-0.021346761932,0.000033134051,0.104050871386
0.386206098510,-0.019997808964,-0.000130872594,-0.149357595380
0.383578846140,-0.020785130043,-0.000010167401,-0.120978594484
0.380951593770,-0.019345541836,0.000156452854,-0.344786348285
0.378324341400,-0.019045831220,0.000396546759,0.139942479771
0.375697089030,-0.020094922374,0.000546871804,0.390169266879
0.373069836660,-0.021040318767,0.000642304552,-0.028078578037
0.370442584290,-0.019936038365,0.000791827666,-0.300022422687
0.367815331920,-0.019392419718,0.000837319610,-0.133071226035
0.365188079550,-0.019103294191,0.001144646550,-0.076518538616
0.362560827170,-0.018986224733,0.001366622247,-0.024188447002
0.359933574800,-0.018878769515,0.001527169699,0.053408138849
0.357306322430,-0.019070140224,0.001394575515,0.016883225192
0.354679070060,-0.019052159495,0.001534755196,-0.075669665348
0.352051817690,-0.018958620112,0.001479757820,-0.119403625065
0.349424565320,-0.018691983103,0.001620366263,-0.150883386337
0.346797312950,-0.018432490633,0.001721717444,-0.112229777627
0.344170060580,-0.018233826507,0.001724214178,-0.092573823890
0.341542808210,-0.018104449506,0.001764683325,-0.055819967844
0.338915555840,-0.018109933987,0.001792526431,-0.017240256707
0.336288303460,-0.018174155476,0.001864363152,-0.022360996646
0.333661051090,-0.018194531454,0.001945301068,-0.011233430099
0.331033798720,-0.018285786272,0.002041027532,0.005236757354
0.328406546350,-0.018390557790,0.002203163078,0.032031121086
0.325779293980,-0.018569907752,0.002251329968,0.054888769479
0.323152041610,-0.018778883859,0.002218615430,0.038108312523
0.320524789240,-0.018894777624,0.002343761465,0.021735390808
0.317897536870,-0.019015580282,0.002424571742,0.044249864886
0.315270284500,-0.019225820245,0.002409524692,0.042663432875
0.312643032100,-0.019348045050,0.002414113564,0.038868892284
0.310015779800,-0.019496974688,0.002405617803,0.040771294831
0.307388527400,-0.019612324520,0.002358633795,0.009470111878
0.304761275000,-0.019617001672,0.002442924859,-0.001000443395
0.302134022600,-0.019644581792,0.002499304406,0.020288333070
0.299506770300,-0.019758733810,0.002500169276,0.017324389177
0.296879517900,-0.019806704740,0.002398027579,-0.007697392998
0.294252265500,-0.019755292881,0.002350186597,-0.033926807246
0.291625013200,-0.019707227770,0.002334681205,-0.039359924492
0.288997760800,-0.019583276551,0.002272181781,-0.066012208461
0.286370508400,-0.019389414817,0.002190412385,-0.060482117981
0.283743256000,-0.019249614657,0.002178571264,-0.061312987047
0.281116003700,-0.019091591759,0.002143744898,-0.093067222685
0.278488751300,-0.018880668705,0.002195760959,-0.091944642325
0.275861498900,-0.018786897777,0.002080836960,-0.048551080014
0.273234246600,-0.018792584843,0.001802322357,-0.060858023083
0.270606994200,-0.018671632256,0.001616689220,-0.069568873287
0.267979741800,-0.018595314209,0.001388219395,-0.015804209430
0.265352489400,-0.018734795796,0.001270181053,0.010559037091
0.262725237100,-0.018804143281,0.001160151507,0.013332735135
0.260097984700,-0.018823830296,0.001177950741,0.007707366757
0.257470732300,-0.018873638931,0.001284299505,0.051825736855
0.254843480000,-0.019135619271,0.001306782187,0.098321801075
0.252216227600,-0.019437304141,0.001228992645,0.102416260120
0.249588975200,-0.019698520040,0.001233443866,0.083170551081
0.246961722900,-0.019931746042,0.001407507918,0.057933196986
0.244334470500,-0.020124019674,0.001456023448,0.059845110528
0.241707218100,-0.020281575870,0.001496012062,0.048408433701
0.239079965700,-0.020466310028,0.001580890479,0.056374706984
0.236452713400,-0.020639798733,0.001590587451,0.063618573752
0.233825461000,-0.020837919528,0.001498721295,0.060311987795
0.231198208600,-0.020990386520,0.001402095499,0.056673857273
0.228570956300,-0.021119798420,0.001383796937,0.061258588764
0.225943703900,-0.021301472433,0.001461346948,0.078216900757
0.223316451500,-0.021499142504,0.001416530519,0.111668293775
0.220689199100,-0.021846164965,0.001337249331,0.138386978586
0.218061946800,-0.022226408654,0.001309474940,0.153039390344
0.215434694400,-0.022675597555,0.001316644642,0.143231714801
0.212807442000,-0.023011493753,0.001346610143,0.124425371758
0.210180189700,-0.023381696048,0.001298065518,0.136871697595
0.207552937300,-0.023733104376,0.001238690493,0.125521607185
0.204925684900,-0.023936531093,0.001239526153,0.081722831403
0.202298432500,-0.024079914679,0.001246539410,0.030095942911
0.199671180200,-0.024081834230,0.001290252322,0.002011119951
0.197043927800,-0.024087607873,0.001420145491,-0.025170293897
0.194416675400,-0.023946279263,0.001520028350,-0.073275926311
0.191789423100,-0.023701858856,0.001623396924,-0.071207888473
0.189162170700,-0.023585384134,0.001725603173,-0.064423750209
0.186534918300,-0.023419586710,0.001720047177,-0.065858111034
0.183907666000,-0.023277862139,0.001810404916,-0.031585584822
0.181280413600,-0.023278386528,0.001846957024,-0.004600334840
0.178653161200,-0.023257877783,0.001868938789,-0.021777747808
0.176025908800,-0.023151556446,0.001910065856,-0.040902618320
0.173398656500,-0.023028182159,0.001998324204,-0.015989122288
0.170771404100,-0.023086295465,0.002061005914,0.008585251837
0.168144151700,-0.023112415880,0.002070095457,-0.006373125843
0.165516899400,-0.023041469456,0.002016086324,-0.016774344336
0.162889647000,-0.023023645724,0.002093221461,-0.017315963827
0.160262394600,-0.022976316304,0.002224340503,-0.020794704424
0.157635142200,-0.022965743578,0.002144583102,-0.006505509117
0.155007889900,-0.023035172086,0.002002771864,-0.007762438559
0.152380637500,-0.023046433209,0.002000185200,-0.038726310932
0.149753385100,-0.022938672449,0.002100606096,-0.094431043809
0.147126132800,-0.022657844794,0.002234927433,-0.145928552140
0.144498880400,-0.022271495351,0.002296779470,-0.170998993222
0.141871628000,-0.021879449779,0.002300305903,-0.180274455167
0.139244375600,-0.021421425846,0.002353461856,-0.205128724164
0.136617123300,-0.020917393401,0.002439045803,-0.221224940338
0.133989870900,-0.020402831508,0.002461519215,-0.191661376582
0.131362618500,-0.020032204062,0.002487343587,-0.139213256247
0.128735366200,-0.019766101126,0.002559852435,-0.082187829633
0.126108113800,-0.019745995141,0.002624712891,-0.026788327221
0.123480861400,-0.019785718356,0.002600078334,-0.009691616717
0.120853609000,-0.019802686428,0.002659959125,0.017700613163
0.118226356700,-0.019936582558,0.002616183015,0.061386783087
0.115599104300,-0.020229495106,0.002588177270,0.103373026389
0.112971851900,-0.020590265563,0.002514281819,0.125610829278
0.110344599600,-0.021048741369,0.002473164564,0.152608417717
0.107717347200,-0.021546225888,0.002204664917,0.120231783661
0.105090094800,-0.021795910332,0.002133635905,0.062807173106
0.102462842500,-0.021959842484,0.002156124954,0.097115563195
0.099835590100,-0.022390924412,0.002173640212,0.157420060572
0.097208337700,-0.022896751421,0.002109748004,0.165166475979
0.094581085300,-0.023363885189,0.002172336977,0.166026451263
0.091953833000,-0.023806565151,0.002063755516,0.136208424797
0.089326580600,-0.024115730157,0.002054396555,0.084872151338
0.086699328200,-0.024288966800,0.002099824854,0.028881358376
0.084072075900,-0.024291877376,0.001930477249,-0.041264426641
0.081444823500,-0.024105301752,0.001747061231,-0.079584512694
0.078817571100,-0.023928585222,0.001792807992,-0.071213876757
0.076190318700,-0.023760783113,0.001740604058,-0.080142932552
0.073563066400,-0.023501120147,0.001608954166,-0.084238057371
0.070935814000,-0.023312298814,0.001543228093,-0.090426245625
0.068308561600,-0.023052884731,0.001456122563,-0.085673863129
0.065681309300,-0.022925144235,0.001349139993,0.009123071613
0.063054056900,-0.023071280349,0.001429904143,0.078443901670
0.060426804500,-0.023320116713,0.001516922556,0.091174410552
0.057799552100,-0.023639882270,0.001546169341,0.118108764771
0.055172299800,-0.024072528790,0.001476749052,0.147039214293
0.052545047400,-0.024465170367,0.001440919232,0.136947765852
0.049917795000,-0.024845819132,0.001429821702,0.161798502924
0.047290542700,-0.025321820940,0.001375603511,0.152819277199
0.044663290300,-0.025677864420,0.001387337054,0.119647460784
0.042036037900,-0.026011548474,0.001201979830,0.113129279959
0.039408785500,-0.026312302548,0.001018862597,0.101320299872
0.036781533200,-0.026563544493,0.000989593927,0.089364396110
0.034154280800,-0.026737850635,0.001174879647,0.040434068216
0.031527028400,-0.026778277061,0.001229696998,-0.006513609651
0.028899776100,-0.026720170650,0.001223657343,0.006805321558
0.026272523700,-0.026769322417,0.001189121978,-0.128770977430
0.023645271300,-0.026044551330,0.001088618098,-0.053909357408
0.021018019000,-0.026462459062,0.000901430504,0.093795565826
0.018390766600,-0.026538209405,0.000913132926,0.063573867154
0.015763514200,-0.026843111603,0.000917707687,0.083919209345
0.013136261800,-0.027005431919,0.000834715718,-0.007972844851
0.010509009500,-0.026852521089,0.000771261102,-0.065785604142
0.007881757100,-0.026710153557,0.000716571637,-0.104181771395
0.005254504700,-0.026305640601,0.000586692342,-0.189564792372
0.002627252400,-0.025695880870,0.000423281697,-0.678003515649
0.000000000000,-0.022821509316,0.000328484800,-1.095895899635
