0.391460603250,-0.049181859057,-0.000283948572,0.355867790638
0.388833350880,-0.050111458754,-0.000620337851,0.811355410910
0.386206098510,-0.053483728084,-0.000548624210,0.889783055515
0.383578846140,-0.054796636051,-0.000270073185,0.301425125474
0.380951593770,-0.055028206475,-0.000087231737,0.078975606911
0.378324341400,-0.055088421333,0.000083615086,0.071264907086
0.375697089030,-0.055156675534,0.000327154881,-0.282601916395
0.373069836660,-0.053454642816,0.000617149080,-0.137960604088
0.370442584290,-0.054367253425,0.000843536325,0.174236803071
0.367815331920,-0.054367601979,0.001007499314,-0.032726865051
0.365188079550,-0.054173458617,0.001210940079,-0.085878065779
0.362560827170,-0.053881170380,0.001431493653,-0.129955722461
0.359933574800,-0.053500219872,0.001437107725,-0.151727221386
0.357306322430,-0.053149513059,0.001572427892,-0.115103946014
0.354679070060,-0.053004062008,0.001798626265,-0.055840610467
0.352051817690,-0.052953267145,0.001880383556,-0.024207486444
0.349424565320,-0.052950671858,0.001924588280,0.005664653358
0.346797312950,-0.053018385924,0.002140906977,0.024520019500
0.344170060580,-0.053079804687,0.002450993062,0.052860284166
0.341542808210,-0.053269392014,0.002566694012,0.080511035645
0.338915555840,-0.053514057722,0.002580651880,0.084484881544
0.336288303460,-0.053720141905,0.002671129247,0.064036118173
0.333661051090,-0.053867069614,0.002737862960,0.071853292138
0.331033798720,-0.054084565750,0.002755293600,0.083843599211
0.328406546350,-0.054221304754,0.002712851028,0.069455200178
0.325779293980,-0.054263293756,0.002725085819,0.054840782031
0.323152041610,-0.054346736455,0.002838991768,0.068973973514
0.320524789240,-0.054514913859,0.002881801813,0.102069267518
0.317897536870,-0.054796088020,0.003099431019,0.133963211348
0.315270284500,-0.055067435934,0.003173903767,0.144353806599
0.312643032100,-0.055415411152,0.003145777431,0.139700192842
0.310015779800,-0.055714452383,0.003041667768,0.106086224914
0.307388527400,-0.055890679149,0.002997640879,0.092327050691
0.304761275000,-0.056136981280,0.003152947066,0.111819006733
0.302134022600,-0.056361508553,0.003168537980,0.072709174344
0.299506770300,-0.056522405498,0.003065637821,0.052392118119
0.296879517900,-0.056634077258,0.003092475790,0.035064561020
0.294252265500,-0.056700482708,0.003175052429,0.006721647329
0.291625013200,-0.056674400912,0.003199283921,-0.030187218235
0.288997760800,-0.056562406953,0.003235987874,-0.047666170021
0.286370508400,-0.056408033867,0.003321559021,-0.036065917799
0.283743256000,-0.056360370929,0.003366199460,-0.012588477333
0.281116003700,-0.056329682774,0.003272993015,-0.009507684284
0.278488751300,-0.056313593290,0.003136328610,0.006931448258
0.275861498900,-0.056362432533,0.003098273988,0.008645668523
0.273234246600,-0.056403203717,0.002963889128,-0.009537022747
0.270606994200,-0.056334642691,0.002909013621,-0.021543622329
0.267979741800,-0.056291990249,0.002883300169,-0.022623175449
0.265352489400,-0.056229694542,0.002895461237,-0.030478403384
0.262725237100,-0.056124988197,0.002904095016,-0.042819135629
0.260097984700,-0.055989165293,0.002992846550,-0.055646822084
0.257470732300,-0.055809979819,0.003063335984,-0.056026437030
0.254843480000,-0.055652479983,0.003172266802,-0.025666317380
0.252216227600,-0.055620207543,0.003304046123,0.005851760023
0.249588975200,-0.055637863747,0.003453111574,0.021302306341
0.246961722900,-0.055666798572,0.003556566094,0.011426418825
0.244334470500,-0.055606510732,0.003647573983,-0.029627828935
0.241707218100,-0.055545167116,0.003461948307,-0.033012322544
0.239079965700,-0.055524929734,0.003165760658,-0.053080636826
0.236452713400,-0.055349307142,0.002977961032,-0.056465132459
0.233825461000,-0.055301762028,0.002710423926,-0.019101573777
0.231198208600,-0.055439127606,0.002384435801,0.041309690081
0.228570956300,-0.055632725057,0.002262072214,0.056373977060
0.225943703900,-0.055823372447,0.002181361995,0.079019027469
0.223316451500,-0.056148054952,0.002144096003,0.107543269800
0.220689199100,-0.056423697013,0.002132456507,0.067519747077
0.218061946800,-0.056572934943,0.002137437366,0.017143484855
0.215434694400,-0.056626150419,0.002162541173,-0.015724465124
0.212807442000,-0.056581463579,0.002116753842,-0.058615619779
0.210180189700,-0.056388388653,0.002035194664,-0.112364896544
0.207552937300,-0.056119884673,0.001925613125,-0.155671197423
0.204925684900,-0.055714715766,0.001781850021,-0.158194061035
0.202298432500,-0.055387195606,0.001792018249,-0.115256075300
0.199671180200,-0.055196714178,0.001829274970,-0.043254973069
0.197043927800,-0.055219231298,0.001840198225,0.040735116066
0.194416675400,-0.055435957860,0.001884925834,0.054655103160
0.191789423100,-0.055600938722,0.001908385664,0.049854415619
0.189162170700,-0.055790927724,0.002005426274,0.058967805511
0.186534918300,-0.055902101076,0.002176172429,0.060167090300
0.183907666000,-0.056114035666,0.002375896391,0.091915817623
0.181280413600,-0.056362473907,0.002600520797,0.086922393557
0.178653161200,-0.056569173726,0.002689345216,0.023179980767
0.176025908800,-0.056577780387,0.002826151776,-0.038592516046
0.173398656500,-0.056491128504,0.002975372495,-0.052767015250
0.170771404100,-0.056479787073,0.003132302947,-0.062761841250
0.168144151700,-0.056357034009,0.003341578332,-0.079336876091
0.165516899400,-0.056293017729,0.003397460825,-0.060201113025
0.162889647000,-0.056264265619,0.003445417862,-0.059007062918
0.160262394600,-0.056146502369,0.003411838368,-0.089630145317
0.157635142200,-0.055937356088,0.003205174959,-0.071081323266
0.155007889900,-0.055849724244,0.002977218322,-0.093768030720
0.152380637500,-0.055534678998,0.002758003579,-0.143066912239
0.149753385100,-0.055199539160,0.002660928812,-0.110219535465
0.147126132800,-0.055042398066,0.002659821490,-0.063477332152
0.144498880400,-0.054891905400,0.002664350322,-0.040293595167
0.141871628000,-0.054846296137,0.002519122820,0.005071099752
0.139244375600,-0.054931783002,0.002378146155,0.054837042063
0.136617123300,-0.055142370485,0.002436457459,0.059041984730
0.133989870900,-0.055299807930,0.002461872609,0.044336065954
0.131362618500,-0.055439675296,0.002543801107,0.049967079620
0.128735366200,-0.055664707398,0.002809269095,0.074206901095
0.126108113800,-0.055875712481,0.002860878153,0.073779859268
0.123480861400,-0.056114584688,0.002863365115,0.045827987210
0.120853609000,-0.056284726970,0.002965123795,0.035181291228
0.118226356700,-0.056432634989,0.003094575912,0.084831926207
0.115599104300,-0.056782389760,0.003266564054,0.128710826484
0.112971851900,-0.057102630042,0.003385447139,0.056872476802
0.110344599600,-0.057148642923,0.003508089956,-0.011279418339
0.107717347200,-0.057116948418,0.003648980255,-0.019908759077
0.105090094800,-0.057137662492,0.003734426667,-0.004805223615
0.102462842500,-0.057155662235,0.003780922328,-0.059572761729
0.099835590100,-0.056876626128,0.003954382042,-0.112920491263
0.097208337700,-0.056674243116,0.004047935154,-0.104199094054
0.094581085300,-0.056454881074,0.004046329403,-0.075655479485
0.091953833000,-0.056411460235,0.004062051881,-0.012787387519
0.089326580600,-0.056551741479,0.004266800551,0.014004297940
0.086699328200,-0.056614296473,0.004492195010,0.028780555653
0.084072075900,-0.056788385077,0.004704470008,0.065861271030
0.081444823500,-0.057016622875,0.004818999371,0.083143586960
0.078817571100,-0.057255619290,0.004724804304,0.094306504676
0.076190318700,-0.057478287351,0.004724564905,0.052233382806
0.073563066400,-0.057522924173,0.004811276143,0.035797069203
0.070935814000,-0.057653573118,0.004780488248,0.058606470151
0.068308561600,-0.057814274926,0.004714787405,0.054681552616
0.065681309300,-0.057935697980,0.004789474102,0.042306660751
0.063054056900,-0.058053146890,0.004783574921,0.054440900653
0.060426804500,-0.058225787445,0.004712668001,0.063989163417
0.057799552100,-0.058396768890,0.004709058453,0.073793340926
0.055172299800,-0.058593254972,0.004660695120,0.073802844458
0.052545047400,-0.058783574587,0.004591908637,0.042694796680
0.049917795000,-0.058886424571,0.004245789589,0.013796363941
0.047290542700,-0.059091588802,0.004240979134,0.024764896772
0.044663290300,-0.059136231219,0.004255750514,0.023299057509
0.042036037900,-0.059283710604,0.004161126491,0.051055059696
0.039408785500,-0.059404304337,0.003964896153,0.015794778507
0.036781533200,-0.059374427928,0.003793255221,0.042989313941
0.034154280800,-0.059530234113,0.003810245968,0.091404047391
0.031527028400,-0.059774318892,0.003766620706,0.138783532187
0.028899776100,-0.060137518253,0.003550829757,0.171929973961
0.026272523700,-0.060488208023,0.003455429572,0.175498707416
0.023645271300,-0.060916661898,0.003034858917,0.206017027876
0.021018019000,-0.061517434727,0.002650427576,0.221046181649
0.018390766600,-0.062034855833,0.002418626760,0.246630603116
0.015763514200,-0.062682082676,0.002032688853,0.223629871374
0.013136261800,-0.063091520314,0.001751585306,0.090099816988
0.010509009500,-0.063083401981,0.001564525585,-0.069137211024
0.007881757100,-0.062715931597,0.001467561213,-0.173674266152
0.005254504700,-0.062149235148,0.001539170835,-0.371490539129
0.002627252400,-0.060825199187,0.001526721093,-0.849777561951
0.000000000000,-0.057748840312,0.001402544290,-1.157555795029
