0.391460603250,-0.010547749442,0.000761164739,-0.204158889462
0.388833350880,-0.010060589385,0.001118954644,-0.031285264179
0.386206098510,-0.010543399158,0.000982289028,0.337746233343
0.383578846140,-0.011545243337,0.001359597573,0.268422368692
0.380951593770,-0.011969100690,0.001563649264,0.074499761346
0.378324341400,-0.011889181983,0.001674305314,-0.113186860324
0.375697089030,-0.011245033022,0.001789774079,-0.063107476253
0.373069836660,-0.011428271420,0.001819024506,-0.188583693524
0.370442584290,-0.010278938543,0.001684557804,-0.235657289602
0.367815331920,-0.010246269108,0.001608905990,0.118925868448
0.365188079550,-0.010937231978,0.001632833067,0.084571926500
0.362560827170,-0.010755323259,0.001487704962,-0.083288051280
0.359933574800,-0.010579614238,0.001479262128,-0.068034830808
0.357306322430,-0.010413020212,0.001567878390,-0.080380030518
0.354679070060,-0.010153822508,0.001577650383,-0.083681606063
0.352051817690,-0.009981564352,0.001629828982,-0.082450495210
0.349424565320,-0.009800872757,0.001637640808,-0.124344990853
0.346797312950,-0.009423739419,0.001602534033,-0.133851019574
0.344170060580,-0.009172384011,0.001707414867,-0.004283790557
0.341542808210,-0.009415396498,0.001866991675,0.010866188907
0.338915555840,-0.009156504077,0.001906270323,-0.079095095821
0.336288303460,-0.009094668391,0.002181403797,-0.039654655519
0.333661051090,-0.009071312719,0.002460226959,0.041198721438
0.331033798720,-0.009387895998,0.002433858764,0.114292702819
0.328406546350,-0.009743929495,0.002459181372,0.122545117144
0.325779293980,-0.010116001695,0.002411667470,0.113532206984
0.323152041610,-0.010408034495,0.002441303138,0.087395516468
0.320524789240,-0.010643108501,0.002449771587,0.078779716072
0.317897536870,-0.010847407420,0.002430719755,0.058399411757
0.315270284500,-0.011037168473,0.002248527780,0.058983924923
0.312643032100,-0.011195148409,0.002263929748,0.041206277907
0.310015779800,-0.011352839621,0.002311029391,0.018932635786
0.307388527400,-0.011406894896,0.002291668620,-0.006372769760
0.304761275000,-0.011407036163,0.002331699345,-0.059906705473
0.302134022600,-0.011217045244,0.002491802329,-0.100470068024
0.299506770300,-0.011046193451,0.002511398411,-0.092994980843
0.296879517900,-0.010932002838,0.002546047840,-0.101155353787
0.294252265500,-0.010685081494,0.002530991538,-0.111267273498
0.291625013200,-0.010494724879,0.002514619684,-0.100380729909
0.288997760800,-0.010348052101,0.002454439656,-0.063928106508
0.286370508400,-0.010325108436,0.002487896383,-0.027734135848
0.283743256000,-0.010331059006,0.002527225549,0.003532718307
0.281116003700,-0.010387122027,0.002508796745,-0.003348488819
0.278488751300,-0.010415278821,0.002414950536,0.000330137010
0.275861498900,-0.010508443523,0.002276388864,0.021605976973
0.273234246600,-0.010617445761,0.002320219904,0.005816858178
0.270606994200,-0.010647474178,0.002382446105,-0.014585322503
0.267979741800,-0.010657830091,0.002363230841,0.024586481306
0.265352489400,-0.010857284674,0.002290924104,0.043138714968
0.262725237100,-0.010924033820,0.002183138221,0.018102064204
0.260097984700,-0.010942095043,0.002061461045,0.058435478913
0.257470732300,-0.011146879658,0.001813253827,0.108849362979
0.254843480000,-0.011353166955,0.001750237868,0.061042549429
0.252216227600,-0.011287213066,0.001776855277,-0.001487609477
0.249588975200,-0.011189351651,0.001743847580,0.014796294835
0.246961722900,-0.011179226873,0.001666587738,0.056547635718
0.244334470500,-0.011270163785,0.001636849690,0.122206496757
0.241707218100,-0.011594420955,0.001585310348,0.179642282587
0.239079965700,-0.011981728136,0.001571572595,0.206284868593
0.236452713400,-0.012499362479,0.001551379313,0.264003311405
0.233825461000,-0.013144861674,0.001548921812,0.276770305574
0.231198208600,-0.013708871993,0.001424725916,0.234477301397
0.228570956300,-0.014146857738,0.001447132047,0.176581072939
0.225943703900,-0.014426878809,0.001491282406,0.090611436698
0.223316451500,-0.014434248761,0.001470937739,0.008155157244
0.220689199100,-0.014344699260,0.001610327417,-0.023967390955
0.218061946800,-0.014195152474,0.001800763563,-0.038669323244
0.215434694400,-0.014068097107,0.001912851436,-0.055576692539
0.212807442000,-0.013881461822,0.001963519550,-0.079664067055
0.210180189700,-0.013631735961,0.002144387262,-0.061625484308
0.207552937300,-0.013476411149,0.002179535736,-0.038904227673
0.204925684900,-0.013355165257,0.002173406522,-0.019974223074
0.202298432500,-0.013306952855,0.002380658564,0.009546373789
0.199671180200,-0.013331200566,0.002517186050,-0.002525145560
0.197043927800,-0.013227536564,0.002556134398,-0.007773906056
0.194416675400,-0.013216837700,0.002613093172,0.001279390137
0.191789423100,-0.013192549722,0.002581526283,-0.039397793727
0.189162170700,-0.013115412003,0.002624493058,-0.041376889983
0.186534918300,-0.013077939068,0.002612468980,-0.021185470254
0.183907666000,-0.013059921253,0.002731118936,-0.024548494820
0.181280413600,-0.012984850998,0.002814346768,-0.044869127997
0.178653161200,-0.012844345201,0.002803412110,-0.091136876458
0.176025908800,-0.012558690360,0.002898215937,-0.098556762162
0.173398656500,-0.012357751913,0.002767199034,-0.082504631727
0.170771404100,-0.012106458550,0.002608154239,-0.116001843081
0.168144151700,-0.011743495051,0.002613343603,-0.107681794787
0.165516899400,-0.011529952059,0.002566247131,-0.076951422513
0.162889647000,-0.011296405542,0.002398195504,-0.083657479759
0.160262394600,-0.011033540537,0.002341738586,-0.087187429618
0.157635142200,-0.010758539589,0.002326399403,-0.059280257317
0.155007889900,-0.010656287028,0.002449609040,0.011295838342
0.152380637500,-0.010762425917,0.002565920767,0.068705428352
0.149753385100,-0.010979694072,0.002514958581,0.116613830480
0.147126132800,-0.011334431820,0.002471163121,0.141112191580
0.144498880400,-0.011608152625,0.002507800623,0.150580193532
0.141871628000,-0.011974203976,0.002506454667,0.181489232935
0.139244375600,-0.012381962629,0.002402625030,0.150290330218
0.136617123300,-0.012720374887,0.002334158801,0.169332088147
0.133989870900,-0.013162053376,0.002379637111,0.200471135515
0.131362618500,-0.013670816074,0.002330694836,0.242922076972
0.128735366200,-0.014295042374,0.002334582905,0.199790593398
0.126108113800,-0.014606741568,0.002493013574,0.127679285110
0.123480861400,-0.014850259522,0.002512759328,0.102232562472
0.120853609000,-0.015063458683,0.002679568916,0.050051167668
0.118226356700,-0.015061083628,0.002835457125,0.000150151428
0.115599104300,-0.015032509814,0.003023464625,-0.024720555898
0.112971851900,-0.014921719600,0.003127495209,-0.014113105915
0.110344599600,-0.014944811898,0.003113684251,0.007511923184
0.107717347200,-0.014930537369,0.003081006241,-0.005257227462
0.105090094800,-0.014900510746,0.003175535748,-0.003874936346
0.102462842500,-0.014905626914,0.003159118148,-0.044138409911
0.099835590100,-0.014769128561,0.003168942091,-0.098343139043
0.097208337700,-0.014477679330,0.003212099834,-0.105931538946
0.094581085300,-0.014298425513,0.003087448166,-0.055384648947
0.091953833000,-0.014313103662,0.003073133325,0.035257501915
0.089326580600,-0.014650451883,0.002955308898,0.060857025347
0.086699328200,-0.014715570682,0.002798971820,-0.022897816895
0.084072075900,-0.014647281583,0.002782441658,-0.015297954076
0.081444823500,-0.014744318887,0.002808012698,0.012696966081
0.078817571100,-0.014852329280,0.002808155333,0.001482721892
0.076190318700,-0.014869531963,0.002750712566,-0.044343827666
0.073563066400,-0.014845125812,0.002690999902,-0.018816230269
0.070935814000,-0.015028962464,0.002739520341,0.032189520181
0.068308561600,-0.015147398863,0.002824125967,0.015366978535
0.065681309300,-0.015194801037,0.002717728820,0.056614782292
0.063054056900,-0.015535241232,0.002603501071,0.052671607107
0.060426804500,-0.015595859554,0.002708781490,-0.012147920561
0.057799552100,-0.015545880302,0.002635632382,-0.006306686370
0.055172299800,-0.015601771760,0.002616337564,-0.003092031301
0.052545047400,-0.015610808451,0.002708595238,-0.064688351805
0.049917795000,-0.015383404109,0.002619904862,-0.085496038086
0.047290542700,-0.015318487740,0.002671335914,-0.021240856962
0.044663290300,-0.015537556679,0.002647496821,0.019737973178
0.042036037900,-0.015648599695,0.002585322942,0.020879710573
0.039408785500,-0.015802737281,0.002555752414,0.049742639210
0.036781533200,-0.016068410893,0.002614128702,0.063457875824
0.034154280800,-0.016331785306,0.002478520391,0.110375760846
0.031527028400,-0.016880950211,0.002499834323,0.167252458761
0.028899776100,-0.017416889503,0.002441844154,0.182661487506
0.026272523700,-0.017925141796,0.002100518719,0.024355882309
0.023645271300,-0.017590776420,0.001863788241,-0.002827987141
0.021018019000,-0.017974472756,0.001739953526,0.239966129282
0.018390766600,-0.018873100877,0.001589864433,0.156046720552
0.015763514200,-0.018868347865,0.001406134967,-0.076470563351
0.013136261800,-0.018511131539,0.001248523025,-0.128667795653
0.010509009500,-0.018203189508,0.001233399561,-0.139249433040
0.007881757100,-0.017787461065,0.001195255528,-0.176329433509
0.005254504700,-0.017414832487,0.001130756046,-0.186739940339
0.002627252400,-0.016873899957,0.000981407085,-0.476583933342
0.000000000000,-0.014959843189,0.000724922698,-0.745725319128
