0.391460603250,0.012026764452,0.000868975240,-0.061687248247
0.388833350880,0.012290004947,0.001054478997,-0.192728840260
0.386206098510,0.013100655499,0.001253314254,0.088615247103
0.383578846140,0.011910501207,0.001475455824,0.283717385604
0.380951593770,0.011653463744,0.001596865950,0.124649739543
0.378324341400,0.011263055186,0.001615816689,0.082020182825
0.375697089030,0.011151566693,0.001626363994,-0.153221787050
0.373069836660,0.011943967677,0.001501033554,-0.211276081509
0.370442584290,0.012102727370,0.001510294437,-0.104076013456
0.367815331920,0.012513636036,0.001517642664,-0.203387596548
0.365188079550,0.013221803251,0.001350504659,-0.271687546742
0.362560827170,0.013943254541,0.001229686921,-0.213141984438
0.359933574800,0.014261841180,0.001296068453,-0.130717414730
0.357306322430,0.014504250980,0.001437772269,-0.227912758062
0.354679070060,0.015329481646,0.001587528120,-0.110229417672
0.352051817690,0.015030675475,0.001641798825,-0.021511880725
0.349424565320,0.015301357805,0.001722630265,-0.121922227796
0.346797312950,0.015511438148,0.001807260392,-0.092577524140
0.344170060580,0.015645982804,0.001979275654,-0.076415508898
0.341542808210,0.015706093190,0.002086308648,-0.055453356407
0.338915555840,0.015741607422,0.002046780599,-0.035660544846
0.336288303460,0.015790951489,0.002088983710,-0.021996000275
0.333661051090,0.015744225683,0.002126362815,0.007261970292
0.331033798720,0.015604024057,0.002108753303,0.020448196933
0.328406546350,0.015471009732,0.002155407430,0.041188331161
0.325779293980,0.015276567298,0.002146566049,0.044720251032
0.323152041610,0.015119973438,0.002097125079,0.011836624496
0.320524789240,0.015097497334,0.002240280243,-0.010303686732
0.317897536870,0.015098742972,0.002317215453,-0.003706046065
0.315270284500,0.015031020878,0.002376983784,0.011763242515
0.312643032100,0.014957663863,0.002561811447,0.292359237110
0.310015779800,0.013408098416,0.002590460195,-0.000671900899
0.307388527400,0.014637156421,0.002611431947,-0.232700909552
0.304761275000,0.014508591870,0.002597209094,0.023877002887
0.302134022600,0.014389258508,0.002546781306,0.026080287231
0.299506770300,0.014287831842,0.002430987200,0.018227199710
0.296879517900,0.014194692996,0.002443236922,0.005351324170
0.294252265500,0.014147449178,0.002440843130,-0.011855698149
0.291625013200,0.014134500731,0.002429575284,-0.041194480626
0.288997760800,0.014203680579,0.002440703156,-0.088104538314
0.286370508400,0.014423581329,0.002422429293,-0.105459136774
0.283743256000,0.014609903656,0.002470150143,-0.086148199858
0.281116003700,0.014736764306,0.002564043404,-0.087956339368
0.278488751300,0.014895150805,0.002420798174,-0.094687593437
0.275861498900,0.015006748409,0.002174340982,-0.033544460008
0.273234246600,0.014878560979,0.002088708508,0.017160396861
0.270606994200,0.014846552831,0.001888134580,-0.001362930455
0.267979741800,0.014822629770,0.001709828411,0.016733287040
0.265352489400,0.014710976231,0.001616690664,0.064360024651
0.262725237100,0.014513539666,0.001446828483,0.083095177310
0.260097984700,0.014336065244,0.001412906681,0.072872726672
0.257470732300,0.014140692603,0.001335724616,0.080127620977
0.254843480000,0.013966817708,0.001302192470,0.069237429609
0.252216227600,0.013852527241,0.001350782311,0.053937374990
0.249588975200,0.013768558580,0.001315064072,0.062491576542
0.246961722900,0.013714017457,0.001389974109,0.039968276206
0.244334470500,0.013698343239,0.001455326150,0.029648901456
0.241707218100,0.013607629650,0.001434101246,0.054432232216
0.239079965700,0.013474939735,0.001486737885,0.090615673182
0.236452713400,0.013253565349,0.001411905867,0.122830553694
0.233825461000,0.012965028641,0.001424471800,0.153269825519
0.231198208600,0.012645337092,0.001491490303,0.179836155597
0.228570956300,0.012211963630,0.001492663028,0.201062715957
0.225943703900,0.011792864423,0.001508846024,0.212502198477
0.223316451500,0.011302188290,0.001488997987,0.202980514724
0.220689199100,0.010888302522,0.001424396330,0.166333310018
0.218061946800,0.010494305200,0.001379599148,0.140902950722
0.215434694400,0.010153472001,0.001370081628,0.081917541953
0.212807442000,0.010032008975,0.001326730900,0.023140651106
0.210180189700,0.010013808494,0.001264194059,-0.029431214738
0.207552937300,0.010164973854,0.001289651106,-0.054937089126
0.204925684900,0.010257566671,0.001355577524,-0.055918111051
0.202298432500,0.010432084576,0.001409740475,-0.082041647630
0.199671180200,0.010675004821,0.001317795899,-0.085762426968
0.197043927800,0.010813146000,0.001324664684,-0.066847214286
0.194416675400,0.010926076490,0.001376850852,-0.054864144002
0.191789423100,0.011001149521,0.001521728017,-0.021213800632
0.189162170700,0.010958842897,0.001608742033,0.009122717252
0.186534918300,0.010919052912,0.001829416779,0.012718863744
0.183907666000,0.010845376890,0.001974431910,0.008453199210
0.181280413600,0.010842828978,0.002045204948,0.012357599307
0.178653161200,0.010888847121,0.002126160600,0.007157853570
0.176025908800,0.010922499695,0.002274225316,-0.018716289598
0.173398656500,0.011062699412,0.002276296674,-0.031008032321
0.170771404100,0.011172526427,0.002182800647,-0.018175141111
0.168144151700,0.011236423237,0.002254523927,-0.042926081117
0.165516899400,0.011405111625,0.002362643712,-0.083882586967
0.162889647000,0.011699159146,0.002392535831,-0.117339804375
0.160262394600,0.012043278095,0.002400190934,-0.149340315955
0.157635142200,0.012445436153,0.002420120094,-0.177909038766
0.155007889900,0.012903498838,0.002566653350,-0.169416147267
0.152380637500,0.013258438877,0.002654458130,-0.169224281785
0.149753385100,0.013739831279,0.002692712676,-0.174432398365
0.147126132800,0.014151358243,0.002633545404,-0.118182439107
0.144498880400,0.014318659579,0.002691805617,-0.066228181104
0.141871628000,0.014444586994,0.002713713266,-0.029172898287
0.139244375600,0.014432862887,0.002612029281,0.032734728573
0.136617123300,0.014268690204,0.002498893390,0.058169921806
0.133989870900,0.014122047920,0.002515892215,0.055821236936
0.131362618500,0.013967125945,0.002456957531,0.077267404274
0.128735366200,0.013727194444,0.002347756961,0.092415861582
0.126108113800,0.013473369121,0.002403049869,0.084704220282
0.123480861400,0.013238149384,0.002372324675,0.086766841537
0.120853609000,0.012945113313,0.002252445452,0.100867007160
0.118226356700,0.012704439445,0.002061974778,0.117053753365
0.115599104300,0.012350088954,0.001915334663,0.172172460294
0.112971851900,0.011811292617,0.001883953211,0.256323031176
0.110344599600,0.011028116319,0.001925466496,0.289612576102
0.107717347200,0.010281650071,0.001960587831,0.230546569322
0.105090094800,0.009792812271,0.001989007784,0.110880459270
0.102462842500,0.009669260453,0.002102842141,0.046305234238
0.099835590100,0.009549923636,0.002087138807,0.040565776145
0.097208337700,0.009444724250,0.001916842675,-0.005421512695
0.094581085300,0.009620622532,0.001823279146,-0.091617112350
0.091953833000,0.009947325804,0.001778060514,-0.087247829738
0.089326580600,0.010042767079,0.001712937575,-0.091604352686
0.086699328200,0.010293434536,0.001690538678,-0.097527838342
0.084072075900,0.010454601846,0.001646925477,-0.073204290158
0.081444823500,0.010600896864,0.001615145078,-0.067597210446
0.078817571100,0.010689554821,0.001578531240,-0.062118705844
0.076190318700,0.010753812716,0.001400128114,-0.056290746126
0.073563066400,0.010787646174,0.001278650423,-0.080370553688
0.070935814000,0.010985749544,0.001272616640,-0.064024363447
0.068308561600,0.010959404269,0.001114956639,0.016914621083
0.065681309300,0.010749479848,0.001157478694,0.092736216927
0.063054056900,0.010416934465,0.001379676021,0.109168341456
0.060426804500,0.010179068679,0.001446731674,0.100409424467
0.057799552100,0.009801972831,0.001460153104,0.157958088177
0.055172299800,0.009259805481,0.001475793070,0.189723887262
0.052545047400,0.008780108171,0.001398720959,0.119921169787
0.049917795000,0.008608858761,0.001312987980,0.047223902080
0.047290542700,0.008473002437,0.001191530945,0.050327067343
0.044663290300,0.008271977021,0.001144426160,0.080384951289
0.042036037900,0.008024553074,0.000939258926,0.047841543181
0.039408785500,0.008013273524,0.000923355362,0.014287624789
0.036781533200,0.007938992742,0.000661885872,0.026707526392
0.034154280800,0.007874630429,0.000450385759,0.006786169398
0.031527028400,0.007899764833,0.000427103788,-0.040514592271
0.028899776100,0.008051616673,0.000515684814,0.016247562910
0.026272523700,0.007764997015,0.000611185452,0.294576258235
0.023645271300,0.006426336660,0.000635746816,0.269617585138
0.021018019000,0.006250483986,0.000564764140,-0.146790985854
0.018390766600,0.007106834508,0.000518513313,-0.180664597178
0.015763514200,0.007101234601,0.000408502021,-0.022145689765
0.013136261800,0.007146255359,0.000370738852,-0.067784086205
0.010509009500,0.007367686886,0.000187354900,-0.128026546140
0.007881757100,0.007731009875,0.000225540366,-0.154510831239
0.005254504700,0.008106005006,0.000266368212,-0.159623428431
0.002627252400,0.008498901549,0.000167144906,-0.098298508170
0.000000000000,0.008583902565,0.000149881581,-0.046793499791
