0.391460603250,-0.050824241622,-0.000234233470,0.479342293158
0.388833350880,-0.052063913514,-0.000603106288,0.755224333650
0.386206098510,-0.054786030503,-0.000568068953,0.314950349772
0.383578846140,-0.053637678406,-0.000434079998,-0.078307182372
0.380951593770,-0.054429887690,-0.000332891594,0.326074919331
0.378324341400,-0.055471019990,0.000035447376,-0.001306710979
0.375697089030,-0.054397145916,0.000349135470,-0.135448015009
0.373069836660,-0.054685684749,0.000633068944,0.050261509211
0.370442584290,-0.054634564252,0.000725492546,0.129936588228
0.367815331920,-0.055348241363,0.000836675406,0.182376337715
0.365188079550,-0.055581416734,0.001293559880,-0.015626317893
0.362560827170,-0.055192319771,0.001430952917,-0.124976799126
0.359933574800,-0.054884606783,0.001454933536,-0.116331064031
0.357306322430,-0.054565967792,0.001662416180,-0.132700432122
0.354679070060,-0.054270826372,0.001733565495,-0.129745627630
0.352051817690,-0.054009072758,0.001925526389,-0.057738651196
0.349424565320,-0.054150511360,0.002202090182,0.122214073511
0.346797312950,-0.054540223932,0.002242714225,0.073048464015
0.344170060580,-0.054657511334,0.002402723721,0.052217787270
0.341542808210,-0.054853596311,0.002468995596,0.048394593019
0.338915555840,-0.054936335174,0.002542345223,0.047104586296
0.336288303460,-0.055102849902,0.002654979335,0.067078925769
0.333661051090,-0.055283283051,0.002722911876,0.052518041895
0.331033798720,-0.055339358629,0.002726532486,0.043984359047
0.328406546350,-0.055454648880,0.002726564806,0.053960734893
0.325779293980,-0.055593015229,0.002728650387,0.046892470477
0.323152041610,-0.055676181289,0.002820180146,0.046676179478
0.320524789240,-0.055736683508,0.002994859651,0.060720334762
0.317897536870,-0.055926433027,0.003088502078,0.118996659520
0.315270284500,-0.056314210308,0.003131587203,0.138158261425
0.312643032100,-0.056619387030,0.003145910985,0.136326521411
0.310015779800,-0.056925958262,0.003093507869,0.142538630756
0.307388527400,-0.057227859390,0.003129265278,0.118857727235
0.304761275000,-0.057409481776,0.003142981638,0.093289179783
0.302134022600,-0.057649502626,0.003156226339,0.080487607991
0.299506770300,-0.057775369168,0.003170258711,0.060218807533
0.296879517900,-0.057927263158,0.003188259500,0.080907874048
0.294252265500,-0.058121545362,0.003166730841,0.048722861644
0.291625013200,-0.058087360604,0.003253119894,-0.020303179798
0.288997760800,-0.057980831166,0.003352877509,-0.008853908274
0.286370508400,-0.057922812127,0.003359953585,-0.025794765641
0.283743256000,-0.057857953156,0.003310666765,-0.033265697630
0.281116003700,-0.057780286490,0.003261138667,-0.029053074704
0.278488751300,-0.057737506945,0.003157540160,0.001241871732
0.275861498900,-0.057770825033,0.003140314716,0.026232144673
0.273234246600,-0.057818637222,0.003107920532,0.007585650717
0.270606994200,-0.057754035377,0.002925054205,-0.031745362512
0.267979741800,-0.057613496132,0.002884238693,-0.050033970706
0.265352489400,-0.057521855205,0.002817583942,-0.046347585058
0.262725237100,-0.057357296854,0.002760310196,-0.038553132145
0.260097984700,-0.057258850782,0.002897688137,-0.014146243875
0.257470732300,-0.057208671562,0.002963899373,-0.021974491993
0.254843480000,-0.057073688366,0.003141886583,-0.019319725562
0.252216227600,-0.057054661176,0.003339353594,-0.009370228218
0.249588975200,-0.056989305117,0.003460091932,-0.015637792073
0.246961722900,-0.056941993301,0.003476492950,-0.003071832908
0.244334470500,-0.056985275772,0.003634756133,-0.013908119509
0.241707218100,-0.056875176931,0.003462176977,-0.028146586330
0.239079965700,-0.056836422100,0.003221574514,-0.028281282573
0.236452713400,-0.056703109598,0.002935773399,-0.034264892952
0.233825461000,-0.056639784979,0.002595145858,0.033968935039
0.231198208600,-0.056851080631,0.002329383719,0.066123087338
0.228570956300,-0.057017905836,0.002229850606,0.070976205184
0.225943703900,-0.057275569768,0.002153591951,0.097913523871
0.223316451500,-0.057637475977,0.002053581389,0.083112323776
0.220689199100,-0.057846326391,0.002084632376,0.036232178927
0.218061946800,-0.057920291371,0.002095077072,0.005573781658
0.215434694400,-0.057931807942,0.002104237855,-0.006887424443
0.212807442000,-0.057930438818,0.002041209116,-0.032879671165
0.210180189700,-0.057790241547,0.001901944544,-0.070699525291
0.207552937300,-0.057601057104,0.001830506938,-0.114454982283
0.204925684900,-0.057242301774,0.001775518989,-0.159804862432
0.202298432500,-0.056834902133,0.001741539219,-0.132407240659
0.199671180200,-0.056652738097,0.001694562234,-0.026744372200
0.197043927800,-0.056787777004,0.001755018491,0.033201655804
0.194416675400,-0.056960769087,0.001820660676,0.048905506989
0.191789423100,-0.057152295201,0.001932399473,0.048667879689
0.189162170700,-0.057300986021,0.002100934901,0.035263125463
0.186534918300,-0.057367403367,0.002120149249,0.057266241672
0.183907666000,-0.057595299956,0.002291734589,0.099968233972
0.181280413600,-0.057897071945,0.002604127007,0.081251579406
0.178653161200,-0.058054241057,0.002714720190,0.009544850997
0.176025908800,-0.058010088767,0.002846693263,-0.033978999403
0.173398656500,-0.057899264060,0.002905283528,-0.050746989613
0.170771404100,-0.057833476277,0.003003085879,-0.058513783042
0.168144151700,-0.057713682702,0.003140160812,-0.073965885188
0.165516899400,-0.057651591451,0.003301767335,-0.079360904313
0.162889647000,-0.057538467314,0.003311225642,-0.093136343589
0.160262394600,-0.057396386182,0.003263580806,-0.074018773040
0.157635142200,-0.057336250803,0.003217766641,-0.051594705996
0.155007889900,-0.057213962581,0.003025718092,-0.069276881122
0.152380637500,-0.057067423654,0.002753943085,-0.120718650544
0.149753385100,-0.056680873064,0.002635506628,-0.150424709005
0.147126132800,-0.056366844091,0.002656089199,-0.112681689742
0.144498880400,-0.056184520481,0.002574167446,-0.066127696721
0.141871628000,-0.056075094188,0.002559791588,-0.005203744025
0.139244375600,-0.056154231768,0.002411859806,0.061219105317
0.136617123300,-0.056417255137,0.002305345219,0.092917387094
0.133989870900,-0.056675745265,0.002383472507,0.080514519052
0.131362618500,-0.056907660516,0.002488296917,0.046028995937
0.128735366200,-0.057022081655,0.002626335725,0.024970280648
0.126108113800,-0.057097038631,0.002808604227,0.070768823218
0.123480861400,-0.057488243681,0.002924953305,0.107579023986
0.120853609000,-0.057747452413,0.003021068984,0.075687894554
0.118226356700,-0.057925180037,0.003069774693,0.074049930446
0.115599104300,-0.058214411520,0.003274239987,0.093945054573
0.112971851900,-0.058440704538,0.003409158482,0.061158989267
0.110344599600,-0.058565708853,0.003500265488,0.032612269898
0.107717347200,-0.058649852870,0.003670575650,0.012797383023
0.105090094800,-0.058681714940,0.003751201631,-0.006148996879
0.102462842500,-0.058673913123,0.003820589836,-0.069113302585
0.099835590100,-0.058380926202,0.003914001422,-0.113823427124
0.097208337700,-0.058155951251,0.003994677941,-0.086295326568
0.094581085300,-0.058030745484,0.004012144035,-0.060323061376
0.091953833000,-0.057925325058,0.004138152833,-0.020792753441
0.089326580600,-0.057973980349,0.004287207318,0.046441974544
0.086699328200,-0.058153716525,0.004355290037,0.088570576483
0.084072075900,-0.058401862418,0.004656061925,0.084130340465
0.081444823500,-0.058597331294,0.004959219490,0.049684016759
0.078817571100,-0.058710450083,0.004906819556,0.070740625354
0.076190318700,-0.059026724110,0.004738183657,0.073363407813
0.073563066400,-0.059154208180,0.004703211172,0.012366911296
0.070935814000,-0.059160330259,0.004767473547,-0.001194462239
0.068308561600,-0.059210417278,0.004812985809,0.037503266445
0.065681309300,-0.059381329964,0.004771708134,0.046802044691
0.063054056900,-0.059442971512,0.004767584176,0.047347432819
0.060426804500,-0.059573146248,0.004751888427,0.093281965927
0.057799552100,-0.059882078053,0.004784214650,0.107633169588
0.055172299800,-0.060165912147,0.004719516925,0.084058818940
0.052545047400,-0.060357183643,0.004729907626,0.040940366480
0.049917795000,-0.060442419562,0.004650106107,-0.005338389133
0.047290542700,-0.060499443840,0.004470883383,-0.011510035322
0.044663290300,-0.060609611471,0.004223932087,0.005508017796
0.042036037900,-0.060609712556,0.004037355930,-0.003844403875
0.039408785500,-0.060582037454,0.003985658118,0.048411644464
0.036781533200,-0.060683022786,0.003960978185,0.094667963255
0.034154280800,-0.060949518501,0.003903527640,0.135605140730
0.031527028400,-0.061234916683,0.003724588112,0.147446719572
0.028899776100,-0.061545328402,0.003513972077,0.171829591358
0.026272523700,-0.061936652018,0.003329495839,0.163223983257
0.023645271300,-0.062291049476,0.003001432420,0.208940765809
0.021018019000,-0.062967912617,0.002793479388,0.248592850998
0.018390766600,-0.063556185314,0.002618375835,0.229201685196
0.015763514200,-0.064128975547,0.002211955871,0.219407788782
0.013136261800,-0.064621741711,0.001900419628,0.118431178012
0.010509009500,-0.064643620501,0.001678176213,-0.032442896171
0.007881757100,-0.064325002725,0.001550207920,-0.164397410209
0.005254504700,-0.063721548500,0.001486293959,-0.174880450482
0.002627252400,-0.063360105165,0.001525922658,-0.908771348773
0.000000000000,-0.058865188210,0.001195563051,-1.678612743562
