0.391460603250,-0.038361895057,-0.000040843585,0.034104204412
0.388833350880,-0.038356920711,-0.000178325114,0.296084129890
0.386206098510,-0.039830401808,-0.000096379991,0.247544651399
0.383578846140,-0.039499503658,0.000048427858,0.221899232881
0.380951593770,-0.040863398690,0.000155155368,0.409681898423
0.378324341400,-0.041554018099,0.000289092779,0.209346345024
0.375697089030,-0.041901879355,0.000385790556,0.065731530912
0.373069836660,-0.041881550945,0.000588865086,-0.077883094279
0.370442584290,-0.041527110791,0.000805237071,-0.146599228785
0.367815331920,-0.041163115173,0.000920133822,-0.198084954161
0.365188079550,-0.040581327955,0.001027333136,-0.189459338095
0.362560827170,-0.040230645978,0.001151459822,-0.137338200145
0.359933574800,-0.039939677727,0.001335195585,-0.128160846258
0.357306322430,-0.039730292593,0.001511812216,-0.121715187732
0.354679070060,-0.039460793156,0.001743113568,-0.106581020830
0.352051817690,-0.039198472307,0.001861158307,-0.105440377995
0.349424565320,-0.038916639011,0.001895439215,-0.111051144048
0.346797312950,-0.038681232502,0.001842325270,-0.096964713294
0.344170060580,-0.038450112429,0.001883879995,-0.068932550438
0.341542808210,-0.038357053466,0.001981757977,-0.038585291907
0.338915555840,-0.038344934962,0.002048778446,-0.012324598832
0.336288303460,-0.038409618542,0.002070694080,0.012945591557
0.333661051090,-0.038495069787,0.002092414041,0.030418652649
0.331033798720,-0.038605386993,0.002179092139,0.033543386994
0.328406546350,-0.038740352515,0.002212357192,0.057570882378
0.325779293980,-0.038961860310,0.002252531205,0.065187873507
0.323152041610,-0.039124540983,0.002325271449,0.055795367787
0.320524789240,-0.039299235442,0.002399029519,0.062316872230
0.317897536870,-0.039502411571,0.002471377577,0.072888076029
0.315270284500,-0.039706265930,0.002404082595,0.054995478846
0.312643032100,-0.039854218702,0.002399543749,0.009538826211
0.310015779800,-0.039851868249,0.002316909798,0.000772508543
0.307388527400,-0.039942312304,0.002352866833,0.029205434842
0.304761275000,-0.040033855887,0.002403198212,0.043094234482
0.302134022600,-0.040178431287,0.002398947771,0.057000712701
0.299506770300,-0.040378129628,0.002424439959,0.052332237514
0.296879517900,-0.040419931163,0.002358442358,0.011791222949
0.294252265500,-0.040466770238,0.002382092766,-0.021357544627
0.291625013200,-0.040419827453,0.002439012117,-0.048505391144
0.288997760800,-0.040287146686,0.002541024903,-0.048585229066
0.286370508400,-0.040235062379,0.002485057181,-0.016914033409
0.283743256000,-0.040233085125,0.002358141229,-0.034219778288
0.281116003700,-0.040133273554,0.002315233219,-0.067843456322
0.278488751300,-0.039950226169,0.002289751946,-0.064671022452
0.275861498900,-0.039834497062,0.002189926297,-0.047560671881
0.273234246600,-0.039732813651,0.001949498774,-0.048204756536
0.270606994200,-0.039618460103,0.001715682089,-0.056073421460
0.267979741800,-0.039509899068,0.001517628330,-0.050184104013
0.265352489400,-0.039524388058,0.001343364657,0.009751614268
0.262725237100,-0.039557428203,0.001262654230,0.021017331778
0.260097984700,-0.039621258291,0.001192586240,0.028931001326
0.257470732300,-0.039725013654,0.001253076055,0.043097763506
0.254843480000,-0.039915306340,0.001255533374,0.052186079053
0.252216227600,-0.040025217097,0.001267490967,0.032247027369
0.249588975200,-0.040107481878,0.001378475464,0.055723828032
0.246961722900,-0.040335278443,0.001462211079,0.092684029651
0.244334470500,-0.040562040473,0.001595339619,0.083006296288
0.241707218100,-0.040769120083,0.001590290238,0.069547373471
0.239079965700,-0.040883596994,0.001604462031,0.077939860059
0.236452713400,-0.041145203830,0.001631440347,0.099516281505
0.233825461000,-0.041418384610,0.001575828039,0.066137877746
0.231198208600,-0.041590995208,0.001532966177,0.029659773109
0.228570956300,-0.041691906873,0.001421709663,0.026472578432
0.225943703900,-0.041824002750,0.001379836044,0.056219145150
0.223316451500,-0.041998752253,0.001380515473,0.071539236660
0.220689199100,-0.042241496964,0.001307405846,0.119285863164
0.218061946800,-0.042618416514,0.001193369344,0.141627466785
0.215434694400,-0.043005898292,0.001225301025,0.155476734898
0.212807442000,-0.043445474423,0.001304080925,0.173940187157
0.210180189700,-0.043908389086,0.001189840521,0.145748654449
0.207552937300,-0.044156907402,0.001121627020,0.058165812316
0.204925684900,-0.044194622758,0.001156465022,0.018254751762
0.202298432500,-0.044247956467,0.001272459982,0.034611196953
0.199671180200,-0.044351794969,0.001270183490,0.016846241043
0.197043927800,-0.044294329382,0.001337415584,-0.039497444933
0.194416675400,-0.044110760956,0.001545495826,-0.067789451587
0.191789423100,-0.043901451934,0.001679088355,-0.050145669598
0.189162170700,-0.043829209495,0.001715235192,-0.036922384392
0.186534918300,-0.043703263029,0.001750080801,-0.058760182152
0.183907666000,-0.043500575118,0.001860501664,-0.040565566502
0.181280413600,-0.043429503908,0.001941257247,-0.012380172327
0.178653161200,-0.043405948527,0.002002110566,-0.016067394053
0.176025908800,-0.043363202730,0.002100541923,-0.000535870863
0.173398656500,-0.043380571747,0.002168322397,0.023230005665
0.170771404100,-0.043440967481,0.002259561486,0.019209066921
0.168144151700,-0.043481861046,0.002353991328,0.004890307096
0.165516899400,-0.043467742597,0.002355847302,-0.006111044707
0.162889647000,-0.043503115754,0.002387125793,-0.003718835673
0.160262394600,-0.043515671121,0.002448787668,-0.008826537253
0.157635142200,-0.043541562733,0.002480385697,-0.006814278113
0.155007889900,-0.043580668913,0.002552694868,-0.026128146334
0.152380637500,-0.043515230525,0.002609580693,-0.073231772995
0.149753385100,-0.043316013894,0.002688608674,-0.132344065477
0.147126132800,-0.042954512596,0.002654131960,-0.147623313461
0.144498880400,-0.042680877505,0.002638589143,-0.146424465334
0.141871628000,-0.042274941813,0.002721783864,-0.184039671052
0.139244375600,-0.041774013031,0.002829131939,-0.192393849600
0.136617123300,-0.041360447060,0.002924722167,-0.194383015831
0.133989870900,-0.040848781120,0.002949785109,-0.166182580210
0.131362618500,-0.040476232502,0.003010160019,-0.093752811511
0.128735366200,-0.040324321478,0.002946694165,-0.054536235612
0.126108113800,-0.040211572981,0.002862120110,-0.004061877850
0.123480861400,-0.040301882908,0.002970548999,0.072332663105
0.120853609000,-0.040575030959,0.002960257348,0.098833852227
0.118226356700,-0.040817600932,0.002886908098,0.097576750521
0.115599104300,-0.041066434756,0.002816591010,0.132503804559
0.112971851900,-0.041458309425,0.002727180743,0.152497757273
0.110344599600,-0.041818362299,0.002561581085,0.139543630959
0.107717347200,-0.042180127558,0.002473663124,0.135217257578
0.105090094800,-0.042497729857,0.002515639248,0.116667081783
0.102462842500,-0.042782540761,0.002526670077,0.132201993091
0.099835590100,-0.043220062588,0.002545452650,0.212402194772
0.097208337700,-0.043825724010,0.002591889440,0.223318763994
0.094581085300,-0.044377083131,0.002540216015,0.185427572687
0.091953833000,-0.044817836459,0.002379272219,0.143426025228
0.089326580600,-0.045147269767,0.002183982626,0.081317652721
0.086699328200,-0.045258947176,0.002109233150,-0.010048648213
0.084072075900,-0.045120225470,0.002077033642,-0.063305461091
0.081444823500,-0.044962864106,0.001940090973,-0.076607004107
0.078817571100,-0.044729443892,0.001972873551,-0.073028738286
0.076190318700,-0.044644221720,0.001942039007,-0.076349723920
0.073563066400,-0.044444095294,0.001901885385,-0.084811318503
0.070935814000,-0.044258523367,0.001911453164,-0.069328085552
0.068308561600,-0.044099324738,0.001841559542,-0.089638657152
0.065681309300,-0.043897243322,0.001830396074,-0.045581594461
0.063054056900,-0.043993663059,0.001717863674,0.049687460994
0.060426804500,-0.044276632901,0.001715248594,0.088100476441
0.057799552100,-0.044593536552,0.001973474102,0.120041246209
0.055172299800,-0.045031284256,0.002094599076,0.175715308301
0.052545047400,-0.045594790366,0.001965948192,0.167162399100
0.049917795000,-0.045984251228,0.001998667402,0.128657740337
0.047290542700,-0.046369255853,0.001773904617,0.097718637857
0.044663290300,-0.046634814471,0.001541801658,0.095328826427
0.042036037900,-0.046991230856,0.001503264423,0.107628865259
0.039408785500,-0.047285784500,0.001358644018,0.066331899520
0.036781533200,-0.047432039202,0.001288732425,0.035323945980
0.034154280800,-0.047530813886,0.001177934787,0.019325070080
0.031527028400,-0.047547520951,0.001381887527,-0.016356613421
0.028899776100,-0.047371614855,0.001379544748,-0.037450266687
0.026272523700,-0.047288775561,0.001155719206,0.005271009334
0.023645271300,-0.047385217261,0.001170706447,0.025126812202
0.021018019000,-0.047336472155,0.001171824811,-0.028337578185
0.018390766600,-0.047165404086,0.000999494856,0.009232352149
0.015763514200,-0.047327660763,0.000943401833,0.077418078008
0.013136261800,-0.047523017112,0.000856473034,0.063259584692
0.010509009500,-0.047579667966,0.000713727935,-0.021258886674
0.007881757100,-0.047274731750,0.000681243347,-0.134077762818
0.005254504700,-0.046717893760,0.000663924260,-0.396204276207
0.002627252400,-0.045085085758,0.000545637719,-1.599043723749
0.000000000000,-0.038217142030,0.000666486903,-2.572288907817
