0.391460603250,-0.010610494073,0.000335085748,0.050284279332
0.388833350880,-0.010725884070,0.000059338077,0.077846938595
0.386206098510,-0.011137245937,-0.000199291361,0.126888355404
0.383578846140,-0.011335125978,-0.000242509843,0.046632221245
0.380951593770,-0.011407424974,-0.000155492218,0.316456959999
0.378324341400,-0.012939465466,0.000169331147,0.105574262671
0.375697089030,-0.011918348361,0.000313447067,-0.202980254206
0.373069836660,-0.011911775072,0.000446828489,-0.071585162122
0.370442584290,-0.011633403583,0.000421444124,-0.169800816445
0.367815331920,-0.011114617999,0.000541156304,-0.265138827157
0.365188079550,-0.010347739351,0.000816114257,-0.177173624208
0.362560827170,-0.010297782323,0.000751441459,-0.130869292318
0.359933574800,-0.009820365767,0.000959209672,-0.226316469280
0.357306322430,-0.009303207932,0.001278819939,-0.069868602053
0.354679070060,-0.009500388467,0.001356896615,-0.019987993136
0.352051817690,-0.009377638053,0.001429646854,-0.140590939710
0.349424565320,-0.008986380467,0.001502710745,-0.147120838520
0.346797312950,-0.008831573005,0.001517901419,-0.079365155702
0.344170060580,-0.008720818749,0.001585214341,-0.073878506081
0.341542808210,-0.008604183705,0.001650351285,-0.049527663593
0.338915555840,-0.008624507813,0.001615374178,-0.029797428168
0.336288303460,-0.008590082047,0.001676526318,-0.020158023095
0.333661051090,-0.008685091961,0.001689571172,0.024026522506
0.331033798720,-0.008852690587,0.001826470810,0.021103835323
0.328406546350,-0.008888213611,0.001989284104,-0.002976911212
0.325779293980,-0.008976094807,0.002060292515,0.025689017180
0.323152041610,-0.009155355903,0.002037405307,0.023448409875
0.320524789240,-0.009369089302,0.002260556480,0.047338190131
0.317897536870,-0.009593435834,0.002286892230,0.043067014541
0.315270284500,-0.009747341109,0.002250391926,0.005153948454
0.312643032100,-0.009799449547,0.002321594165,-0.001331923983
0.310015779800,-0.009854230979,0.002361551798,0.019088623620
0.307388527400,-0.009928618292,0.002380931312,0.055511199561
0.304761275000,-0.010148167439,0.002387053416,0.067506034668
0.302134022600,-0.010263911781,0.002254694785,0.009337266894
0.299506770300,-0.010224040107,0.002312762391,-0.043790734807
0.296879517900,-0.010140535400,0.002270193955,-0.026353098493
0.294252265500,-0.010130985216,0.002171965429,-0.017850217938
0.291625013200,-0.010138815543,0.002124262638,-0.046952375184
0.288997760800,-0.009944858850,0.002056631659,-0.100877181622
0.286370508400,-0.009688160297,0.002055705255,-0.081624146524
0.283743256000,-0.009607349618,0.001977977342,-0.070699999744
0.281116003700,-0.009399356179,0.001982949599,-0.096574111748
0.278488751300,-0.009215018086,0.001824025569,-0.084425368725
0.275861498900,-0.009110699004,0.001803146643,-0.078998565860
0.273234246600,-0.009003716722,0.001697421775,-0.060859168112
0.270606994200,-0.008936298992,0.001507474218,-0.011782158916
0.267979741800,-0.008984950170,0.001292183172,0.019858802466
0.265352489400,-0.008995557681,0.001108932841,0.021692192565
0.262725237100,-0.009027381113,0.001021414529,0.034255194932
0.260097984700,-0.009124300329,0.001067678947,0.049937458952
0.257470732300,-0.009283030782,0.001084500049,0.081012392225
0.254843480000,-0.009550165940,0.000998374051,0.097216978004
0.252216227600,-0.009824186520,0.001013006416,0.120400300928
0.249588975200,-0.010257662834,0.001092328837,0.128343914180
0.246961722900,-0.010545150544,0.001245536511,0.069852110716
0.244334470500,-0.010692688767,0.001242691568,0.034117787352
0.241707218100,-0.010842469099,0.001294781692,0.032435318728
0.239079965700,-0.010980231827,0.001390014122,0.045361064537
0.236452713400,-0.011139753197,0.001432855348,0.031566215018
0.233825461000,-0.011228395003,0.001416732683,0.038856292926
0.231198208600,-0.011373578180,0.001369170064,0.078002353963
0.228570956300,-0.011603948131,0.001316648521,0.084925977570
0.225943703900,-0.011779309190,0.001332271309,0.072033295990
0.223316451500,-0.011981983719,0.001236633982,0.082501635673
0.220689199100,-0.012217079195,0.001196508631,0.115388493296
0.218061946800,-0.012566279087,0.001151864603,0.155466590992
0.215434694400,-0.013026156263,0.001110726902,0.173459782633
0.212807442000,-0.013463585805,0.001105128404,0.182782170636
0.210180189700,-0.013883820548,0.001083654581,0.153512285959
0.207552937300,-0.014137586916,0.001076597905,0.098768219683
0.204925684900,-0.014323747366,0.001122817531,0.067282180814
0.202298432500,-0.014429859809,0.001121034267,0.039468242803
0.199671180200,-0.014462927356,0.001137034626,0.026735927302
0.197043927800,-0.014520890885,0.001253365802,0.009584614452
0.194416675400,-0.014473667785,0.001356643558,-0.022572440812
0.191789423100,-0.014345997375,0.001406163545,-0.041335784472
0.189162170700,-0.014139049758,0.001439059252,-0.065299964051
0.186534918300,-0.013917550446,0.001451343514,-0.059852300552
0.183907666000,-0.013818438678,0.001516145161,-0.044516226283
0.181280413600,-0.013681109637,0.001559422660,-0.023817115495
0.178653161200,-0.013657353329,0.001633380572,-0.001958487561
0.176025908800,-0.013637624632,0.001673007577,-0.013112418357
0.173398656500,-0.013548300878,0.001787706140,-0.008162495601
0.170771404100,-0.013575763666,0.001802446548,-0.007367509444
0.168144151700,-0.013524251270,0.001819726402,-0.014446256039
0.165516899400,-0.013519221959,0.001867679563,-0.011716390089
0.162889647000,-0.013512823940,0.001822263466,-0.023012727303
0.160262394600,-0.013463414611,0.001867758231,-0.026285427008
0.157635142200,-0.013435320077,0.001906479283,0.000057716804
0.155007889900,-0.013517862636,0.001800580430,0.000591129855
0.152380637500,-0.013497878830,0.001864898960,-0.055011808579
0.149753385100,-0.013360029419,0.001912944102,-0.083621051255
0.147126132800,-0.013147269616,0.002030820405,-0.117466229624
0.144498880400,-0.012811313357,0.002105903796,-0.176965352097
0.141871628000,-0.012385327419,0.002168758653,-0.217114889720
0.139244375600,-0.011884525768,0.002232608142,-0.219501749569
0.136617123300,-0.011425505664,0.002269878941,-0.194016345255
0.133989870900,-0.011036443252,0.002277856107,-0.182504587656
0.131362618500,-0.010635933238,0.002318696371,-0.161630020924
0.128735366200,-0.010306433500,0.002362059013,-0.104220359561
0.126108113800,-0.010184569989,0.002479333587,-0.045441656980
0.123480861400,-0.010180205294,0.002391676488,-0.016286649859
0.120853609000,-0.010220957542,0.002311898474,0.024294490879
0.118226356700,-0.010432127655,0.002341946940,0.050597794647
0.115599104300,-0.010621612415,0.002238471816,0.067754430413
0.112971851900,-0.010938523225,0.002056478426,0.121131745566
0.110344599600,-0.011409302176,0.001985425695,0.159991556311
0.107717347200,-0.011916883071,0.002111752915,0.118705682222
0.105090094800,-0.012204750437,0.001929651369,0.076881214584
0.102462842500,-0.012488078883,0.001868808607,0.123013643092
0.099835590100,-0.012910184187,0.001744851303,0.154804010951
0.097208337700,-0.013367935458,0.001814250955,0.134892107765
0.094581085300,-0.013705222084,0.001933024974,0.101430276636
0.091953833000,-0.013989243097,0.001887563051,0.111059506399
0.089326580600,-0.014368423737,0.001776119690,0.119442158855
0.086699328200,-0.014647525561,0.001753400925,0.052356113547
0.084072075900,-0.014669607312,0.001630369027,-0.035141620014
0.081444823500,-0.014490028181,0.001547261661,-0.074524826392
0.078817571100,-0.014314467932,0.001555970178,-0.071736417041
0.076190318700,-0.014140400533,0.001534103238,-0.083613923602
0.073563066400,-0.013886489124,0.001394393063,-0.079767174436
0.070935814000,-0.013708705428,0.001376368671,-0.069761224979
0.068308561600,-0.013496157461,0.001179173910,-0.063607403496
0.065681309300,-0.013379098226,0.001083328410,-0.004027792283
0.063054056900,-0.013475992562,0.001252181272,0.033529005485
0.060426804500,-0.013596722936,0.001251216371,0.072947713331
0.057799552100,-0.013922111426,0.001294342770,0.138367150637
0.055172299800,-0.014379087512,0.001294837044,0.163319469650
0.052545047400,-0.014801414966,0.001308147039,0.150395636869
0.049917795000,-0.015177867124,0.001320312155,0.142004489871
0.047290542700,-0.015541418954,0.001281804061,0.128717841100
0.044663290300,-0.015889457637,0.001138731632,0.106260879902
0.042036037900,-0.016239279747,0.001129860445,0.118822363111
0.039408785500,-0.016572589542,0.001004035491,0.104836347659
0.036781533200,-0.016817448976,0.000940813479,0.077325184815
0.034154280800,-0.016993894537,0.000877171834,0.038873366549
0.031527028400,-0.017061603316,0.000837515774,0.006014968044
0.028899776100,-0.017070222627,0.000850792935,0.000729598410
0.026272523700,-0.017110717717,0.000870399888,-0.055515669774
0.023645271300,-0.016811450515,0.000932368158,-0.055444192945
0.021018019000,-0.016839045384,0.001049614819,0.021210810215
0.018390766600,-0.016950447792,0.001013469229,0.035788573051
0.015763514200,-0.017054980630,0.000824601809,0.042257338658
0.013136261800,-0.017197239618,0.000596005671,0.029312204590
0.010509009500,-0.017246594857,0.000501594759,-0.016835004573
0.007881757100,-0.017116675014,0.000476263075,-0.130184662725
0.005254504700,-0.016583826558,0.000479465198,-0.336342631671
0.002627252400,-0.015372480653,0.000392154840,-0.824045354583
0.000000000000,-0.012272700039,0.000444000440,-1.193446646469
