0.391460603250,0.008176686770,0.000299178211,0.251671374962
0.388833350880,0.007504183166,0.000555963826,0.176226169574
0.386206098510,0.007208424554,0.000424876872,0.047799156428
0.383578846140,0.007239344817,0.000546383848,-0.135895554281
0.380951593770,0.007977525997,0.000610212867,-0.225520219029
0.378324341400,0.008449848665,0.000538316339,-0.147899716235
0.375697089030,0.008771543776,0.000525615626,0.052288168416
0.373069836660,0.008170437783,0.000881409541,-0.277179324994
0.370442584290,0.010075289990,0.000950408448,-0.312429359005
0.367815331920,0.009794711635,0.001037035905,0.065916169302
0.365188079550,0.009749071178,0.001053607501,-0.059867382339
0.362560827170,0.010133317771,0.000919344803,0.006336807829
0.359933574800,0.009632504170,0.000927958978,-0.105203308605
0.357306322430,0.010410709440,0.001062311307,-0.331326393153
0.354679070060,0.011130402869,0.001080471806,-0.250355152132
0.352051817690,0.011546282295,0.001165991977,-0.159251111075
0.349424565320,0.011792329958,0.001152393143,-0.062671863970
0.346797312950,0.011789391828,0.001267341542,-0.011788452194
0.344170060580,0.011814984097,0.001170086417,-0.031607410761
0.341542808210,0.011852107947,0.001232072011,-0.048561228951
0.338915555840,0.011960158753,0.001334783209,-0.053854148947
0.336288303460,0.012054811971,0.001389700056,-0.025399550022
0.333661051090,0.011998475000,0.001464854795,0.001944119259
0.331033798720,0.011878247752,0.001557479304,0.011906766335
0.328406546350,0.011768618927,0.001595184890,0.013992014795
0.325779293980,0.011693493970,0.001726657491,0.023960943827
0.323152041610,0.011624696754,0.001905016302,0.042527941090
0.320524789240,0.011431317117,0.001928683250,0.062302670805
0.317897536870,0.011252048743,0.001996977280,0.044997221406
0.315270284500,0.011199149335,0.002101213876,0.030224217206
0.312643032100,0.011104864070,0.002255021966,0.019721685444
0.310015779800,0.011060985897,0.002301698075,-0.006390454858
0.307388527400,0.011113358616,0.002317106865,-0.012442998792
0.304761275000,0.011083004202,0.002269056503,-0.006027178823
0.302134022600,0.011133929314,0.002202304812,0.003622658004
0.299506770300,0.011107764945,0.002165536333,0.053756003357
0.296879517900,0.010892370640,0.002107700943,0.057658465095
0.294252265500,0.010841114590,0.002120107910,0.001562373247
0.291625013200,0.010922242936,0.002067579695,-0.027584119691
0.288997760800,0.011017831702,0.001943009912,-0.037991909289
0.286370508400,0.011176483956,0.001763187813,-0.038691102805
0.283743256000,0.011278004672,0.001612150389,-0.056389388254
0.281116003700,0.011521489613,0.001554779938,-0.088227097433
0.278488751300,0.011808157923,0.001434300911,-0.063709467620
0.275861498900,0.011937960071,0.001297583945,-0.040659250545
0.273234246600,0.012074924257,0.001217576701,-0.030175444724
0.270606994200,0.012183335413,0.001111847126,-0.024380304787
0.267979741800,0.012261000978,0.001101218475,-0.012572837345
0.265352489400,0.012320714029,0.001041611648,-0.009765645038
0.262725237100,0.012459289955,0.000992816886,-0.019998819082
0.260097984700,0.012552710410,0.001012113714,-0.008362363017
0.257470732300,0.012552089553,0.000994542990,0.018108634448
0.254843480000,0.012501249069,0.000942010130,0.042268252419
0.252216227600,0.012380550091,0.000934027155,0.084558734995
0.249588975200,0.012090835079,0.000854900183,0.145842246100
0.246961722900,0.011632261962,0.000767703309,0.185734035499
0.244334470500,0.011110039504,0.000770928698,0.201455754871
0.241707218100,0.010563819219,0.000717130810,0.198202402729
0.239079965700,0.010122000009,0.000723042291,0.157247845082
0.236452713400,0.009810883031,0.000704156378,0.139755970260
0.233825461000,0.009489031928,0.000668384152,0.136255967380
0.231198208600,0.009200040067,0.000815806236,0.101781130785
0.228570956300,0.009049984175,0.000887772827,0.047885417825
0.225943703900,0.009058480208,0.000883672937,0.010480967398
0.223316451500,0.009075786529,0.000821225948,0.026885497968
0.220689199100,0.008944357226,0.000773591073,0.021102356585
0.218061946800,0.008977269492,0.000848887855,-0.005274250701
0.215434694400,0.009012802910,0.000957427821,0.031356492912
0.212807442000,0.008894914285,0.000994061127,0.044451032454
0.210180189700,0.008862212326,0.001037287747,0.058618409927
0.207552937300,0.008695195874,0.000964282399,0.138721909163
0.204925684900,0.008255250033,0.000964542414,0.209071875571
0.202298432500,0.007712085598,0.000998247384,0.206002968312
0.199671180200,0.007252657731,0.000973741088,0.155011909137
0.197043927800,0.006970060553,0.000835494561,0.104713166092
0.194416675400,0.006807385245,0.000898914902,0.068717660941
0.191789423100,0.006688782333,0.001015229789,0.035567186674
0.189162170700,0.006694174668,0.001104764901,0.004936055325
0.186534918300,0.006739166157,0.001207648970,-0.038481823292
0.183907666000,0.006945914720,0.001238853534,-0.085211723089
0.181280413600,0.007209301991,0.001276296173,-0.095813519122
0.178653161200,0.007423815535,0.001324564694,-0.093899357459
0.176025908800,0.007630808843,0.001301263419,-0.065307775544
0.173398656500,0.007733297341,0.001316333996,-0.042639530837
0.170771404100,0.007812293374,0.001239762165,-0.057848522507
0.168144151700,0.007950289194,0.001258414504,-0.069291920923
0.165516899400,0.008047748686,0.001211832735,-0.065270454914
0.162889647000,0.008166105651,0.001219206781,-0.059463171252
0.160262394600,0.008153422404,0.001105563978,-0.044563983657
0.157635142200,0.008167624111,0.000969876692,-0.027802359776
0.155007889900,0.008110263590,0.000808329617,-0.000941774740
0.152380637500,0.007966711689,0.000706785129,0.032032830623
0.149753385100,0.007770336393,0.000683191025,0.034077693005
0.147126132800,0.007614770818,0.000611055896,0.008663412645
0.144498880400,0.007555362046,0.000445763077,0.006778908140
0.141871628000,0.007426372235,0.000385834475,0.000878566647
0.139244375600,0.007350012232,0.000248866544,-0.029786098537
0.136617123300,0.007395623877,0.000156963820,-0.055295968249
0.133989870900,0.007449275922,0.000187293198,-0.087068948429
0.131362618500,0.007651164532,0.000272259319,-0.158510137892
0.128735366200,0.008105021088,0.000275359928,-0.207862900203
0.126108113800,0.008572112840,0.000123443528,-0.175985619084
0.123480861400,0.008812150362,0.000115276441,-0.128158434907
0.120853609000,0.009099731654,0.000177290762,-0.111975429091
0.118226356700,0.009328958257,0.000172856398,-0.066850403931
0.115599104300,0.009445703853,0.000161281164,-0.000765627887
0.112971851900,0.009348719466,0.000425241490,0.108112712379
0.110344599600,0.009003945812,0.000619913814,0.138013270749
0.107717347200,0.008766913601,0.000694504577,0.091544980949
0.105090094800,0.008619518424,0.000858658286,0.105200872401
0.102462842500,0.008325008757,0.001005264535,0.155257104116
0.099835590100,0.008014315942,0.001045812449,0.154219183296
0.097208337700,0.007789347966,0.001199335274,0.122536814900
0.094581085300,0.007617013337,0.001174916083,0.145353302895
0.091953833000,0.007224441254,0.001156588748,0.174189104761
0.089326580600,0.006832141210,0.001381205133,0.152475442898
0.086699328200,0.006534693377,0.001555231382,0.138649517435
0.084072075900,0.006192700224,0.001587320599,0.152359846216
0.081444823500,0.005887121048,0.001705183974,0.154916992171
0.078817571100,0.005567391060,0.001797033636,0.087624350132
0.076190318700,0.005571875770,0.001782072971,-0.006065018135
0.073563066400,0.005808586547,0.001900412424,-0.020179402285
0.070935814000,0.005997609865,0.001921120572,0.007487168898
0.068308561600,0.006036551423,0.001844397233,-0.005794521992
0.065681309300,0.006224147587,0.001666962564,-0.067987280975
0.063054056900,0.006606079551,0.001496526847,-0.110166683805
0.060426804500,0.007052899503,0.001428767213,-0.079680478660
0.057799552100,0.007282109251,0.001305880071,-0.007712721512
0.055172299800,0.007288168575,0.001194394551,0.045149260125
0.052545047400,0.007219710098,0.001124637173,0.080530721628
0.049917795000,0.007050479107,0.001223272929,0.188028396341
0.047290542700,0.006460729284,0.001112705881,0.242482795488
0.044663290300,0.005965101818,0.001136440573,0.165171304395
0.042036037900,0.005699537523,0.001107081078,0.156639356307
0.039408785500,0.005276185977,0.001126384799,0.172889671644
0.036781533200,0.004960556215,0.000851846485,0.151053391774
0.034154280800,0.004656969942,0.000751855264,0.138769193159
0.031527028400,0.004385167364,0.000684803926,0.083047467100
0.028899776100,0.004315109805,0.000650357845,0.064824619001
0.026272523700,0.004188457845,0.000644537299,0.216715548361
0.023645271300,0.003315292180,0.000510127830,0.230123475749
0.021018019000,0.003151700145,0.000461982601,-0.029792246596
0.018390766600,0.003640630792,0.000381510303,-0.093282857257
0.015763514200,0.003805764729,0.000354915779,0.025701144413
0.013136261800,0.003748924629,0.000283154224,0.048485526774
0.010509009500,0.003784266740,0.000218287567,0.037588079148
0.007881757100,0.003749347115,0.000078916111,-0.038163369958
0.005254504700,0.004157468600,-0.000057206036,-0.141213515389
0.002627252400,0.004669108371,-0.000238980961,-0.064948822821
0.000000000000,0.004605967303,-0.000214311396,0.022177398478
