0.391460603250,0.047737045336,0.000279524414,0.088402538286
0.388833350880,0.047490421408,0.000130334750,0.282318580119
0.386206098510,0.046319079834,0.000167251789,0.093542732845
0.383578846140,0.047068359571,0.000212993138,-0.325152954160
0.380951593770,0.048049388037,0.000183027521,0.118104356220
0.378324341400,0.046470333542,0.000407078026,0.191077332543
0.375697089030,0.047069272417,0.000705088504,-0.131397999218
0.373069836660,0.047164292960,0.000986100066,-0.400549120762
0.370442584290,0.049130105796,0.001295715450,-0.438918731757
0.367815331920,0.049389790165,0.001497078321,-0.120135724047
0.365188079550,0.049743550979,0.001693643446,-0.426129532207
0.362560827170,0.051548585008,0.001842094345,-0.470376169414
0.359933574800,0.052134972128,0.002003090641,-0.222525669746
0.357306322430,0.052612753955,0.002071814637,-0.099007453026
0.354679070060,0.052581071250,0.002248975533,0.008040228642
0.352051817690,0.052597085512,0.002302082169,-0.006168854549
0.349424565320,0.052706211898,0.002291608368,-0.031204269574
0.346797312950,0.052659650936,0.002374216952,-0.001576079971
0.344170060580,0.052613706883,0.002525690973,0.024526271646
0.341542808210,0.052483386985,0.002669279611,0.054102202653
0.338915555840,0.052260160411,0.002767326528,0.068809092944
0.336288303460,0.052080418687,0.002766456837,0.059069231477
0.333661051090,0.051965796178,0.002713093606,0.014965224033
0.331033798720,0.051859431067,0.002894509640,0.073171174944
0.328406546350,0.051666795760,0.002993277922,0.106484517630
0.325779293980,0.051374567800,0.003034993670,0.126677785528
0.323152041610,0.051095325832,0.003153995722,0.158811371635
0.320524789240,0.050679361253,0.003122781363,0.184426752948
0.317897536870,0.050262587841,0.003047337533,0.180404717903
0.315270284500,0.049836147010,0.003191992891,0.152181756264
0.312643032100,0.049504027618,0.003252339370,0.112487098832
0.310015779800,0.049217512911,0.003227244657,0.078461280393
0.307388527400,0.049026019513,0.003207930817,0.047862001967
0.304761275000,0.048899019801,0.003177728614,0.025380980144
0.302134022600,0.048782431625,0.003159730467,-0.015100112918
0.299506770300,0.048870230292,0.003238866483,-0.046841659002
0.296879517900,0.048956960447,0.003227875092,-0.063181629328
0.294252265500,0.049231336816,0.003123072201,-0.081542469452
0.291625013200,0.049433513546,0.003102587276,-0.042681460855
0.288997760800,0.049408540288,0.003089263994,-0.011465366675
0.286370508400,0.049436421627,0.003124720797,0.002720376545
0.283743256000,0.049362365005,0.002982080840,0.015994979953
0.281116003700,0.049297619616,0.002792293066,0.029611764192
0.278488751300,0.049143261359,0.002795393538,0.025023781970
0.275861498900,0.049118163418,0.002739825219,-0.030261720991
0.273234246600,0.049220524839,0.002679410080,-0.042432516865
0.270606994200,0.049259693031,0.002645809672,-0.032627029158
0.267979741800,0.049324884344,0.002657914460,-0.045986826816
0.265352489400,0.049496284593,0.002725460240,-0.048062411996
0.262725237100,0.049604467712,0.002867645876,-0.033099830575
0.260097984700,0.049713839348,0.003033842468,-0.049030378855
0.257470732300,0.049874115467,0.003222784429,-0.073802317365
0.254843480000,0.050098401689,0.003450269532,-0.102157829218
0.252216227600,0.050369825386,0.003545994904,-0.109821911630
0.249588975200,0.050611869266,0.003487855661,-0.077032582280
0.246961722900,0.050730524284,0.003342743068,-0.057875938994
0.244334470500,0.050825918680,0.003005025093,-0.081380611692
0.241707218100,0.051013958581,0.002719497754,-0.097580990236
0.239079965700,0.051164451361,0.002464138965,-0.076065993535
0.236452713400,0.051251688707,0.002284367811,-0.011600024105
0.233825461000,0.051130603557,0.002191074579,0.067730073629
0.231198208600,0.050839511587,0.002177555998,0.117101776798
0.228570956300,0.050551730355,0.002009398226,0.097942666632
0.225943703900,0.050231841327,0.001920029892,0.082800864766
0.223316451500,0.049953387694,0.001891566671,0.050838558645
0.220689199100,0.049822067315,0.001837518604,0.036912890515
0.218061946800,0.049642899278,0.001749665517,0.008714939993
0.215434694400,0.049648194093,0.001620948508,-0.067567094612
0.212807442000,0.049864327778,0.001526951870,-0.159755212632
0.210180189700,0.050316820289,0.001419752936,-0.208587722709
0.207552937300,0.050793070205,0.001395556326,-0.192263123833
0.204925684900,0.051183153879,0.001362004362,-0.136140457408
0.202298432500,0.051377462613,0.001305334600,-0.060787446382
0.199671180200,0.051405833443,0.001340306447,-0.000692418488
0.197043927800,0.051256489403,0.001281165412,0.063444244088
0.194416675400,0.050912247934,0.001227092013,0.086545856236
0.191789423100,0.050669235371,0.001241722209,0.039911368864
0.189162170700,0.050560634753,0.001333559335,0.035363773840
0.186534918300,0.050409554620,0.001557785203,0.060738642049
0.183907666000,0.050208859484,0.001723283063,0.049080934237
0.181280413600,0.050077047769,0.001938305709,0.023872172262
0.178653161200,0.049967681862,0.002132426815,0.009778763597
0.176025908800,0.049888430431,0.002391739388,-0.018414862693
0.173398656500,0.049900818195,0.002551356747,-0.052852913122
0.170771404100,0.050003685901,0.002591668651,-0.070466723086
0.168144151700,0.050153609026,0.002623983316,-0.069573619286
0.165516899400,0.050275978622,0.002604904562,-0.044522072435
0.162889647000,0.050332492893,0.002525281980,-0.068227847073
0.160262394600,0.050579283223,0.002299415615,-0.118426643473
0.157635142200,0.050912370270,0.002015691861,-0.142220836265
0.155007889900,0.051325030031,0.001852144287,-0.134747493697
0.152380637500,0.051602448219,0.001687336805,-0.091970373356
0.149753385100,0.051745704780,0.001514538654,-0.070194001544
0.147126132800,0.051881806108,0.001444571462,-0.022999119317
0.144498880400,0.051787716689,0.001425026292,0.050412621211
0.141871628000,0.051552186811,0.001303353656,0.065017932092
0.139244375600,0.051449034014,0.001311842681,0.029058480343
0.136617123300,0.051424065736,0.001448443258,0.023641543671
0.133989870900,0.051307491509,0.001574111803,0.052619319424
0.131362618500,0.051107341370,0.001472878108,0.094206080320
0.128735366200,0.050774959974,0.001498236414,0.105798027613
0.126108113800,0.050531820657,0.001652003816,0.064286524071
0.123480861400,0.050410603735,0.001680433102,0.017981888759
0.120853609000,0.050332852596,0.001732489512,0.046102533010
0.118226356700,0.050113301415,0.001932769242,0.061100370700
0.115599104300,0.050001503098,0.002015812387,0.030072918385
0.112971851900,0.050000968397,0.002161887797,0.029305287315
0.110344599600,0.049933040010,0.002287710341,0.031319317949
0.107717347200,0.049933512889,0.002348939270,-0.025306892939
0.105090094800,0.050157542075,0.002409726721,-0.094723369293
0.102462842500,0.050457893011,0.002488593251,-0.100629407537
0.099835590100,0.050650940990,0.002538178029,-0.060022088555
0.097208337700,0.050794033333,0.002633799390,-0.046827135950
0.094581085300,0.050903190051,0.002885498539,-0.002677789008
0.091953833000,0.050854125451,0.002970984769,0.065800198477
0.089326580600,0.050581977584,0.003116044782,0.170491804355
0.086699328200,0.050022532672,0.003293325543,0.102041039349
0.084072075900,0.050007439481,0.003351110546,0.030983077967
0.081444823500,0.049913843310,0.003089316662,0.087585248583
0.078817571100,0.049577324121,0.003034502906,0.087964212028
0.076190318700,0.049361267538,0.003131519514,0.024942333043
0.073563066400,0.049297799619,0.003161504956,-0.039587885286
0.070935814000,0.049425755354,0.003281512108,-0.054350778681
0.068308561600,0.049454162070,0.003275476957,0.001850828108
0.065681309300,0.049382523910,0.003160060269,0.051509651021
0.063054056900,0.049245011528,0.003227750649,0.128149668506
0.060426804500,0.048848235236,0.003073434340,0.206527401493
0.057799552100,0.048227057676,0.002864503252,0.174828226016
0.055172299800,0.047922051547,0.002726204583,0.077872397544
0.052545047400,0.047859063139,0.002720851927,0.056188564557
0.049917795000,0.047739490645,0.002640761092,0.046416240056
0.047290542700,0.047641729562,0.002445902054,0.029596358106
0.044663290300,0.047584889681,0.002252772956,0.026700757709
0.042036037900,0.047476292075,0.001965815619,0.024700487306
0.039408785500,0.047304293902,0.001871585037,0.035325577485
0.036781533200,0.047199709773,0.001907635957,0.047749502814
0.034154280800,0.047050192305,0.001847871597,0.095959662689
0.031527028400,0.046687461096,0.001583127097,0.145481062870
0.028899776100,0.046256077138,0.001377486033,0.166273705095
0.026272523700,0.045805318405,0.001177130447,0.196551462330
0.023645271300,0.045214167017,0.000931819021,0.411514515561
0.021018019000,0.043627559674,0.000861786003,0.231265106423
0.018390766600,0.044097945655,0.000751959860,-0.038973525712
0.015763514200,0.043818677950,0.000668714633,0.013035663152
0.013136261800,0.043990514891,0.000546060455,-0.099964630129
0.010509009500,0.044262529610,0.000394504553,-0.152818480443
0.007881757100,0.044642527377,0.000255218154,-0.198918018555
0.005254504700,0.045147237201,0.000174055251,-0.139929278291
0.002627252400,0.045277220189,0.000144719784,1.112450951233
0.000000000000,0.039221065580,0.000093821856,2.283962649904
