0.391460603250,-0.046646986922,-0.000477297900,0.516717737039
0.388833350880,-0.048044363632,-0.000825777410,0.289795130064
0.386206098510,-0.048232099381,-0.000867288581,-0.045356072352
0.383578846140,-0.047786745368,-0.000730578283,-0.262091495468
0.380951593770,-0.046951987726,-0.000591114973,0.200065513561
0.378324341400,-0.048893457823,-0.000365158841,0.587004700129
0.375697089030,-0.050052957357,-0.000198832772,0.127538929883
0.373069836660,-0.049614897994,-0.000099630225,0.047486104603
0.370442584290,-0.050390055526,0.000250427808,0.189552970040
0.367815331920,-0.050794446868,0.000411519193,0.112190873735
0.365188079550,-0.050988814699,0.000460621153,0.025975354961
0.362560827170,-0.050914351978,0.000568320144,-0.064612346409
0.359933574800,-0.050648459369,0.000851568648,-0.130245926354
0.357306322430,-0.050258801132,0.001129970733,-0.176494037520
0.354679070060,-0.049776227692,0.001415916730,-0.205060882882
0.352051817690,-0.049282277248,0.001722684746,-0.181086734189
0.349424565320,-0.048824204219,0.001823916068,-0.157723099900
0.346797312950,-0.048444367569,0.001900795338,-0.115111519044
0.344170060580,-0.048227136032,0.002024283615,-0.037014272246
0.341542808210,-0.048293992541,0.002088266058,0.042111462570
0.338915555840,-0.048430167384,0.002167648498,0.067385494115
0.336288303460,-0.048589763337,0.002288946753,0.071467049862
0.333661051090,-0.048764168889,0.002353707594,0.081659301659
0.331033798720,-0.048973345792,0.002412628170,0.076612600291
0.328406546350,-0.049180324804,0.002514728190,0.072426830620
0.325779293980,-0.049336755197,0.002531324360,0.050995590917
0.323152041610,-0.049473964791,0.002573822539,0.065869936644
0.320524789240,-0.049714873958,0.002593591820,0.084170001614
0.317897536870,-0.049890188395,0.002558271375,0.032359238805
0.315270284500,-0.049879538505,0.002473066953,0.009464106382
0.312643032100,-0.049987296493,0.002457555836,0.056167916402
0.310015779800,-0.050101886665,0.002483693085,0.059811534432
0.307388527400,-0.050227753249,0.002553797124,0.061031625452
0.304761275000,-0.050309552356,0.002640616442,0.034258334344
0.302134022600,-0.050399843549,0.002536881784,0.061412084983
0.299506770300,-0.050704313903,0.002369506951,0.136511938581
0.296879517900,-0.051098209008,0.002352363608,0.114202376165
0.294252265500,-0.051329426828,0.002311953488,0.041511755160
0.291625013200,-0.051404717901,0.002285682876,-0.013069560491
0.288997760800,-0.051367764787,0.002283548068,0.020716085213
0.286370508400,-0.051451466524,0.002219434787,0.025608807369
0.283743256000,-0.051491660550,0.002229525514,-0.005676422425
0.281116003700,-0.051510225325,0.002216122226,-0.027521136235
0.278488751300,-0.051457313470,0.002263800899,-0.030205287212
0.275861498900,-0.051432316543,0.002257288343,-0.004560652445
0.273234246600,-0.051513981768,0.002244478294,0.017292528772
0.270606994200,-0.051584872673,0.002263941146,0.015109426692
0.267979741800,-0.051635977712,0.002176631460,-0.033382085444
0.265352489400,-0.051511645781,0.002096655496,-0.101385372582
0.262725237100,-0.051202546851,0.002077936097,-0.158207238130
0.260097984700,-0.050793025593,0.002031139813,-0.150486357170
0.257470732300,-0.050524407182,0.002080310319,-0.111231800729
0.254843480000,-0.050335063498,0.002197636394,-0.084035639148
0.252216227600,-0.050210315010,0.002189386946,-0.041717539705
0.249588975200,-0.050209718801,0.002088276531,-0.008863342584
0.246961722900,-0.050245921821,0.001940950050,0.018399320947
0.244334470500,-0.050410231389,0.001918978437,0.068828855287
0.241707218100,-0.050737742877,0.001910121405,0.061170838132
0.239079965700,-0.050870538112,0.001919413655,0.004430087519
0.236452713400,-0.050964448135,0.001837916504,0.038238074728
0.233825461000,-0.051259385603,0.001871026978,0.064897563663
0.231198208600,-0.051447128164,0.001824713122,0.051408517195
0.228570956300,-0.051635507288,0.001675829734,0.051732604584
0.225943703900,-0.051814508335,0.001590486927,0.033700997822
0.223316451500,-0.051913230224,0.001561246147,-0.013913910434
0.220689199100,-0.051832013717,0.001441944018,-0.052036093818
0.218061946800,-0.051714610595,0.001406679644,-0.022397090894
0.215434694400,-0.051752103798,0.001367797358,0.011254785934
0.212807442000,-0.051857991421,0.001301533119,-0.022254693895
0.210180189700,-0.051745432999,0.001206155484,-0.059535939682
0.207552937300,-0.051598913724,0.001197748272,-0.030633700805
0.204925684900,-0.051603310534,0.001163668008,-0.006631314036
0.202298432500,-0.051538334653,0.001175996409,-0.007468622938
0.199671180200,-0.051475022222,0.001166429270,-0.011380813869
0.197043927800,-0.051392045759,0.001111771236,-0.039407611279
0.194416675400,-0.051190156230,0.001108631533,-0.060608702778
0.191789423100,-0.050982930171,0.001107052325,-0.036395514614
0.189162170700,-0.050937651510,0.001195376774,0.032382311816
0.186534918300,-0.051102008200,0.001311924906,0.034864439138
0.183907666000,-0.051069960446,0.001351603394,-0.011943727787
0.181280413600,-0.051032709539,0.001346424295,0.004542623466
0.178653161200,-0.051099316264,0.001535656707,0.013970002183
0.176025908800,-0.051088986525,0.001694814166,0.006878092530
0.173398656500,-0.051080680732,0.001588591134,0.017357219914
0.170771404100,-0.051135003352,0.001620052154,0.039112524234
0.168144151700,-0.051244692676,0.001722653052,0.024070104153
0.165516899400,-0.051229543893,0.001722568017,0.002375891581
0.162889647000,-0.051264835677,0.001649942838,0.040761237979
0.160262394600,-0.051448983618,0.001600612888,0.043968250416
0.157635142200,-0.051519451223,0.001642016799,0.024801006884
0.155007889900,-0.051595973796,0.001938448547,0.020197047996
0.152380637500,-0.051629609300,0.002109016860,0.021066130762
0.149753385100,-0.051704272154,0.002076892977,0.028540155793
0.147126132800,-0.051754012538,0.002180968800,0.002487885734
0.144498880400,-0.051691906125,0.002143697696,-0.034248392919
0.141871628000,-0.051583389281,0.002138103871,-0.065757568000
0.139244375600,-0.051305025349,0.002113753597,-0.098004823655
0.136617123300,-0.051005870469,0.002174904258,-0.068886867835
0.133989870900,-0.050922919191,0.002144241435,-0.036182655290
0.131362618500,-0.050786297205,0.002155655524,-0.065819663391
0.128735366200,-0.050584730510,0.002227276490,-0.074043960303
0.126108113800,-0.050433767216,0.002205078917,-0.070106605734
0.123480861400,-0.050238317272,0.002159336116,-0.059863792495
0.120853609000,-0.050155695321,0.002083752243,-0.013871173972
0.118226356700,-0.050229691667,0.002027641880,0.042125666655
0.115599104300,-0.050428326289,0.002110137605,0.085560106066
0.112971851900,-0.050695632995,0.002158847049,0.075847387246
0.110344599600,-0.050867587586,0.002236402409,0.099422452260
0.107717347200,-0.051273854104,0.002320124544,0.156472522404
0.105090094800,-0.051748061759,0.002336427940,0.132254915353
0.102462842500,-0.052062942558,0.002339089181,0.114942647727
0.099835590100,-0.052427819804,0.002371163683,0.100506750547
0.097208337700,-0.052723466458,0.002352614474,0.102526856847
0.094581085300,-0.053067142457,0.002356294364,0.099144855208
0.091953833000,-0.053345742227,0.002376783379,0.102406392999
0.089326580600,-0.053679074895,0.002367346767,0.097815726385
0.086699328200,-0.053882136818,0.002491777113,0.040448695093
0.084072075900,-0.053956279082,0.002512750412,-0.011894465566
0.081444823500,-0.053865317493,0.002616188706,-0.040052289369
0.078817571100,-0.053817988644,0.002785330118,-0.009510290696
0.076190318700,-0.053918527983,0.002834114816,-0.036761515305
0.073563066400,-0.053704988032,0.002832877589,-0.101323755890
0.070935814000,-0.053454667972,0.002919991657,-0.094209517188
0.068308561600,-0.053248376786,0.002993478503,-0.092785102151
0.065681309300,-0.052946580042,0.002951382521,-0.117021450638
0.063054056900,-0.052700960465,0.003086104794,-0.101150803236
0.060426804500,-0.052545034356,0.003136132771,-0.084991371994
0.057799552100,-0.052411138687,0.003274846641,-0.064116414138
0.055172299800,-0.052377824280,0.003369986613,-0.017274506382
0.052545047400,-0.052542978348,0.003396067465,0.018101620464
0.049917795000,-0.052739572812,0.003463728378,0.017341958412
0.047290542700,-0.052880745423,0.003506105468,0.011948563312
0.044663290300,-0.053032312810,0.003321233187,0.067902242830
0.042036037900,-0.053426696187,0.003275170628,0.101011127026
0.039408785500,-0.053706542622,0.003398907309,0.054707552421
0.036781533200,-0.053904911485,0.003468764608,0.080497213866
0.034154280800,-0.054318120284,0.003421415485,0.116824420175
0.031527028400,-0.054698628440,0.003267184995,0.093292670931
0.028899776100,-0.054998233700,0.003104598901,0.046370373436
0.026272523700,-0.055118045491,0.003045587333,-0.338879450237
0.023645271300,-0.053344556858,0.002928719305,-0.308669148953
0.021018019000,-0.053554050451,0.002793392736,0.359470930178
0.018390766600,-0.055118132725,0.002794311369,0.300552278720
0.015763514200,-0.055215880145,0.002554298996,0.050150345430
0.013136261800,-0.055455205119,0.002196701581,0.078847360619
0.010509009500,-0.055658792997,0.002031002900,0.076962442964
0.007881757100,-0.055873444065,0.001730137744,0.003207802391
0.005254504700,-0.055732219149,0.001439435102,-0.120305730453
0.002627252400,-0.055345448796,0.001302640767,-0.813268619693
0.000000000000,-0.051587217820,0.000901752108,-1.443999529362
