0.391460603250,-0.020632093342,0.000100938841,0.230374813517
0.388833350880,-0.021251181505,0.000011694965,0.373818930436
0.386206098510,-0.022682930380,-0.000117922449,0.018131041657
0.383578846140,-0.021320971280,-0.000128143691,-0.474127042133
0.380951593770,-0.020159842829,0.000057787871,-0.051873616558
0.378324341400,-0.021049376245,0.000282780278,0.253540350078
0.375697089030,-0.021462384193,0.000510856406,0.104424312331
0.373069836660,-0.021594442850,0.000575842718,0.084973921424
0.370442584290,-0.021906018517,0.000682741011,-0.027135559361
0.367815331920,-0.021439160788,0.000815523005,-0.174333160328
0.365188079550,-0.020952759198,0.000911684449,-0.285024558671
0.362560827170,-0.019943950275,0.000986077905,-0.111507647132
0.359933574800,-0.020394825669,0.001134236831,0.167729072235
0.357306322430,-0.020856503655,0.001334038804,0.034909650585
0.354679070060,-0.020661678125,0.001505590796,-0.096203904916
0.352051817690,-0.020445109961,0.001664814178,-0.108459538752
0.349424565320,-0.020221484722,0.001680829284,-0.109508908368
0.346797312950,-0.020000146262,0.001660676228,-0.090281702294
0.344170060580,-0.019867007073,0.001739776846,-0.063629921299
0.341542808210,-0.019819281082,0.001782256604,-0.039428994365
0.338915555840,-0.019784842547,0.001846749432,-0.074121275080
0.336288303460,-0.019624886328,0.001892069151,-0.056368567574
0.333661051090,-0.019670374878,0.002031380311,0.034576728556
0.331033798720,-0.019898807441,0.002107138230,0.060085275142
0.328406546350,-0.020055613923,0.002124500465,0.054290628463
0.325779293980,-0.020282808326,0.002241722360,0.055513697911
0.323152041610,-0.020456656758,0.002363760879,0.030446300897
0.320524789240,-0.020539039303,0.002405303718,0.038701009321
0.317897536870,-0.020721032611,0.002389373189,0.059651717588
0.315270284500,-0.020896123189,0.002443646343,0.038681512175
0.312643032100,-0.021000921064,0.002429048972,0.028082808840
0.310015779800,-0.021072854686,0.002428978005,0.025211110490
0.307388527400,-0.021206735916,0.002458666756,0.033102548837
0.304761275000,-0.021308881972,0.002378617827,0.034701538336
0.302134022600,-0.021431135076,0.002355984537,0.027437081427
0.299506770300,-0.021474125134,0.002399657977,0.008479922651
0.296879517900,-0.021487750993,0.002390251127,0.011641986689
0.294252265500,-0.021528823266,0.002417219346,-0.018368416885
0.291625013200,-0.021397778066,0.002294869879,-0.073270713746
0.288997760800,-0.021203199681,0.002382321059,-0.070886471360
0.286370508400,-0.021115646772,0.002392879655,-0.049995680182
0.283743256000,-0.021085822799,0.002288883688,-0.035313597920
0.281116003700,-0.021020866790,0.002178929402,-0.058657772372
0.278488751300,-0.020836180340,0.002066493855,-0.062874371582
0.275861498900,-0.020755408148,0.002008800035,-0.062559583620
0.273234246600,-0.020651922635,0.001944588138,-0.080247371794
0.270606994200,-0.020604454290,0.001672347176,-0.063254728504
0.267979741800,-0.020504398768,0.001539911093,-0.033518390023
0.265352489400,-0.020535411564,0.001382746032,-0.027986544596
0.262725237100,-0.020557263762,0.001196323870,-0.038825612852
0.260097984700,-0.020599188504,0.001176802107,0.022663408603
0.257470732300,-0.020798266251,0.001057494340,0.070240299681
0.254843480000,-0.021040793686,0.001187678643,0.080522992902
0.252216227600,-0.021304302607,0.001311591340,0.086317268991
0.249588975200,-0.021544223362,0.001276818171,0.063484686316
0.246961722900,-0.021720318194,0.001401240421,0.048077555448
0.244334470500,-0.021897209848,0.001441158770,0.060870094046
0.241707218100,-0.022122353267,0.001505418781,0.047704328050
0.239079965700,-0.022242662167,0.001603352285,0.039657184707
0.236452713400,-0.022379152929,0.001639708084,0.035307868420
0.233825461000,-0.022430069625,0.001636497022,0.051280998883
0.231198208600,-0.022616446977,0.001600918849,0.094739143300
0.228570956300,-0.022900743863,0.001573022245,0.083417340955
0.225943703900,-0.023030860564,0.001516426891,0.065657337262
0.223316451500,-0.023268215947,0.001496230647,0.085711283877
0.220689199100,-0.023489710908,0.001474788818,0.115082744249
0.218061946800,-0.023857178827,0.001450274524,0.162342097131
0.215434694400,-0.024254129610,0.001448715698,0.180673965635
0.212807442000,-0.024730128888,0.001339763562,0.173778113326
0.210180189700,-0.025130635003,0.001259676260,0.133728395797
0.207552937300,-0.025422177798,0.001236010715,0.093711347051
0.204925684900,-0.025638368575,0.001314469980,0.062504873379
0.202298432500,-0.025762125629,0.001420743479,0.045988982301
0.199671180200,-0.025866854146,0.001379783047,0.004919919324
0.197043927800,-0.025795767411,0.001486674417,-0.037693189435
0.194416675400,-0.025666917637,0.001592923440,-0.048571456882
0.191789423100,-0.025522810055,0.001664742533,-0.056769731095
0.189162170700,-0.025370558917,0.001644341693,-0.046046678868
0.186534918300,-0.025305834994,0.001716834423,-0.055776535535
0.183907666000,-0.025145199827,0.001793672956,-0.062255965593
0.181280413600,-0.025006739903,0.001806848721,-0.055388983943
0.178653161200,-0.024923258596,0.001930451452,-0.035788591400
0.176025908800,-0.024867125994,0.001962191226,-0.012553706281
0.173398656500,-0.024891617659,0.001995583462,0.002191648586
0.170771404100,-0.024907584702,0.002130481588,-0.005174337466
0.168144151700,-0.024901208796,0.002120064671,-0.001903206209
0.165516899400,-0.024927079832,0.002118302976,-0.001550240764
0.162889647000,-0.024953846320,0.002168975769,-0.011134049953
0.160262394600,-0.024963474357,0.002159760855,-0.022231354678
0.157635142200,-0.024930867253,0.002169990123,-0.037911154020
0.155007889900,-0.024867372630,0.002188243037,-0.037210453141
0.152380637500,-0.024852111738,0.002181092785,-0.062069073312
0.149753385100,-0.024677499151,0.002228479258,-0.119524646405
0.147126132800,-0.024366537341,0.002270564451,-0.145872278257
0.144498880400,-0.024062029456,0.002432937470,-0.160280322375
0.141871628000,-0.023702336334,0.002541877400,-0.196444040991
0.139244375600,-0.023209674552,0.002575719365,-0.218153750831
0.136617123300,-0.022713018963,0.002615211154,-0.205880863274
0.133989870900,-0.022241237454,0.002595847624,-0.189981215381
0.131362618500,-0.021815854931,0.002677332739,-0.141239367286
0.128735366200,-0.021574326231,0.002743725374,-0.070374908966
0.126108113800,-0.021520711313,0.002698243925,-0.009301262838
0.123480861400,-0.021631233861,0.002731280287,0.033883481324
0.120853609000,-0.021801858987,0.002715634830,0.036823355331
0.118226356700,-0.021926965022,0.002741583985,0.032330553416
0.115599104300,-0.022143877521,0.002698867345,0.063341893345
0.112971851900,-0.022378265146,0.002472556489,0.106344896891
0.110344599600,-0.022798191056,0.002381318977,0.148172511200
0.107717347200,-0.023261465368,0.002220887368,0.115287714911
0.105090094800,-0.023532441850,0.002240765416,0.081762247886
0.102462842500,-0.023810866273,0.002316906469,0.108032517311
0.099835590100,-0.024184924053,0.002380058880,0.154523285099
0.097208337700,-0.024686963899,0.002437634316,0.190525572753
0.094581085300,-0.025229073186,0.002405977377,0.178861401682
0.091953833000,-0.025666142474,0.002265248554,0.151819308447
0.089326580600,-0.026100326675,0.002178950226,0.086799768753
0.086699328200,-0.026175449290,0.002074999976,0.004166662034
0.084072075900,-0.026147665128,0.001918616791,-0.004467901101
0.081444823500,-0.026149272204,0.001915977274,-0.036645237630
0.078817571100,-0.025983329268,0.001890233723,-0.079269166075
0.076190318700,-0.025792606117,0.001839658505,-0.081153411622
0.073563066400,-0.025570697269,0.001782473070,-0.099945793699
0.070935814000,-0.025269032809,0.001664326583,-0.113241311245
0.068308561600,-0.025019413674,0.001570000327,-0.083355282993
0.065681309300,-0.024871052400,0.001423199681,-0.039995864859
0.063054056900,-0.024874468673,0.001499667563,0.006564856954
0.060426804500,-0.024986266481,0.001595165263,0.099699176439
0.057799552100,-0.025425035520,0.001606133573,0.140408522167
0.055172299800,-0.025719146061,0.001560092907,0.138584629526
0.052545047400,-0.026193737850,0.001528119841,0.178144338304
0.049917795000,-0.026715966728,0.001561343298,0.164342134065
0.047290542700,-0.027097879613,0.001555789754,0.114462492169
0.044663290300,-0.027386152207,0.001357813713,0.120174681580
0.042036037900,-0.027812235903,0.001264572051,0.112135705668
0.039408785500,-0.028067138019,0.001180391257,0.092519104710
0.036781533200,-0.028385334783,0.001127460884,0.079678422535
0.034154280800,-0.028487418236,0.001155203579,0.030723092489
0.031527028400,-0.028510908343,0.001186926413,0.024564788997
0.028899776100,-0.028576069926,0.001205177060,0.010571078279
0.026272523700,-0.028534808039,0.001227123797,-0.030385509342
0.023645271300,-0.028371994924,0.001127854056,-0.036820405980
0.021018019000,-0.028325962374,0.001005890694,0.022073423702
0.018390766600,-0.028524891814,0.000973390326,0.043537999506
0.015763514200,-0.028565697408,0.001040575601,0.017181155902
0.013136261800,-0.028591873401,0.001000240210,0.002400295172
0.010509009500,-0.028576604154,0.000836787698,-0.061451634696
0.007881757100,-0.028321042767,0.000633008561,-0.141598183856
0.005254504700,-0.027868066080,0.000585002218,-0.238495011421
0.002627252400,-0.027097541362,0.000626047665,-1.128172349703
0.000000000000,-0.021898923200,0.000458416696,-1.937906828068
