0.391460603250,0.033031729419,0.001128136029,0.761489538884
0.388833350880,0.031015189299,0.001232279773,0.277947218035
0.386206098510,0.031622918285,0.001325561853,-0.215408296826
0.383578846140,0.032038551991,0.001336695782,-0.105820776860
0.380951593770,0.032116315222,0.001498542247,0.019383396334
0.378324341400,0.031898722722,0.001614859220,0.066267061119
0.375697089030,0.031735096734,0.001694958933,-0.037852045993
0.373069836660,0.032044436868,0.001718938737,-0.403978242536
0.370442584290,0.033749566776,0.001657683457,-0.233383585792
0.367815331920,0.033190046312,0.001521232765,-0.132996689214
0.365188079550,0.034442752969,0.001466682900,-0.331803014824
0.362560827170,0.034976463697,0.001557558151,-0.042577742536
0.359933574800,0.034635454771,0.001588920570,0.181277259355
0.357306322430,0.033942572623,0.001550920745,-0.328312415849
0.354679070060,0.036225256774,0.001755627886,-0.511442658960
0.352051817690,0.036522319965,0.001929819192,-0.108692632415
0.349424565320,0.036692683818,0.002001057829,-0.079918848152
0.346797312950,0.036884603590,0.002133697919,-0.071734578295
0.344170060580,0.037004422531,0.002199846314,-0.056136463826
0.341542808210,0.037076795303,0.002236413023,-0.038951611728
0.338915555840,0.037143828208,0.002231983559,-0.010402793104
0.336288303460,0.037092337264,0.002289924838,0.018955125125
0.333661051090,0.036985697110,0.002241632185,0.001921085761
0.331033798720,0.036940491853,0.002268598706,0.018196882153
0.328406546350,0.036780288873,0.002347866555,0.047704147917
0.325779293980,0.036615626677,0.002276266507,0.038244000182
0.323152041610,0.036516778170,0.002280625114,0.020636688180
0.320524789240,0.036444297873,0.002258348864,0.015164838556
0.317897536870,0.036344903794,0.002340500042,0.026699507242
0.315270284500,0.036215774852,0.002376961878,0.017106053298
0.312643032100,0.036180476224,0.002359196077,0.009971566824
0.310015779800,0.036099243734,0.002473677404,-0.017049372340
0.307388527400,0.036019356828,0.002648042349,0.044380555958
0.304761275000,0.035789202365,0.002658602164,0.045497126442
0.302134022600,0.035683151540,0.002619296877,0.030918521695
0.299506770300,0.035576664281,0.002577188379,0.030898096601
0.296879517900,0.035467839350,0.002520255365,0.020137085679
0.294252265500,0.035364193599,0.002524126689,0.006869968174
0.291625013200,0.035368785288,0.002452449799,-0.054524932769
0.288997760800,0.035488375836,0.002415247497,-0.069779432506
0.286370508400,0.035601791995,0.002506118131,-0.074947323976
0.283743256000,0.035754813470,0.002540833987,-0.064761672042
0.281116003700,0.035780190601,0.002548581347,-0.072723458303
0.278488751300,0.035880918861,0.002397615426,-0.093784257144
0.275861498900,0.036061903638,0.002263804312,-0.087107654620
0.273234246600,0.036163574567,0.002103060432,-0.052323793755
0.270606994200,0.036190953229,0.001832874307,-0.036319364686
0.267979741800,0.036188725889,0.001507324139,-0.027540607232
0.265352489400,0.036109070829,0.001322090979,-0.000813200818
0.262725237100,0.035988361022,0.001263058462,0.025096877228
0.260097984700,0.035857182258,0.001184732511,0.062777970534
0.257470732300,0.035639829851,0.001050697687,0.077039702189
0.254843480000,0.035479565939,0.001086691732,0.023670745024
0.252216227600,0.035466465680,0.001131296803,0.013828322933
0.249588975200,0.035402313663,0.001036600701,0.033067827845
0.246961722900,0.035329785402,0.001048976372,0.024603727796
0.244334470500,0.035293166598,0.001107818682,0.030910420984
0.241707218100,0.035195618602,0.001083251548,0.059431849001
0.239079965700,0.035022367052,0.001073929304,0.078333926958
0.236452713400,0.034849369910,0.000976643556,0.074995103273
0.233825461000,0.034720144260,0.001009935607,0.091348486966
0.231198208600,0.034424257453,0.000965421517,0.156127129861
0.228570956300,0.034041340313,0.000803440977,0.181645945444
0.225943703900,0.033577170624,0.000854837922,0.212033494321
0.223316451500,0.032999227792,0.000939597860,0.227487316852
0.220689199100,0.032479966838,0.000930087443,0.190458124706
0.218061946800,0.032082756253,0.000938796645,0.127755120815
0.215434694400,0.031873510405,0.000959476774,0.087819747158
0.212807442000,0.031680102968,0.000867436279,0.073051697753
0.210180189700,0.031579299955,0.000823584217,0.000052911173
0.207552937300,0.031719035825,0.000833249275,-0.040517995255
0.204925684900,0.031819088928,0.000810196356,-0.032304447298
0.202298432500,0.031976199022,0.000900669483,-0.067798776110
0.199671180200,0.032185144004,0.000922989921,-0.089145182602
0.197043927800,0.032424272343,0.000909328656,-0.066499935164
0.194416675400,0.032501851601,0.001048530915,-0.023422897115
0.191789423100,0.032466695568,0.001161126297,-0.001221913865
0.189162170700,0.032396372474,0.001287257958,0.003055417159
0.186534918300,0.032295173407,0.001442011541,0.005896355708
0.183907666000,0.032200895707,0.001516600373,0.001366062858
0.181280413600,0.032149896343,0.001650099743,-0.027584152524
0.178653161200,0.032184995151,0.001746001265,-0.069969964736
0.176025908800,0.032341464346,0.001823082449,-0.086205767017
0.173398656500,0.032446946012,0.001875250002,-0.076350495115
0.170771404100,0.032544424654,0.001826284068,-0.062496885858
0.168144151700,0.032637783808,0.001805788818,-0.050075410191
0.165516899400,0.032714546190,0.001851927205,-0.083979152746
0.162889647000,0.033004070601,0.001960953977,-0.140957210234
0.160262394600,0.033372664208,0.001957454069,-0.164883615819
0.157635142200,0.033774396892,0.002042712004,-0.198887891923
0.155007889900,0.034322676676,0.002126308554,-0.202968890608
0.152380637500,0.034753688245,0.002152246254,-0.158068037230
0.149753385100,0.035118466328,0.002156991076,-0.146367984404
0.147126132800,0.035495461502,0.002165267382,-0.133953225791
0.144498880400,0.035768669744,0.002103104352,-0.144317881642
0.141871628000,0.036235030559,0.001991507507,-0.184195073382
0.139244375600,0.036685773334,0.001946268164,-0.016462834616
0.136617123300,0.036064435393,0.002093071561,0.174278305780
0.133989870900,0.035890280016,0.001990159413,0.088640162936
0.131362618500,0.035644278702,0.001928128949,0.093216069356
0.128735366200,0.035489091578,0.001945286492,0.073236714909
0.126108113800,0.035336978264,0.001913197440,0.085883384159
0.123480861400,0.035081928682,0.001881055645,0.113288864979
0.120853609000,0.034782066892,0.001630609618,0.137411814042
0.118226356700,0.034388186219,0.001416522191,0.167555966108
0.115599104300,0.033920566332,0.001310659067,0.190333540106
0.112971851900,0.033421870921,0.001255925340,0.248265898700
0.110344599600,0.032681517090,0.001252353853,0.309256179550
0.107717347200,0.031863700084,0.001443965812,0.280384682199
0.105090094800,0.031259172956,0.001453996504,0.153881809094
0.102462842500,0.031068515335,0.001494023613,0.079456716551
0.099835590100,0.030866268915,0.001399462974,0.051723726247
0.097208337700,0.030829070572,0.001317979074,-0.014610936857
0.094581085300,0.030982687963,0.001298802547,-0.056717080266
0.091953833000,0.031157591051,0.001057784784,-0.104948515033
0.089326580600,0.031537371520,0.001073599955,-0.123993878361
0.086699328200,0.031795437037,0.001107637312,-0.038430457141
0.084072075900,0.031801539941,0.001044510993,-0.040048104520
0.081444823500,0.032031141358,0.001053535313,-0.098764859177
0.078817571100,0.032280947326,0.001008155236,-0.069484669982
0.076190318700,0.032334172192,0.001004253216,-0.016113126729
0.073563066400,0.032306716551,0.000926262299,-0.008276622069
0.070935814000,0.032309302722,0.000853392246,-0.003941792944
0.068308561600,0.032290103012,0.000865030254,0.017240024990
0.065681309300,0.032173350965,0.000823940739,0.045366103880
0.063054056900,0.031967508663,0.000782215366,0.103486184609
0.060426804500,0.031574986637,0.000824778849,0.116434960026
0.057799552100,0.031295100469,0.000962195949,0.088631308792
0.055172299800,0.030961818442,0.000959602064,0.100408573095
0.052545047400,0.030691358899,0.000940404117,0.096589569152
0.049917795000,0.030413685810,0.000759019090,0.120441289381
0.047290542700,0.030023303700,0.000657261744,0.110678855369
0.044663290300,0.029842281961,0.000524929870,0.047386016909
0.042036037900,0.029740847996,0.000410188065,0.042346099474
0.039408785500,0.029739140431,0.000261438378,-0.022255357506
0.036781533200,0.029811736575,0.000127516335,-0.084354302989
0.034154280800,0.030027178087,0.000170609101,-0.043687499511
0.031527028400,0.030018857369,0.000061201658,-0.021746082747
0.028899776100,0.030044920813,0.000005842876,-0.009973463392
0.026272523700,0.029979491225,0.000118996899,0.028038414363
0.023645271300,0.029766229880,0.000185090779,0.049394124756
0.021018019000,0.029593791610,0.000131550609,0.045509492763
0.018390766600,0.029411931222,0.000112055970,0.059029774625
0.015763514200,0.029128364476,0.000092038790,0.036976495369
0.013136261800,0.029036231164,0.000109115059,-0.017154965793
0.010509009500,0.029052111525,0.000103098646,-0.108644899722
0.007881757100,0.029524514234,0.000123543864,-0.219381719048
0.005254504700,0.030135061154,0.000142181301,-0.198620825160
0.002627252400,0.030513227424,0.000122210823,0.120607956183
0.000000000000,0.029473218408,0.000376333526,0.403275307232
