y[m],u[m/s],v[m/s],vorticity[1/s]
39.442545503787,-31.374521096867337,-0.13736258443233332,17.325115070838333
39.191319099287,-32.11536748664633,-0.05299378646633333,15.587551564139
38.940092694487,-32.762208174384,-0.06791370805266667,15.287377632746
38.688866290487,-33.500675005211335,-0.07698257150366666,15.743700472487333
38.437639885488,-34.213935138484004,-0.072237562584,13.497077311666999
38.186413481486,-34.74934014330301,-0.084101039958,11.75179571889
37.935187076486,-35.294039570263,-0.09671746583333334,12.169501980481334
37.683960672488,-35.869867388069,-0.08914399994366666,12.477842763068002
37.432734267488,-36.41234519047467,-0.03701503832466666,11.402173069865666
37.181507863487,-36.842342330478665,-0.03394576998333333,9.942391503427334
36.930281458488,-37.238832568427,-0.07170942035033333,9.153237704763
36.679055054487,-37.645531703666,-0.08516427042300001,8.874123817552334
36.427828649488,-38.037559574851,-0.08693830210266668,7.694106512114666
36.176602245486,-38.34690023313967,-0.07722331358366667,6.541801202984
35.925375840487,-38.63219062342866,-0.06946700518366668,6.648205364969333
35.674149436487,-38.949896421038,-0.06022384049266668,6.750861837044333
35.422923031488,-39.247159241265,-0.047902737601,5.992612455444333
35.171696627488,-39.497777274135665,-0.04322884059933333,4.898687036159333
34.920470222489,-39.695683191751336,-0.028948923911333333,3.9574120846416663
34.669243818485,-39.86289890650167,-0.004470233412666666,3.444644915661667
34.418017413485,-40.01849328014733,0.007075656389000003,3.4056928389483336
34.166791009487,-40.17972530808766,0.015975290529,3.298795206339667
33.915564605488,-40.324650122387,0.013744094657666664,2.427718695672333
33.664338200489,-40.40679921033,0.01698706284,1.502990253007
33.41311179649,-40.461563493302,0.023489256651,1.3347402943226667
33.161885391488,-40.529212733002,0.025987562857666666,1.0260675165133335
32.910658987489,-40.559553890509,0.020607021378,0.5756265781193334
32.65943258249,-40.59225929798933,0.011899222966000001,0.24867508129500002
32.408206178485,-40.592417567473,0.007112599446666669,-0.5412695094836667
32.156979773485,-40.551814070088334,0.006818000450999999,-0.49472281951233327
31.905753369487,-40.55693339493867,0.012589125999333333,-0.10433366572733332
31.654526964483995,-40.55381772088433,0.011476417949666667,-0.6009030921040001
31.403300560484997,-40.514899568821335,0.0026264411050000006,-0.763023072677
31.152074155487,-40.501516373715,-0.006036478839333333,-0.6139737563546667
30.900847751489,-40.47988270226267,-0.014428246771999999,-0.719133794412
30.649621346489,-40.45594224121367,-0.025575206163000002,-0.650557324924
30.398394942491,-40.435035533287994,-0.03798838273,-0.650276521205
30.14716853749,-40.404808725432666,-0.04828239191166667,-0.9282542761273332
29.895942134492,-40.35882946763733,-0.056663697596000005,-1.0965139610966668
29.644715724491004,-40.315676596143,-0.06225753137266666,-1.1156361031473334
29.393489324483,-40.271383276394005,-0.06852720638,-1.1450666585343334
29.142262924483003,-40.22410706138667,-0.080797464815,-1.1805173463843335
28.891036514485,-40.17691581785667,-0.087890746565,-1.1484944561636665
28.639810114485,-40.132366673883006,-0.09475090319833333,-1.0817961020213334
28.388583704485,-40.09051877477167,-0.10100332988766665,-0.9194037596400001
28.137357304487995,-40.060412734519,-0.10886358944166667,-0.8517362080286667
27.886130894488,-40.02270881317667,-0.12325573034400002,-1.1004735838206667
27.634904494491,-39.971303567777,-0.13559047621866668,-1.247999880872
27.38367808449,-39.920260624746,-0.14634807927433333,-1.2114365307356667
27.132451684491,-39.870109009478334,-0.158081482847,-1.1836250890533333
26.881225274491,-39.820073612923665,-0.171039088124,-1.1642624755363336
26.629998874485995,-39.77207057345933,-0.18158099894000002,-1.0958447916226668
26.378772474489,-39.72730864880666,-0.19313389504300002,-1.0307701109860001
26.127546064489,-39.684384257004666,-0.20259590167866667,-1.024602421872
25.87631966449,-39.638597122754,-0.21474328975866666,-1.0958241944456666
25.62509325449,-39.59082463327433,-0.22308848129,-1.1340176119023333
25.373866854493,-39.541906607921,-0.22670511513633332,-1.0813626039503335
25.122640444493,-39.49695145240566,-0.23152334378533335,-0.9972767656706667
24.871414044481998,-39.45299939661033,-0.23680365445533336,-1.0470403707993334
24.620187634481,-39.40269382140067,-0.24148023518499998,-1.2925609218013332
24.368961234483,-39.338988610238665,-0.24890386788599997,-1.3352733340490002
24.117734834485002,-39.28345520852533,-0.257431982795,-1.1776177435086668
23.866508424485,-39.234873359756,-0.26259851902899994,-1.0324888653263333
23.615282024481,-39.19025747835233,-0.2696081756493333,-0.9870011607346667
23.364055614481,-39.14709312088467,-0.27215837516933333,-0.990658364897
23.112829214483998,-39.101450454289335,-0.27635800299266666,-1.0161148714473331
22.861602804483,-39.05579752625667,-0.287164302393,-0.9575063422386666
22.610376404485,-39.01485803992433,-0.300751306413,-0.9181009749936667
22.359149994485005,-38.972107183493335,-0.31126308397700003,-0.936384633907
22.107923594488,-38.92797967568567,-0.316159169409,-1.012631476269
21.856697184487,-38.878607334696675,-0.31420070522933335,-1.0677651770783332
21.605470784491,-38.829027439546,-0.3159499377536667,-1.0545690558546668
21.354244384493,-38.779366231832995,-0.3216506393943333,-1.0902563539530001
21.103017974492,-38.72783452032466,-0.322272416248,-1.1315926256583333
20.85179157449,-38.67104320335433,-0.3223387004,-1.229733745674
20.600565164495,-38.61170666480367,-0.3227522525816667,-1.2528529652943334
20.349338764493,-38.555108259221335,-0.32396533731866667,-1.225450302644
20.098112354492,-38.49766762936333,-0.3280039560776667,-1.2007646401269998
19.846885954495,-38.441297376166666,-0.33147640630133335,-1.2555064180170001
19.595659544494,-38.377695956004665,-0.3348506733473333,-1.3848786711616665
19.344433144497,-38.30936041932233,-0.33610108470033334,-1.5178537561563334
19.093206744478,-38.23509198437167,-0.33875280273333336,-1.555604534527
18.841980334478,-38.165364615848,-0.3449338518966667,-1.4541294069056665
18.590753934479,-38.10107681088834,-0.34811760660599994,-1.3256686130296667
18.339527524479,-38.04151351152467,-0.3489574235233333,-1.2877288323906668
18.088301124482,-37.98245193033866,-0.34837141365600005,-1.3777111491353333
17.837074714482,-37.91508647280434,-0.3453149448603334,-1.4921339860376666
17.58584831448,-37.84324534645034,-0.343819919493,-1.5677078822643333
17.334621904479,-37.76778115185066,-0.34060089022699996,-1.5913298975380001
17.083395504483,-37.693685553924,-0.3383688001246667,-1.5377555839966666
16.832169104485,-37.623531094832,-0.337558702003,-1.5005197181573333
16.580942694485,-37.553746427628,-0.33718962722233337,-1.5862589827096667
16.329716294488,-37.476338403687,-0.33662245952866665,-1.7702871396020001
16.078489884488,-37.39077743783433,-0.33691575845133337,-1.902792900404
15.827263484491,-37.301238427806,-0.33346969450333336,-1.9734948382096669
15.576037074491,-37.20685440701501,-0.326877358102,-2.0450567006756666
15.324810674493,-37.11103956694633,-0.31892360636166667,-2.0690388395903336
15.073584264493,-37.015469067057666,-0.31739599548066666,-2.107961358725333
14.822357864496,-36.91756017813833,-0.3200154387433333,-2.1254407389423338
14.571131454494997,-36.820444307059,-0.321087071379,-2.1081871164386667
14.319905054494,-36.722764176221666,-0.31996457741633333,-2.174876423499
14.068678654497,-36.619634935662,-0.31689171296266666,-2.283329088682333
13.817452244497,-36.512016022441,-0.31325590174266665,-2.315949872455
13.566225844500002,-36.405429908044,-0.3127462287046667,-2.2982840626623333
13.3149994345,-36.30031529926467,-0.31476266449266666,-2.268335791863
13.063773034486,-36.19374609940633,-0.318673276534,-2.331267443931
12.812546624485998,-36.083212288173335,-0.321700181864,-2.374024957807333
12.561320224489,-35.97303259217167,-0.31407512619033334,-2.4062973813643334
12.310093814489997,-35.862266407155666,-0.307503479021,-2.445117595643333
12.058867414492,-35.751213436255334,-0.301416354383,-2.3908475115536665
11.807641014492,-35.64274293090467,-0.29950620241133336,-2.354151674324
11.556414604492,-35.53400948910234,-0.29834294641433334,-2.365284110641
11.305188204496,-35.425884924659336,-0.2979187837336667,-2.319822472984667
11.053961794495,-35.32198638068934,-0.30002740259300004,-2.2252380483443335
10.802735394498,-35.22555415356567,-0.30660959272366667,-2.1515847619663333
10.551508984498,-35.126861419115336,-0.31407929720333333,-2.295434358317
10.300282584474,-35.01582672617834,-0.315155371185,-2.510965726757333
10.049056174473,-34.900933176086,-0.3098239049726667,-2.5669678625129997
9.797829774476,-34.783279166303664,-0.3027957903383333,-2.5729478130619996
9.546603364475,-34.662332843844005,-0.2949902894023333,-2.789326345217667
9.295376964478,-34.524861276130004,-0.2889827508333333,-2.9474967469649997
9.044150564481,-34.38865777262633,-0.2832514329936667,-2.8884607940300007
8.79292415448,-34.25764047432066,-0.27310276370666664,-2.823475274477
8.54169775448,-34.12967290278301,-0.26236542615200004,-2.836675554101
8.29047134448,-33.998469918144,-0.256979083158,-2.876686790759333
8.039244944482,-33.86722677825867,-0.25488306425,-2.933637309136667
7.788018534481,-33.73401856137,-0.2573930728796667,-2.9604605412236666
7.536792134485,-33.59812474158467,-0.25175872298333335,-2.90748649376
7.285565724483999,-33.466068056222,-0.24504993761666669,-2.8403595002773336
7.034339324473,-33.33437079136433,-0.23858426123833332,-2.865221898739667
6.783112924476,-33.20073272671866,-0.23103941228266667,-2.884532457418333
6.531886514476,-33.069356391781334,-0.23223544729433332,-2.8479480862229996
6.280660114479001,-32.93797305480333,-0.23868796039333331,-2.926114361555
6.029433704479,-32.79997357211633,-0.24363341219800003,-3.058441476161333
5.778207304479,-32.65863006980134,-0.248815905441,-3.0685923281586667
5.526980894478,-32.519439220844994,-0.24750667424666664,-3.0694408860296662
5.275754494482,-32.37665127498867,-0.249501331317,-3.2398559822333333
5.024528084481,-32.220294063603,-0.2547068952116667,-3.4333916960580004
4.773301684484,-32.06199123742667,-0.26319630037366665,-3.472784311716667
4.522075274484,-31.903310119083997,-0.265092197865,-3.708694886155667
4.270848874487,-31.727142351824998,-0.26238745511800005,-4.035703144217667
4.019622474491,-31.538721833662667,-0.264444776906,-4.349057840978333
3.76839606449,-31.333247882152005,-0.27591134667566664,-4.915841234578667
3.517169664493,-31.094505606903336,-0.3103209608656667,-6.756398265670334
3.2659432544930005,-30.74732635796133,-0.34817858579966665,-11.021921628367666
3.0147168544970007,-30.274740818252667,-0.258949524835,-10.178521999275667
2.763490444496,-29.930054412572336,-0.3089937528006667,-6.7519121997603335
2.512264044497,-29.710451808839665,-0.336456891589,-6.581518323476999
2.261037634496,-29.337133619391334,-0.35072461248466663,-8.892458142458667
2.009811234499,-28.88595259453433,-0.3577784341916666,-10.913108880882334
1.758584834503,-28.33331151369133,-0.36381014469666667,-13.191491229886
1.507358424502,-27.683222246462332,-0.3525646914093334,-15.703186989638334
1.256132024494,-26.900380234298996,-0.3456605997006667,-18.638077038344
1.004905614494,-25.979468258175668,-0.34956399649466663,-22.122701651878668
0.753679214497,-24.903541058139,-0.393952823307,-19.421585897790333
0.502452804497,-24.219558067477,-0.40191038552033337,-8.677931584379001
0.2512264045,-24.147790757381333,-0.43831402412433335,-2.1482877231583335
