0.391460603250,-0.016639006886,0.000288274005,-1.094114847597
0.388833350880,-0.013758279291,0.000477029526,-0.214805659081
0.386206098510,-0.015531839362,0.000781742665,0.348721239429
0.383578846140,-0.015603873029,0.000896188628,0.081223077535
0.380951593770,-0.016078070118,0.001169138326,0.159249504900
0.378324341400,-0.016472778659,0.001093027262,0.096220990108
0.375697089030,-0.016534263526,0.001029952759,0.101885312218
0.373069836660,-0.016904335395,0.001076118611,0.143878824551
0.370442584290,-0.017160136156,0.001258690721,0.297792999197
0.367815331920,-0.018301205260,0.001439307380,0.312095216535
0.365188079550,-0.018625192700,0.001494399347,-0.062152601768
0.362560827170,-0.017817928084,0.001597928172,-0.166466510721
0.359933574800,-0.017602104127,0.001759857675,-0.077230596025
0.357306322430,-0.017270073491,0.001735923697,-0.108867757557
0.354679070060,-0.016890022792,0.001732288277,-0.122842109096
0.352051817690,-0.016515970671,0.001741003878,-0.098545281710
0.349424565320,-0.016296214378,0.001768897105,-0.017536572443
0.346797312950,-0.016359626702,0.001799146173,-0.052143145677
0.344170060580,-0.015912512237,0.001635598243,-0.161081602858
0.341542808210,-0.015472914504,0.001497078069,-0.155388941467
0.338915555840,-0.015082154220,0.001415058805,-0.152666134649
0.336288303460,-0.014680370830,0.001262594122,-0.130229137659
0.333661051090,-0.014419085798,0.001072922288,-0.061332830531
0.331033798720,-0.014357351170,0.000852725111,-0.019364909734
0.328406546350,-0.014373591126,0.000746369716,-0.031050308610
0.325779293980,-0.014263916429,0.000748009754,-0.058808494600
0.323152041610,-0.014126715882,0.000809955214,-0.025701753111
0.320524789240,-0.014153938508,0.000857877019,-0.013193987082
0.317897536870,-0.014082737249,0.000914263674,-0.043594805851
0.315270284500,-0.013947246591,0.000882605373,-0.060647307763
0.312643032100,-0.013854407638,0.000877850704,-0.047979447806
0.310015779800,-0.013743508042,0.000933656061,-0.058542355946
0.307388527400,-0.013596654848,0.000933829750,-0.057285929730
0.304761275000,-0.013526030008,0.000994992631,-0.045925067446
0.302134022600,-0.013406540404,0.001031000769,-0.052405012779
0.299506770300,-0.013297061226,0.001027881081,-0.018447531869
0.296879517900,-0.013352792303,0.001030921388,0.001236499874
0.294252265500,-0.013318952852,0.001039031161,-0.020655722154
0.291625013200,-0.013223634434,0.001049205506,-0.022541798787
0.288997760800,-0.013197355949,0.001130470861,-0.017702048265
0.286370508400,-0.013146524303,0.001343545534,-0.019613894230
0.283743256000,-0.013133070774,0.001537901337,0.006359204052
0.281116003700,-0.013176603881,0.001677014839,0.011719356118
0.278488751300,-0.013147371874,0.001899140151,0.003346772759
0.275861498900,-0.013169618820,0.002008187910,0.000038624400
0.273234246600,-0.013127576574,0.002177125860,0.000986080985
0.270606994200,-0.013149420275,0.002494231192,0.007223800801
0.267979741800,-0.013155487073,0.002624665906,-0.005258030749
0.265352489400,-0.013126613791,0.002740802554,-0.025850625898
0.262725237100,-0.013051377205,0.002959147056,-0.032714442682
0.260097984700,-0.012985090643,0.003195767211,-0.020686932830
0.257470732300,-0.012988942135,0.003352135387,-0.014666467678
0.254843480000,-0.012981749357,0.003586247560,-0.025829438544
0.252216227600,-0.012889193971,0.003831140096,-0.013182664882
0.249588975200,-0.012923012633,0.004014417571,0.005104261444
0.246961722900,-0.012962306555,0.004179874245,0.026767452069
0.244334470500,-0.013093714251,0.004325702652,0.071324089296
0.241707218100,-0.013348900232,0.004547659164,0.113435487075
0.239079965700,-0.013698616238,0.004643451410,0.116377628627
0.236452713400,-0.013990201957,0.004705549331,0.114372701430
0.233825461000,-0.014294519795,0.004801516339,0.115151822111
0.231198208600,-0.014585242913,0.004881415120,0.110391300794
0.228570956300,-0.014895769201,0.004924853629,0.079447728100
0.225943703900,-0.015063578297,0.004877183100,0.031817843662
0.223316451500,-0.015133161481,0.004862166434,0.004457883618
0.220689199100,-0.015144364170,0.004888267403,0.007813851613
0.218061946800,-0.015171820786,0.004855248936,0.018385281115
0.215434694400,-0.015236508961,0.004770549443,0.035283845564
0.212807442000,-0.015299182172,0.004698268854,0.036877139430
0.210180189700,-0.015343778880,0.004545921211,0.035357972131
0.207552937300,-0.015400590193,0.004531268045,0.052936639970
0.204925684900,-0.015492047177,0.004522829942,0.087266360243
0.202298432500,-0.015682156124,0.004409426661,0.099449719617
0.199671180200,-0.015857582824,0.004251547828,0.118225701155
0.197043927800,-0.016093340753,0.004135180807,0.153280762010
0.194416675400,-0.016455822076,0.004045515507,0.157200345377
0.191789423100,-0.016655062454,0.003934307510,0.142262780107
0.189162170700,-0.016866846704,0.003827310513,0.144872182349
0.186534918300,-0.017105939459,0.003599043513,0.151726419540
0.183907666000,-0.017427922214,0.003414470623,0.155582499500
0.181280413600,-0.017715351117,0.003150801343,0.170406776653
0.178653161200,-0.018056966874,0.002857935695,0.155034086633
0.176025908800,-0.018294368162,0.002655396879,0.101992684990
0.173398656500,-0.018301950797,0.002393093427,0.051680596535
0.170771404100,-0.018278240753,0.002237029751,0.043838356773
0.168144151700,-0.018259586337,0.002043824465,0.040889243483
0.165516899400,-0.018217773052,0.001834115586,0.030281367524
0.162889647000,-0.018115540076,0.001652279286,0.021995565780
0.160262394600,-0.018110327702,0.001387799122,0.069955189080
0.157635142200,-0.018315585930,0.001196047866,0.160343927137
0.155007889900,-0.018790878586,0.000816119176,0.285551788985
0.152380637500,-0.019613737752,0.000508765747,0.359781717265
0.149753385100,-0.020460516472,0.000296350380,0.324251514660
0.147126132800,-0.021060913462,0.000120614984,0.225365110360
0.144498880400,-0.021441319115,-0.000005906651,0.125971561946
0.141871628000,-0.021599306342,-0.000179713077,0.061275206904
0.139244375600,-0.021718951776,-0.000286605868,0.086715962392
0.136617123300,-0.022004482593,-0.000204863665,0.146766031520
0.133989870900,-0.022446612000,-0.000088329165,0.188202951045
0.131362618500,-0.023015984629,-0.000010702014,0.208930568303
0.128735366200,-0.023570762684,0.000070722517,0.208271843014
0.126108113800,-0.024058933546,0.000203773995,0.208713381374
0.123480861400,-0.024539724124,0.000392690517,0.168497961698
0.120853609000,-0.024826678694,0.000793092261,0.083164078402
0.118226356700,-0.024892299586,0.001086804960,0.060992144119
0.115599104300,-0.025127706173,0.001563953401,0.067550746069
0.112971851900,-0.025218244380,0.002092981130,0.016049566272
0.110344599600,-0.025210933572,0.002401125169,-0.059095321537
0.107717347200,-0.024934281456,0.002633042119,-0.186466804287
0.105090094800,-0.024242601410,0.002745209174,-0.289078883331
0.102462842500,-0.023405753551,0.002704825719,-0.302133527619
0.099835590100,-0.022639109137,0.002715863312,-0.248668181230
0.097208337700,-0.022105191538,0.002756919544,-0.207936973890
0.094581085300,-0.021599932756,0.002800121220,-0.116784113249
0.091953833000,-0.021545969674,0.002741965831,0.018765987075
0.089326580600,-0.021771913682,0.002799603666,0.082970592353
0.086699328200,-0.022046205585,0.002954989885,0.095909705286
0.084072075900,-0.022293192753,0.003185627005,0.071707272516
0.081444823500,-0.022428290152,0.003338949730,0.056949181296
0.078817571100,-0.022583767845,0.003350817082,0.067186506248
0.076190318700,-0.022795868615,0.003397567705,0.044323328271
0.073563066400,-0.022871925358,0.003429634739,0.003487384355
0.070935814000,-0.022805919783,0.003336421661,0.016635045509
0.068308561600,-0.022857369908,0.003542598484,0.048504061538
0.065681309300,-0.022868080262,0.003871891645,0.016211636264
0.063054056900,-0.022753486361,0.004157453850,0.047238439912
0.060426804500,-0.022926946566,0.004356764871,0.137033696244
0.057799552100,-0.023371972846,0.004539608967,0.142300092900
0.055172299800,-0.023628854832,0.004740426741,0.077324181839
0.052545047400,-0.023726145537,0.004879684204,0.071917769176
0.049917795000,-0.023936876153,0.004887081649,0.103209723509
0.047290542700,-0.024132200080,0.004838691041,0.090547967589
0.044663290300,-0.024286222104,0.004698469913,0.073494241861
0.042036037900,-0.024535563669,0.004482385848,0.060589900875
0.039408785500,-0.024597171231,0.004006512088,0.059587532382
0.036781533200,-0.024826917440,0.003852415404,0.116278806362
0.034154280800,-0.025238940590,0.003692283987,0.128140893950
0.031527028400,-0.025511579611,0.003365250471,0.094264928190
0.028899776100,-0.025788318817,0.003091975839,0.073296848981
0.026272523700,-0.025908786388,0.003033436244,-0.015261297872
0.023645271300,-0.025735103225,0.002821572715,-0.016510484092
0.021018019000,-0.025812720057,0.002639364121,0.056975532872
0.018390766600,-0.026005188922,0.002759086480,0.103128334292
0.015763514200,-0.026309214170,0.002649034431,0.081539549915
0.013136261800,-0.026377749806,0.002345757181,-0.007020162554
0.010509009500,-0.026241187909,0.002231112696,-0.086830431552
0.007881757100,-0.025899011993,0.001890423009,-0.146463299370
0.005254504700,-0.025306824914,0.001671842253,-0.315557938532
0.002627252400,-0.024012027397,0.001251813638,-0.761784311401
0.000000000000,-0.021107759645,0.001067352142,-1.107080426629
