0.391460603250,0.048659479407,0.000465153218,0.112085730100
0.388833350880,0.048310673479,0.000219380894,0.103256255460
0.386206098510,0.048066523683,0.000440599926,0.174336370442
0.383578846140,0.047387136441,0.000673146278,-0.074757996125
0.380951593770,0.048332273230,0.000891711852,-0.074164750068
0.378324341400,0.047713477388,0.000718298658,0.187644544912
0.375697089030,0.047390472502,0.000784408300,0.027033565908
0.373069836660,0.047588366115,0.000953408502,0.002588584921
0.370442584290,0.047372279357,0.000917046459,0.026116927768
0.367815331920,0.047555534047,0.000895217614,-0.327576205540
0.365188079550,0.049204837619,0.001047471350,-0.330033893654
0.362560827170,0.049410002491,0.000830369134,-0.021461178457
0.359933574800,0.049502742001,0.000656340317,0.024081595306
0.357306322430,0.049504880597,0.000577213362,-0.012362920966
0.354679070060,0.049878272023,0.000852491198,0.062697738314
0.352051817690,0.049755972488,0.001060168921,0.097247059581
0.349424565320,0.050121832687,0.001039382468,-0.051484795758
0.346797312950,0.050383522059,0.000991150481,-0.067886552995
0.344170060580,0.050598489990,0.001095398716,-0.089623360494
0.341542808210,0.050944890262,0.001140110334,-0.123794061308
0.338915555840,0.051329487027,0.001186404480,-0.127253536261
0.336288303460,0.051670255659,0.001274127101,-0.099427544272
0.333661051090,0.051927158354,0.001369101611,-0.085842982942
0.331033798720,0.052104207738,0.001309848597,-0.086233800820
0.328406546350,0.052299485841,0.001409529840,-0.087468732615
0.325779293980,0.052452627909,0.001514293653,-0.060684903199
0.323152041610,0.052477798332,0.001494638610,-0.044906148449
0.320524789240,0.052543962384,0.001515964244,-0.075428951744
0.317897536870,0.052683681180,0.001654148787,-0.072659163453
0.315270284500,0.052772536965,0.001723595716,-0.055231631920
0.312643032100,0.052843828110,0.001936771140,-0.090144354435
0.310015779800,0.053050298782,0.002070343379,-0.115392639013
0.307388527400,0.053223721829,0.002142627736,-0.071846768200
0.304761275000,0.053260559451,0.002241562343,-0.035553668501
0.302134022600,0.053295164877,0.002245879060,-0.022503495671
0.299506770300,0.053315289175,0.002170268446,-0.017346012053
0.296879517900,0.053297051409,0.002199265001,-0.035746744417
0.294252265500,0.053378382507,0.002245402462,-0.032442716359
0.291625013200,0.053408268360,0.002137552664,-0.012914135125
0.288997760800,0.053454945723,0.002140978281,-0.016059543639
0.286370508400,0.053500132797,0.002059292099,-0.008068872456
0.283743256000,0.053463281088,0.001972031276,0.029795411697
0.281116003700,0.053307617805,0.001975682042,0.072115456767
0.278488751300,0.053093742729,0.001880092106,0.079090391994
0.275861498900,0.052896490712,0.001782724877,0.081984735899
0.273234246600,0.052640479269,0.001950077140,0.061106537871
0.270606994200,0.052484021021,0.002120597656,0.020307844881
0.267979741800,0.052476015205,0.002310472868,0.023085970055
0.265352489400,0.052360015410,0.002634300851,0.016889755478
0.262725237100,0.052398685193,0.002978103569,-0.019449197320
0.260097984700,0.052476330849,0.003045894779,-0.012444720253
0.257470732300,0.052461789592,0.003181317620,-0.000635258138
0.254843480000,0.052500259848,0.003257771333,-0.049538451367
0.252216227600,0.052716328822,0.003213721807,-0.052291574803
0.249588975200,0.052788341271,0.003156837568,-0.022234934711
0.246961722900,0.052787699208,0.003147744413,-0.024496019386
0.244334470500,0.052858649722,0.003184551699,-0.032902294618
0.241707218100,0.052928719460,0.003233163631,-0.042991518076
0.239079965700,0.053064897753,0.003270175789,-0.052629147346
0.236452713400,0.053197799220,0.003313876247,-0.023460016382
0.233825461000,0.053204693218,0.003368373091,-0.003535530088
0.231198208600,0.053248107060,0.003381174854,-0.033288418305
0.228570956300,0.053402151052,0.003373706182,-0.018622695762
0.225943703900,0.053397023874,0.003289985155,0.040281710249
0.223316451500,0.053241965554,0.003261194458,0.094822122055
0.220689199100,0.052947999628,0.003248362136,0.158047398777
0.218061946800,0.052498873889,0.003272947744,0.175898654805
0.215434694400,0.052094816831,0.003219757145,0.144382862918
0.212807442000,0.051758599606,0.003134992122,0.107488891403
0.210180189700,0.051571360291,0.003150908487,0.042475903072
0.207552937300,0.051578325469,0.003244247880,0.008911515483
0.204925684900,0.051547201379,0.003221697671,-0.005302060955
0.202298432500,0.051521167631,0.003208999614,0.016786241753
0.199671180200,0.051418971624,0.003218723355,0.129654889073
0.197043927800,0.050913116390,0.003156038110,0.088408019568
0.194416675400,0.050884590387,0.003217687695,0.040028909972
0.191789423100,0.050676332305,0.003106804783,0.113253116177
0.189162170700,0.050248369518,0.002875038835,0.153743138443
0.186534918300,0.049864315817,0.002693056926,0.134417697159
0.183907666000,0.049606239042,0.002380132287,0.096510687585
0.181280413600,0.049418906918,0.002051054383,0.091121968326
0.178653161200,0.049158373859,0.001834926317,0.073564086921
0.176025908800,0.049026273040,0.001543380183,0.041139303643
0.173398656500,0.048960479390,0.001348128311,0.046769585581
0.170771404100,0.048840950279,0.001092189065,0.030589633975
0.168144151700,0.048854694906,0.000784089888,0.032546642827
0.165516899400,0.048768983393,0.000492009579,0.027090954505
0.162889647000,0.048799453698,0.000319102925,0.027880583039
0.160262394600,0.048709556694,0.000300864034,0.052960442068
0.157635142200,0.048513788735,0.000256033404,0.069204643485
0.155007889900,0.048289157543,0.000243070807,0.069895841792
0.152380637500,0.048138745844,0.000060459948,0.045096233049
0.149753385100,0.048061711400,0.000075310142,-0.009666920032
0.147126132800,0.048152593365,0.000120053519,-0.069163636293
0.144498880400,0.048347640102,0.000012912075,-0.105347629817
0.141871628000,0.048570613046,-0.000081438002,-0.088202864455
0.139244375600,0.048652778307,-0.000123590976,-0.054872441262
0.136617123300,0.048679389486,-0.000267478322,-0.036334521929
0.133989870900,0.048655421256,-0.000175038472,-0.046947527156
0.131362618500,0.048708298494,-0.000122610097,-0.045406174586
0.128735366200,0.048670363606,0.000031696482,-0.040415890449
0.126108113800,0.048775826611,0.000129358548,-0.146373763500
0.123480861400,0.049228079176,0.000299427897,-0.222733679388
0.120853609000,0.049767527704,0.000344269917,-0.213101609757
0.118226356700,0.050143289136,0.000137528772,-0.162620751393
0.115599104300,0.050433579572,-0.000089331538,-0.095663737610
0.112971851900,0.050467541808,-0.000263257811,0.027849751637
0.110344599600,0.050100025158,-0.000398592156,0.101392781983
0.107717347200,0.049694355390,-0.000402875472,0.140032959804
0.105090094800,0.049181780630,-0.000315257776,0.176464845140
0.102462842500,0.048613280177,-0.000132284541,0.154358517695
0.099835590100,0.048217125908,0.000058254895,0.060655881157
0.097208337700,0.048088576665,0.000186372810,-0.001375070525
0.094581085300,0.047970016014,0.000313296614,0.027710134418
0.091953833000,0.047763832789,0.000481202010,0.056208225778
0.089326580600,0.047635626425,0.000686004647,0.068197120887
0.086699328200,0.047421662763,0.000692390917,0.070821425157
0.084072075900,0.047271942733,0.000643955235,0.054401596780
0.081444823500,0.047139685977,0.000794088641,0.098530596283
0.078817571100,0.046830626770,0.000811411250,0.139025553520
0.076190318700,0.046519610301,0.000647761241,0.130519560952
0.073563066400,0.046233082244,0.000556557395,0.078613695366
0.070935814000,0.046143954159,0.000466863903,0.045106444694
0.068308561600,0.046038645563,0.000615092209,0.071267867699
0.065681309300,0.045896574952,0.000674108263,0.090817922195
0.063054056900,0.045708160765,0.000640068300,0.089586958303
0.060426804500,0.045555694067,0.000709554693,0.119226464500
0.057799552100,0.045125678716,0.000923038428,0.153864972541
0.055172299800,0.044824469153,0.001041165971,0.072543294273
0.052545047400,0.044906893583,0.000975049639,-0.023675868232
0.049917795000,0.045072437580,0.000936141302,-0.074327091362
0.047290542700,0.045446968205,0.000950159490,-0.116384579496
0.044663290300,0.045700411277,0.000653157977,-0.030479619231
0.042036037900,0.045627998424,0.000500233420,0.078620847780
0.039408785500,0.045320919909,0.000397917103,0.084865911567
0.036781533200,0.045183755746,0.000357700798,0.107275112097
0.034154280800,0.044821975047,0.000508396771,0.169827741271
0.031527028400,0.044361406247,0.000568329564,0.162711539091
0.028899776100,0.044011874097,0.000664488634,0.123845968538
0.026272523700,0.043727645398,0.000675730677,0.119789180128
0.023645271300,0.043406189711,0.000591737467,0.138157530750
0.021018019000,0.043092433825,0.000719813553,0.138474289194
0.018390766600,0.042741468781,0.000971551520,0.119790769383
0.015763514200,0.042513852144,0.001093922154,0.070924897226
0.013136261800,0.042424199457,0.000979046535,-0.012237593247
0.010509009500,0.042553141819,0.000963119562,-0.006727672094
0.007881757100,0.042469314425,0.000721319124,0.021386961493
0.005254504700,0.042482725458,0.000561624864,0.041087962140
0.002627252400,0.042285787747,0.000536771518,1.101585572019
0.000000000000,0.036632396389,0.000414774236,2.170498741451
