0.391460603250,0.048285447630,0.000609025111,-0.812638454492
0.388833350880,0.050470084684,0.000454370962,-0.261874041511
0.386206098510,0.049537822710,0.000955781588,0.145592122765
0.383578846140,0.049898700548,0.001060594810,-0.108655072622
0.380951593770,0.050193934213,0.001338919772,0.377009980184
0.378324341400,0.047981358917,0.001770332311,0.168281499050
0.375697089030,0.049306647639,0.001594744131,-0.439691705821
0.373069836660,0.050227546401,0.001546946475,-0.233821141863
0.370442584290,0.050405197127,0.001603514133,-0.203336768799
0.367815331920,0.051156634913,0.001694811303,-0.370443769466
0.365188079550,0.052295482138,0.001683128576,-0.346282057667
0.362560827170,0.053015417026,0.001596830361,-0.093308096507
0.359933574800,0.052825827369,0.001598827096,0.053402447764
0.357306322430,0.052699570854,0.001640863384,-0.001540122456
0.354679070060,0.052589671024,0.001810285080,0.020383111255
0.352051817690,0.052369175831,0.002034693203,0.045052572007
0.349424565320,0.052237579857,0.002125141189,0.019397737913
0.346797312950,0.052207011987,0.002231353807,-0.025270576798
0.344170060580,0.052345744101,0.002255878854,-0.090221055749
0.341542808210,0.052670583976,0.002170760159,-0.163922709926
0.338915555840,0.053163253532,0.002158510531,-0.191048878448
0.336288303460,0.053647193386,0.002147229408,-0.147010551310
0.333661051090,0.053934716486,0.002168789367,-0.100867621966
0.331033798720,0.054203289282,0.002078680566,-0.091006955865
0.328406546350,0.054409203652,0.002005465071,-0.072895594548
0.325779293980,0.054557331212,0.002110784142,-0.068920663302
0.323152041610,0.054779090188,0.002110065036,-0.052580615207
0.320524789240,0.054884380642,0.002109351175,-0.003649552852
0.317897536870,0.054844990491,0.002302835010,0.013173638875
0.315270284500,0.054892883088,0.002420582324,-0.017406103962
0.312643032100,0.055008189514,0.002470065586,-0.033216797748
0.310015779800,0.055084194737,0.002514603393,-0.011106514955
0.307388527400,0.055128774357,0.002348145572,-0.006883153948
0.304761275000,0.055168845435,0.002198411513,0.001352461777
0.302134022600,0.055173294795,0.002111169676,-0.005242910700
0.299506770300,0.055239284505,0.001968396277,-0.021151234743
0.296879517900,0.055300823221,0.001911587301,-0.014678557499
0.294252265500,0.055288119049,0.001838430652,-0.008051709573
0.291625013200,0.055295558790,0.001766348697,0.001597269081
0.288997760800,0.055320051418,0.001544188256,0.009420468228
0.286370508400,0.055218925642,0.001381847293,0.019188612250
0.283743256000,0.055185368639,0.001279783244,-0.004105691170
0.281116003700,0.055176186268,0.001161788734,-0.000046501983
0.278488751300,0.055108938227,0.001165542269,-0.005390453456
0.275861498900,0.055115923494,0.001322575166,-0.008131555310
0.273234246600,0.055085183924,0.001489774516,-0.004002751208
0.270606994200,0.055058524255,0.001655369173,-0.015322778463
0.267979741800,0.055073196426,0.001911703504,-0.023455735281
0.265352489400,0.055093856636,0.002224363979,-0.025685125991
0.262725237100,0.055144418463,0.002484822303,-0.008940583140
0.260097984700,0.055112149332,0.002732793005,-0.002909158557
0.257470732300,0.055117498942,0.002883928468,-0.015639817993
0.254843480000,0.055162887695,0.002895960079,-0.023424883870
0.252216227600,0.055236284926,0.002922412570,-0.039486298807
0.249588975200,0.055376195195,0.003016411987,-0.066912260300
0.246961722900,0.055578808884,0.003215115694,-0.069416562337
0.244334470500,0.055721600345,0.003250642017,-0.045985956188
0.241707218100,0.055854491409,0.003381064381,-0.041616848795
0.239079965700,0.055985338804,0.003485809006,-0.032484486295
0.236452713400,0.056052879026,0.003474371426,-0.069718138163
0.233825461000,0.056347114159,0.003573761337,-0.077095372380
0.231198208600,0.056477442114,0.003596542145,-0.017007332125
0.228570956300,0.056487047223,0.003621329174,0.027182542251
0.225943703900,0.056435256960,0.003648428586,0.067189724369
0.223316451500,0.056246527793,0.003641496930,0.136870893052
0.220689199100,0.055798303040,0.003780920355,0.193260859781
0.218061946800,0.055328663248,0.003850899076,0.176117925401
0.215434694400,0.054933257242,0.003942028574,0.132322080097
0.212807442000,0.054663259404,0.003933718383,0.096133651024
0.210180189700,0.054481844015,0.003915509542,0.059120591271
0.207552937300,0.054408861820,0.003931728529,0.027848964050
0.204925684900,0.054376513546,0.003937297013,0.054861093986
0.202298432500,0.054182776552,0.003828498355,0.082132081913
0.199671180200,0.053988221032,0.003756743374,0.063593316492
0.197043927800,0.053852433494,0.003605437541,0.070914250995
0.194416675400,0.053606250813,0.003618743492,0.119577511981
0.191789423100,0.053320367969,0.003439872317,0.119583997953
0.189162170700,0.053114075593,0.003144447406,0.118823192108
0.186534918300,0.052837466819,0.002881703582,0.117267769616
0.183907666000,0.052645971225,0.002490583616,0.102639090668
0.181280413600,0.052384638751,0.002111441885,0.097331739214
0.178653161200,0.052287326503,0.001807599854,0.039826605379
0.176025908800,0.052349636829,0.001454987217,-0.000592474981
0.173398656500,0.052487511856,0.001244855948,-0.023723631166
0.170771404100,0.052661737385,0.001091394730,-0.000591318865
0.168144151700,0.052720366284,0.000928354779,0.058469278153
0.165516899400,0.052633702958,0.000938915552,0.090409038480
0.162889647000,0.052502013518,0.000972982641,0.132879823101
0.160262394600,0.052179590181,0.000944324228,0.182124911571
0.157635142200,0.051797261510,0.000993376435,0.199377836885
0.155007889900,0.051399260715,0.000951680005,0.228639462533
0.152380637500,0.050879465594,0.000851812198,0.244367754917
0.149753385100,0.050444939301,0.000733485748,0.193191121352
0.147126132800,0.050165594931,0.000631471151,0.178184877624
0.144498880400,0.049865755905,0.000399623597,0.175391851668
0.141871628000,0.049674172629,0.000176930541,0.135809862595
0.139244375600,0.049525180374,0.000023076519,0.124689142281
0.136617123300,0.049385482976,-0.000180716863,0.114414108940
0.133989870900,0.049275331271,-0.000407785048,0.126703227364
0.131362618500,0.049126813104,-0.000635108810,0.140913577278
0.128735366200,0.048917893590,-0.000649784336,0.112553828856
0.126108113800,0.048881099015,-0.000789613178,0.022304960873
0.123480861400,0.049023303097,-0.000841392740,-0.069626190216
0.120853609000,0.049560446617,-0.000840914550,-0.098947392468
0.118226356700,0.049744259318,-0.000893072634,0.031390044092
0.115599104300,0.049521887600,-0.000925114163,0.133413999513
0.112971851900,0.049168589354,-0.000930895724,0.177520050740
0.110344599600,0.048757729950,-0.000878156574,0.163085256106
0.107717347200,0.048416013853,-0.000691424058,0.162140260211
0.105090094800,0.047981267749,-0.000366156440,0.173785967075
0.102462842500,0.047521863615,0.000041661075,0.189653302144
0.099835590100,0.047011222635,0.000400912680,0.169787635952
0.097208337700,0.046671319989,0.000701224827,0.097037107447
0.094581085300,0.046446487476,0.000993363217,0.054874117349
0.091953833000,0.046409465652,0.001020583042,0.038733727771
0.089326580600,0.046351372677,0.000905329479,0.013922453164
0.086699328200,0.046379186415,0.000831227870,-0.037037934200
0.084072075900,0.046523637057,0.000723348297,-0.065176382906
0.081444823500,0.046688812199,0.000576202446,-0.052662763599
0.078817571100,0.046725335069,0.000733727290,-0.042027303165
0.076190318700,0.046841325103,0.000731899824,-0.018194286322
0.073563066400,0.046798949170,0.000847053211,0.038431036571
0.070935814000,0.046654131186,0.001153833973,0.034466485276
0.068308561600,0.046643016909,0.001312956465,0.035102880849
0.065681309300,0.046570144549,0.001353240454,0.050560295007
0.063054056900,0.046409831362,0.001482374284,0.022792175397
0.060426804500,0.046467236466,0.001582980770,0.004752909477
0.057799552100,0.046358111554,0.001495712069,0.000496211614
0.055172299800,0.046430586208,0.001423442500,-0.013114615627
0.052545047400,0.046389415638,0.001450339966,-0.009297399377
0.049917795000,0.046450352862,0.001396960561,-0.005499583162
0.047290542700,0.046483500640,0.001442997549,0.031217523552
0.044663290300,0.046374460789,0.001520005805,0.057954932523
0.042036037900,0.046280464201,0.001480389851,0.089416846960
0.039408785500,0.046008439973,0.001286363055,0.111421189232
0.036781533200,0.045750769093,0.001094311102,0.119599319516
0.034154280800,0.045390583886,0.001256465223,0.233945889939
0.031527028400,0.044569987645,0.001193835988,0.301431442893
0.028899776100,0.043795160123,0.001219272506,0.178920758245
0.026272523700,0.043526840399,0.001079684814,0.026142748862
0.023645271300,0.043545544249,0.000937062854,-0.009881194123
0.021018019000,0.043462474949,0.001111317418,-0.024596670225
0.018390766600,0.043566762096,0.001372995133,-0.092152532012
0.015763514200,0.043877819265,0.001456410290,-0.109367505489
0.013136261800,0.044143996022,0.001539185117,-0.091273821518
0.010509009500,0.044378519634,0.001402477440,-0.066806191894
0.007881757100,0.044516815809,0.001051212426,0.017319289847
0.005254504700,0.044288150907,0.000593117457,0.304103591202
0.002627252400,0.042925600110,0.000364057428,1.543604696794
0.000000000000,0.036252416856,0.000197259448,2.512131292633
