0.391460603250,-0.022639406184,0.000051086746,0.101147302010
0.388833350880,-0.022848276967,0.000177781797,-0.172375076673
0.386206098510,-0.021696847871,0.000113417267,-0.146699362556
0.383578846140,-0.022052555917,0.000190740783,0.205952777216
0.380951593770,-0.022687424963,0.000153288578,0.402174233932
0.378324341400,-0.024033465092,0.000100058321,0.422204795640
0.375697089030,-0.024837388837,0.000052507928,0.286372155684
0.373069836660,-0.025480959627,0.000035177339,0.057618866979
0.370442584290,-0.025044465213,0.000155026736,0.009999462432
0.367815331920,-0.025486194567,0.000318402688,0.056288217799
0.365188079550,-0.025568397447,0.000023418633,0.049194010067
0.362560827170,-0.025724854414,0.000046925867,-0.067495464861
0.359933574800,-0.025280561002,0.000020485167,-0.016685463825
0.357306322430,-0.025709092376,-0.000025085948,0.072176139864
0.354679070060,-0.025725906830,-0.000109494882,-0.021470456488
0.352051817690,-0.025689290239,-0.000016881963,-0.070390698484
0.349424565320,-0.025527271645,0.000015756346,-0.083530246829
0.346797312950,-0.025363866573,0.000088360287,-0.088435589807
0.344170060580,-0.025164846709,0.000135428541,-0.067169122308
0.341542808210,-0.025033498185,0.000277073869,-0.057868668840
0.338915555840,-0.024877315649,0.000426911376,-0.080094686343
0.336288303460,-0.024631919664,0.000607713744,-0.093870629199
0.333661051090,-0.024433695055,0.000884705544,-0.082535062327
0.331033798720,-0.024303582554,0.001184429212,-0.035427909315
0.328406546350,-0.024234399502,0.001420150702,0.005685795025
0.325779293980,-0.024315265454,0.001675087020,0.013456324588
0.323152041610,-0.024410188286,0.001952130437,0.013048976783
0.320524789240,-0.024455909039,0.002172461847,-0.036329163714
0.317897536870,-0.024316677336,0.002404381687,-0.092286937499
0.315270284500,-0.024076333278,0.002498555207,-0.079311896256
0.312643032100,-0.023988422284,0.002608497902,-0.080457738379
0.310015779800,-0.023732495149,0.002720110318,-0.088821372024
0.307388527400,-0.023504252597,0.002654560197,-0.061164409298
0.304761275000,-0.023371531647,0.002663221157,-0.033898649971
0.302134022600,-0.023273392335,0.002638103846,-0.031048087003
0.299506770300,-0.023153792185,0.002579771350,-0.040277978067
0.296879517900,-0.022947170679,0.002549927001,-0.042263332663
0.294252265500,-0.022865734879,0.002464373770,-0.023418128401
0.291625013200,-0.022787582026,0.002477230852,-0.027103910981
0.288997760800,-0.022712673920,0.002446114796,-0.026759773260
0.286370508400,-0.022595551069,0.002328160633,-0.028458939916
0.283743256000,-0.022505738906,0.002236602984,-0.009124015915
0.281116003700,-0.022499591626,0.002208694619,0.024630483734
0.278488751300,-0.022560410738,0.002227484829,0.048442857662
0.275861498900,-0.022747673728,0.002240238412,0.058047763363
0.273234246600,-0.022950171213,0.002215217641,0.021452694153
0.270606994200,-0.023030636417,0.002289052386,0.025447712890
0.267979741800,-0.023232852675,0.002478120926,0.061999425972
0.265352489400,-0.023403357103,0.002783681944,0.050063521464
0.262725237100,-0.023432778763,0.003049020646,0.015865345651
0.260097984700,-0.023407974899,0.003219491781,-0.002330394022
0.257470732300,-0.023330021261,0.003249793627,-0.001457445724
0.254843480000,-0.023273691948,0.003355053133,0.015599570034
0.252216227600,-0.023293012811,0.003374832207,0.026680180654
0.249588975200,-0.023292509235,0.003251769850,0.019158782384
0.246961722900,-0.023235641304,0.003261094630,0.018137225228
0.244334470500,-0.023214607582,0.003196536157,0.031630792675
0.241707218100,-0.023205741075,0.003172085330,0.024093558225
0.239079965700,-0.023179427314,0.003214687786,0.026459344318
0.236452713400,-0.023164988979,0.003244885428,0.046724230956
0.233825461000,-0.023271427329,0.003212469800,0.040501295822
0.231198208600,-0.023234523515,0.003205916952,0.019045957433
0.228570956300,-0.023180254712,0.003176819312,0.013404850279
0.225943703900,-0.023104381211,0.003217954662,0.010842750427
0.223316451500,-0.023066403312,0.003281875875,0.042178081698
0.220689199100,-0.023202555367,0.003265580593,0.090171906551
0.218061946800,-0.023536441967,0.003221054096,0.152217575467
0.215434694400,-0.023944051593,0.003252513841,0.155610208861
0.212807442000,-0.024311681243,0.003215903773,0.129070339569
0.210180189700,-0.024601762871,0.003179885445,0.116803549517
0.207552937300,-0.024835773169,0.003244492956,0.096063781140
0.204925684900,-0.024986927502,0.003346276694,0.073223746051
0.202298432500,-0.025099834408,0.003425368561,0.050236313074
0.199671180200,-0.025148858156,0.003459108792,0.077775915053
0.197043927800,-0.025412914538,0.003414888230,0.145273051845
0.194416675400,-0.025771996712,0.003430679360,0.169888328759
0.191789423100,-0.026127360202,0.003363917220,0.134990377615
0.189162170700,-0.026355033866,0.003158990767,0.101800823649
0.186534918300,-0.026572917446,0.003059833384,0.110087808123
0.183907666000,-0.026813230877,0.002872721673,0.124380482390
0.181280413600,-0.027093475727,0.002623091913,0.106252998165
0.178653161200,-0.027201564384,0.002346451364,0.063664044893
0.176025908800,-0.027253028035,0.002143231673,0.042270594021
0.173398656500,-0.027331350773,0.002035750604,0.023353071873
0.170771404100,-0.027319208186,0.001979220176,0.009173568446
0.168144151700,-0.027339314205,0.001775328767,0.033127287598
0.165516899400,-0.027451018701,0.001475947735,0.027434186136
0.162889647000,-0.027463378920,0.001172897781,-0.000844963329
0.160262394600,-0.027448538163,0.001090140305,-0.006797342372
0.157635142200,-0.027526555940,0.001027909411,-0.022202089334
0.155007889900,-0.027431691573,0.000915462236,-0.045451587480
0.152380637500,-0.027374216860,0.000907485189,-0.013997654229
0.149753385100,-0.027427088177,0.000836505207,0.000527953119
0.147126132800,-0.027457549281,0.001048258555,-0.025006735311
0.144498880400,-0.027427959592,0.001211685973,-0.064268889517
0.141871628000,-0.027218584603,0.001234189503,-0.104926266217
0.139244375600,-0.026993127917,0.001381342304,-0.073025203837
0.136617123300,-0.026953213452,0.001499204992,-0.013476694603
0.133989870900,-0.027047608254,0.001573325909,0.013015940804
0.131362618500,-0.027178795780,0.001617653705,-0.017963335291
0.128735366200,-0.027197161259,0.001882923013,-0.064196262491
0.126108113800,-0.027054095026,0.002144340954,-0.153871154098
0.123480861400,-0.026573934564,0.002165235418,-0.219558485098
0.120853609000,-0.026050078232,0.002020973289,-0.211124428551
0.118226356700,-0.025560143762,0.001861035760,-0.148752054205
0.115599104300,-0.025243833429,0.001670999336,-0.071290704631
0.112971851900,-0.025135598240,0.001348262557,-0.030110590140
0.110344599600,-0.025158948837,0.001184465827,0.047698955207
0.107717347200,-0.025402300775,0.001069074137,0.110651948068
0.105090094800,-0.025729611894,0.000916365740,0.123171448550
0.102462842500,-0.025954637631,0.000963309005,0.137086631488
0.099835590100,-0.026289902531,0.001037360756,0.142894755197
0.097208337700,-0.026556913468,0.001303406027,0.118303395031
0.094581085300,-0.026770711836,0.001378719474,0.115026977073
0.091953833000,-0.027037938409,0.001411269861,0.092503864479
0.089326580600,-0.027096506766,0.001391669551,0.093015729527
0.086699328200,-0.027374210682,0.001436251645,0.182586873321
0.084072075900,-0.027895635491,0.001457736391,0.220666552908
0.081444823500,-0.028372082701,0.001383573322,0.204038786049
0.078817571100,-0.028779422685,0.001370753607,0.202382224649
0.076190318700,-0.029250291890,0.001419713486,0.170801105366
0.073563066400,-0.029545090369,0.001252412183,0.132142976110
0.070935814000,-0.029785852517,0.001381330325,0.050353845932
0.068308561600,-0.029688138728,0.001478948202,-0.004041943048
0.065681309300,-0.029641694402,0.001476445950,0.051592964346
0.063054056900,-0.029813869663,0.001516232970,0.113106618364
0.060426804500,-0.030112794841,0.001453636483,0.170800920873
0.057799552100,-0.030589875601,0.001523283338,0.158578831688
0.055172299800,-0.030855800657,0.001698110659,0.045829073422
0.052545047400,-0.030823772209,0.001780301874,0.006934709744
0.049917795000,-0.030808826825,0.001773650701,-0.031621775530
0.047290542700,-0.030595709724,0.001718409944,-0.060068940189
0.044663290300,-0.030476451339,0.001727705572,-0.053747006084
0.042036037900,-0.030426217446,0.001618535581,-0.014140709253
0.039408785500,-0.030497120130,0.001548465926,0.049574244544
0.036781533200,-0.030695676082,0.001713082095,0.105983574005
0.034154280800,-0.031009262150,0.001721784230,0.172779579803
0.031527028400,-0.031510568492,0.001703997832,0.152442328843
0.028899776100,-0.031779026450,0.001660036748,0.111229254145
0.026272523700,-0.032133166996,0.001682258585,0.118377717639
0.023645271300,-0.032444980000,0.001703918873,0.153987949712
0.021018019000,-0.032786976593,0.001647110483,0.142363174173
0.018390766600,-0.033136871426,0.001718523448,0.099418554925
0.015763514200,-0.033365849309,0.001591612283,0.068743413122
0.013136261800,-0.033623461124,0.001524615801,0.072359968036
0.010509009500,-0.033833754520,0.001515763065,0.085099887949
0.007881757100,-0.034122345031,0.001401787434,0.052419697485
0.005254504700,-0.034170374976,0.001227484835,-0.037518908394
0.002627252400,-0.033953299409,0.001150551745,-0.672616724615
0.000000000000,-0.030563050683,0.001182831309,-1.296458959461
