0.391460603250,-0.043337170967,0.000321418815,-0.828516281564
0.388833350880,-0.041096483681,0.000206045153,-0.324559769793
0.386206098510,-0.041641547145,0.000455212840,0.242592223525
0.383578846140,-0.042612080910,0.000466207744,0.254836958083
0.380951593770,-0.043192138175,0.000646036439,0.263190617814
0.378324341400,-0.044075694085,0.000802551012,0.088964554396
0.375697089030,-0.043704553064,0.000883338636,-0.059021516882
0.373069836660,-0.043782617594,0.000916511857,0.267917006213
0.370442584290,-0.045105585999,0.000980490320,0.287263832660
0.367815331920,-0.045256491908,0.001184506404,0.065612947848
0.365188079550,-0.045457607224,0.001253390663,0.083712103024
0.362560827170,-0.045791143221,0.001275806558,0.091942341796
0.359933574800,-0.045964155645,0.001304230807,0.085418941527
0.357306322430,-0.046225053029,0.001322716302,0.109463404871
0.354679070060,-0.046511674790,0.001350628099,0.078359451865
0.352051817690,-0.046625839017,0.001552842932,-0.001034557578
0.349424565320,-0.046494961489,0.001523422879,-0.063210286055
0.346797312950,-0.046307879198,0.001492593044,-0.096293822602
0.344170060580,-0.046020560458,0.001661920593,-0.118487643220
0.341542808210,-0.045730389633,0.001646302143,-0.124513814288
0.338915555840,-0.045428091139,0.001519784540,-0.166427489476
0.336288303460,-0.044929415181,0.001597120208,-0.186942829945
0.333661051090,-0.044484802169,0.001647705134,-0.149472158604
0.331033798720,-0.044150750532,0.001611978972,-0.120915602812
0.328406546350,-0.043918794460,0.001633605871,-0.105351439929
0.325779293980,-0.043758025399,0.001513588007,-0.086930959289
0.323152041610,-0.043591274520,0.001587089841,-0.058022481994
0.320524789240,-0.043540703157,0.001694588801,-0.037383263156
0.317897536870,-0.043439185143,0.001872390690,-0.052799783906
0.315270284500,-0.043358329006,0.001997928815,-0.028771557901
0.312643032100,-0.043363834485,0.002027092825,-0.018309508210
0.310015779800,-0.043278895947,0.002073670366,-0.026038211156
0.307388527400,-0.043211058858,0.002005856166,-0.018390795879
0.304761275000,-0.043218921763,0.001903245660,-0.013213938827
0.302134022600,-0.043221238504,0.001730845908,-0.028721176327
0.299506770300,-0.043157773288,0.001525431138,-0.035532838628
0.296879517900,-0.043097142895,0.001339868914,-0.022617632876
0.294252265500,-0.043084676698,0.001267650368,-0.010041411536
0.291625013200,-0.043084501596,0.001204803903,-0.002561175200
0.288997760800,-0.043125910707,0.001050316748,0.014132215710
0.286370508400,-0.043163034941,0.001040469252,0.013500498967
0.283743256000,-0.043146044211,0.001062721115,-0.005716472732
0.281116003700,-0.043185449794,0.001171988213,0.003984052387
0.278488751300,-0.043292971659,0.001421198816,-0.010317680005
0.275861498900,-0.043305347961,0.001676268229,-0.020897561703
0.273234246600,-0.043313602813,0.001895184530,0.000683976204
0.270606994200,-0.043412511489,0.002177440506,-0.000637557660
0.267979741800,-0.043416547482,0.002447404961,-0.016333417907
0.265352489400,-0.043393678901,0.002678942511,-0.019949820998
0.262725237100,-0.043409772558,0.002780735764,-0.015511229912
0.260097984700,-0.043401764476,0.002925390811,-0.028755941508
0.257470732300,-0.043319625321,0.003069904229,-0.038239919844
0.254843480000,-0.043250400083,0.003191572283,-0.042724776365
0.252216227600,-0.043206878993,0.003381816465,-0.041704844509
0.249588975200,-0.043107132367,0.003529792114,-0.080087063356
0.246961722900,-0.042825890993,0.003628590240,-0.095901491301
0.244334470500,-0.042637041309,0.003706199810,-0.061402027818
0.241707218100,-0.042534403462,0.003836482678,-0.049790274953
0.239079965700,-0.042335713353,0.003981859459,-0.063815668975
0.236452713400,-0.042172827148,0.004088252817,-0.042561370699
0.233825461000,-0.042088611978,0.004116082154,0.003189877504
0.231198208600,-0.042133914062,0.004290102571,0.066147243958
0.228570956300,-0.042352860662,0.004526471367,0.127426570944
0.225943703900,-0.042750312386,0.004575258180,0.186772890070
0.223316451500,-0.043257239567,0.004682567974,0.217211387830
0.220689199100,-0.043797747490,0.004811307204,0.202084258198
0.218061946800,-0.044229405422,0.004962157761,0.120326851809
0.215434694400,-0.044399620343,0.005109261980,0.043840157720
0.212807442000,-0.044410301805,0.005152393876,0.017554073450
0.210180189700,-0.044441507802,0.005155348341,0.011717465274
0.207552937300,-0.044416525838,0.005175751207,0.004887754327
0.204925684900,-0.044400362983,0.005222532427,0.025667198066
0.202298432500,-0.044460464696,0.005037345080,0.045796666666
0.199671180200,-0.044592507084,0.004888793730,0.092154095700
0.197043927800,-0.044814439542,0.004655613792,0.147857408503
0.194416675400,-0.045222425901,0.004357588825,0.221368042467
0.191789423100,-0.045775951526,0.004068273964,0.248753470187
0.189162170700,-0.046288700149,0.003806935570,0.207086404173
0.186534918300,-0.046629243897,0.003590354835,0.155241941519
0.183907666000,-0.046932408104,0.003406274996,0.097855202979
0.181280413600,-0.046980233211,0.003131282872,0.012967180194
0.178653161200,-0.046762380206,0.002866174910,-0.049062458477
0.176025908800,-0.046516371868,0.002728309830,-0.031657111329
0.173398656500,-0.046432961589,0.002552095104,0.015895590700
0.170771404100,-0.046357308299,0.002371880250,0.039680617157
0.168144151700,-0.046369966161,0.002196402899,0.086304044043
0.165516899400,-0.046519970230,0.002206564440,0.135749920746
0.162889647000,-0.046708385570,0.002252118247,0.177488537235
0.160262394600,-0.047077690839,0.002314482715,0.189821873967
0.157635142200,-0.047406370564,0.002306561570,0.203206531831
0.155007889900,-0.047770908048,0.002282430059,0.246299343340
0.152380637500,-0.048247891151,0.002234926855,0.252828355929
0.149753385100,-0.048695214311,0.002140337856,0.234193153826
0.147126132800,-0.049080928976,0.002055676556,0.215163433968
0.144498880400,-0.049383924769,0.001913908867,0.188693304200
0.141871628000,-0.049646232550,0.001878695940,0.171312093541
0.139244375600,-0.049919568905,0.001699058585,0.171499399408
0.136617123300,-0.050226110129,0.001357369295,0.174153539842
0.133989870900,-0.050537719138,0.001025205658,0.172891668977
0.131362618500,-0.050831667385,0.000873365843,0.132082228280
0.128735366200,-0.050987374917,0.000658733142,0.063048453079
0.126108113800,-0.050935108760,0.000450078129,-0.019784537262
0.123480861400,-0.050693581654,0.000430692943,-0.100574269704
0.120853609000,-0.050236578191,0.000486693996,-0.087293630262
0.118226356700,-0.050102591344,0.000667286443,0.025932359683
0.115599104300,-0.050200105206,0.000851581486,0.105703497316
0.112971851900,-0.050413645466,0.001075812340,0.219168845325
0.110344599600,-0.051223531701,0.001406454592,0.329778392401
0.107717347200,-0.052053765007,0.001705863051,0.270633249695
0.105090094800,-0.052604974931,0.001910940330,0.149990866399
0.102462842500,-0.052863513809,0.002014677027,0.107769363903
0.099835590100,-0.053320863657,0.002221786548,0.092559214288
0.097208337700,-0.053502575577,0.002515801152,0.008761285597
0.094581085300,-0.053413060476,0.002575977333,-0.067598948914
0.091953833000,-0.053193543760,0.002885939503,-0.115670854757
0.089326580600,-0.052907097349,0.003226088924,-0.069701875581
0.086699328200,-0.052823453444,0.003362099955,-0.016902020900
0.084072075900,-0.052757156348,0.003303837525,-0.008670687303
0.081444823500,-0.052661578341,0.003174457547,0.011670812779
0.078817571100,-0.052667933063,0.003044158951,0.063328824383
0.076190318700,-0.052785949122,0.002967121772,0.053263616596
0.073563066400,-0.052648540702,0.003041579912,0.027372077260
0.070935814000,-0.052684413528,0.003097197354,0.010616679747
0.068308561600,-0.052623539447,0.003168188397,-0.038682810869
0.065681309300,-0.052494777863,0.003210203367,-0.012628504733
0.063054056900,-0.052558596741,0.003350181710,0.009633556400
0.060426804500,-0.052554081114,0.003581899162,0.036034105396
0.057799552100,-0.052677372204,0.003599181112,0.061000276935
0.055172299800,-0.052795833804,0.003538311289,0.050806938766
0.052545047400,-0.052885595734,0.003588429272,0.049095043399
0.049917795000,-0.052924085938,0.003572895294,0.028686977566
0.047290542700,-0.052971141215,0.003452590212,0.049073971472
0.044663290300,-0.053158080790,0.003542658612,0.108856477911
0.042036037900,-0.053444859074,0.003447731174,0.167553439518
0.039408785500,-0.053967228620,0.003346647368,0.254440571653
0.036781533200,-0.054799588066,0.003236502762,0.269846804930
0.034154280800,-0.055398487202,0.003119903932,0.162760958956
0.031527028400,-0.055716635449,0.003018587259,0.064119790766
0.028899776100,-0.055822385177,0.003037323984,0.017007012284
0.026272523700,-0.055871729698,0.003030151812,-0.006727593662
0.023645271300,-0.055798545391,0.002823447950,-0.036058481605
0.021018019000,-0.055689229853,0.002666479582,-0.042927330776
0.018390766600,-0.055555930882,0.002599611162,-0.031816783885
0.015763514200,-0.055541296411,0.002538037493,0.022560029475
0.013136261800,-0.055759827834,0.002421563841,0.057257602226
0.010509009500,-0.055942459117,0.002269461797,0.014710945227
0.007881757100,-0.055884189799,0.002025192764,-0.026938355466
0.005254504700,-0.055796560677,0.001745010107,-0.124923592792
0.002627252400,-0.055209470663,0.001482620914,-2.134875784042
0.000000000000,-0.044704923348,0.001199682065,-4.046794575422
