0.391460603250,-0.054956898305,-0.000455484421,-0.052197014771
0.388833350880,-0.054813263753,-0.000205711575,-0.230600084035
0.386206098510,-0.053680351618,-0.000146063096,0.091193765283
0.383578846140,-0.055185307756,-0.000188766754,0.383475468026
0.380951593770,-0.055570231870,-0.000033024384,0.201179003519
0.378324341400,-0.056261040854,-0.000138057561,0.287496709503
0.375697089030,-0.056974243714,-0.000138764457,0.330977211888
0.373069836660,-0.057859750257,-0.000048993715,0.186617853024
0.370442584290,-0.057820522400,0.000036930279,0.182899013241
0.367815331920,-0.058733687748,-0.000245342636,0.639464263816
0.365188079550,-0.061035395095,-0.000178498325,0.536677699225
0.362560827170,-0.061429239349,-0.000179938504,0.094703945126
0.359933574800,-0.061392360283,-0.000110081461,-0.034281528073
0.357306322430,-0.061237730458,-0.000088471640,0.005787655843
0.354679070060,-0.061488803117,0.000079089153,0.041038996631
0.352051817690,-0.061408301918,0.000168788428,-0.092446547556
0.349424565320,-0.060833362475,0.000343821074,-0.177029483685
0.346797312950,-0.060296528935,0.000537677140,-0.194805610700
0.344170060580,-0.059644655977,0.000599035994,-0.223579997710
0.341542808210,-0.058892247027,0.000598609807,-0.257408110303
0.338915555840,-0.058134661447,0.000670025503,-0.248865598397
0.336288303460,-0.057519879384,0.000786129734,-0.204413702957
0.333661051090,-0.057038964365,0.000851019023,-0.145620355036
0.331033798720,-0.056778152550,0.000920004567,-0.080997686422
0.328406546350,-0.056640492792,0.001051355173,-0.056739783510
0.325779293980,-0.056513670352,0.001043889721,-0.059350813291
0.323152041610,-0.056351101319,0.001114546423,-0.051354140229
0.320524789240,-0.056286529770,0.001279873308,-0.004229853285
0.317897536870,-0.056355874594,0.001275794585,0.013201286376
0.315270284500,-0.056349140523,0.001237639181,-0.008179997990
0.312643032100,-0.056284729492,0.001299060465,0.003741304892
0.310015779800,-0.056330778815,0.001294869338,-0.000694195057
0.307388527400,-0.056350249521,0.001350736112,-0.017946808734
0.304761275000,-0.056350028934,0.001461794457,-0.016134420712
0.302134022600,-0.056386564937,0.001520274295,0.006289154382
0.299506770300,-0.056471913377,0.001565395493,0.010609581404
0.296879517900,-0.056529084639,0.001702596005,-0.003666515127
0.294252265500,-0.056536919990,0.001780094545,-0.017333266471
0.291625013200,-0.056518301954,0.001820873526,-0.038049865269
0.288997760800,-0.056481234734,0.001970682000,-0.062447087143
0.286370508400,-0.056325218016,0.002104286596,-0.072274228280
0.283743256000,-0.056228704532,0.002180870765,-0.036539190639
0.281116003700,-0.056246558915,0.002346216573,-0.015622637472
0.278488751300,-0.056289767177,0.002558568649,-0.038194599032
0.275861498900,-0.056144626300,0.002786798643,-0.076732491034
0.273234246600,-0.055963276865,0.002868628056,-0.066657262584
0.270606994200,-0.055891812359,0.002922194043,-0.020781732416
0.267979741800,-0.055909738619,0.003120250048,0.003500811056
0.265352489400,-0.055959797752,0.003141712341,0.019812547116
0.262725237100,-0.056016024248,0.003168611728,0.030561104039
0.260097984700,-0.056081932530,0.003163042528,0.030468323798
0.257470732300,-0.056108638982,0.003206584948,0.035157160372
0.254843480000,-0.056197822302,0.003186817954,0.065757440674
0.252216227600,-0.056362452614,0.003305570254,0.085061547235
0.249588975200,-0.056552330754,0.003376729278,0.115551977106
0.246961722900,-0.056896238009,0.003425837472,0.186639543035
0.244334470500,-0.057431029971,0.003667948127,0.219282065412
0.241707218100,-0.057920820140,0.003925807110,0.226474670491
0.239079965700,-0.058523804751,0.004101818533,0.235629890597
0.236452713400,-0.059057566849,0.004285071587,0.164580195203
0.233825461000,-0.059315160401,0.004482768464,0.093767872490
0.231198208600,-0.059471631925,0.004579695840,0.080362426037
0.228570956300,-0.059651923419,0.004707463929,0.056328077508
0.225943703900,-0.059714976984,0.004848595777,0.010244642475
0.223316451500,-0.059645388700,0.004957797523,0.015465886267
0.220689199100,-0.059718286043,0.005038948017,0.049376578325
0.218061946800,-0.059841437107,0.005054967820,0.070653150185
0.215434694400,-0.060024258965,0.004978625845,0.080297474902
0.212807442000,-0.060229030111,0.004870359070,0.096317959716
0.210180189700,-0.060543014278,0.004697978913,0.140702534330
0.207552937300,-0.061026403382,0.004429151961,0.153230953365
0.204925684900,-0.061432946658,0.004093482366,0.119513304224
0.202298432500,-0.061777273687,0.003417544120,0.116001012509
0.199671180200,-0.062151421150,0.002923228353,0.130179470547
0.197043927800,-0.062539410415,0.002502461669,0.211488261264
0.194416675400,-0.063226021328,0.002087908479,0.275585890377
0.191789423100,-0.063905550735,0.001817364050,0.205779726887
0.189162170700,-0.064240053341,0.001528015212,0.105196456766
0.186534918300,-0.064426872418,0.001236188042,0.028105931480
0.183907666000,-0.064374154348,0.001042829312,-0.003072163893
0.181280413600,-0.064374257095,0.000917540125,0.045914369090
0.178653161200,-0.064566650291,0.000720028036,0.077783967914
0.176025908800,-0.064705858478,0.000454851384,0.028817258810
0.173398656500,-0.064697919098,0.000279261246,-0.018489960026
0.170771404100,-0.064627993430,0.000169629407,-0.053433036231
0.168144151700,-0.064545813268,0.000145202332,-0.082598373483
0.165516899400,-0.064384073207,0.000248233654,-0.126820814992
0.162889647000,-0.064060838861,0.000254305701,-0.173840503903
0.160262394600,-0.063642713592,0.000298646312,-0.161666811850
0.157635142200,-0.063385351017,0.000327803345,-0.154328947668
0.155007889900,-0.063010226919,0.000309220763,-0.165911992007
0.152380637500,-0.062700825274,0.000461627309,-0.134939682539
0.149753385100,-0.062418838647,0.000605657389,-0.109983981755
0.147126132800,-0.062188173695,0.000723226559,-0.086799893204
0.144498880400,-0.062043334840,0.000876303263,-0.096859431321
0.141871628000,-0.061803148465,0.001031020900,-0.094917156658
0.139244375600,-0.061575622613,0.001209093961,-0.060470233588
0.136617123300,-0.061537332382,0.001307618622,-0.010579637125
0.133989870900,-0.061581980222,0.001475764071,0.012290119484
0.131362618500,-0.061635354060,0.001781702886,0.037270436150
0.128735366200,-0.061763365075,0.001970349141,0.079904797877
0.126108113800,-0.061995288466,0.001999387271,0.109939317215
0.123480861400,-0.062263561603,0.002254676799,0.109533579563
0.120853609000,-0.062611933518,0.002590241054,0.149521482731
0.118226356700,-0.063045847392,0.002730247459,0.171200953194
0.115599104300,-0.063397002231,0.002710975923,0.125322941473
0.112971851900,-0.063679401161,0.002781037232,0.078005560394
0.110344599600,-0.063870001240,0.003033765227,0.009163887872
0.107717347200,-0.063750051849,0.003268842898,-0.045467693001
0.105090094800,-0.063601383379,0.003491590878,-0.080223792123
0.102462842500,-0.063419384678,0.003583050245,-0.114399221654
0.099835590100,-0.063199380694,0.003564944895,-0.051235875270
0.097208337700,-0.063195629747,0.003608325430,0.020432881475
0.094581085300,-0.063424263399,0.003399892906,0.133540782226
0.091953833000,-0.063912816832,0.002864195752,0.235946776205
0.089326580600,-0.064433816584,0.002822479839,0.264360608115
0.086699328200,-0.065137166441,0.002837694497,0.229293832897
0.084072075900,-0.065642162008,0.002679691846,0.123377771105
0.081444823500,-0.065723714471,0.002541872655,0.022311995442
0.078817571100,-0.065610999609,0.002553609609,-0.011629444424
0.076190318700,-0.065479200876,0.002810576987,0.016344778131
0.073563066400,-0.065479315742,0.002978391238,0.047794818463
0.070935814000,-0.065460476110,0.003102796381,0.016437129452
0.068308561600,-0.065262409832,0.003208414571,0.016998739067
0.065681309300,-0.065273541018,0.003221750583,0.007955683765
0.063054056900,-0.065105489364,0.003422207986,-0.001629213383
0.060426804500,-0.065132442122,0.003511460272,0.070913626028
0.057799552100,-0.065216342793,0.003613664353,0.069186653225
0.055172299800,-0.065231348673,0.003637121946,0.038550845843
0.052545047400,-0.065076675819,0.003584413364,0.036539736764
0.049917795000,-0.065104662836,0.003676426046,0.133829917265
0.047290542700,-0.065464602312,0.003511676245,0.196422166341
0.044663290300,-0.065858626805,0.003285470587,0.223151303184
0.042036037900,-0.066387546779,0.003134569828,0.280068186304
0.039408785500,-0.067046771273,0.003013270990,0.291200701683
0.036781533200,-0.067700321144,0.002840323397,0.294633053249
0.034154280800,-0.068337104848,0.002752102241,0.251500041252
0.031527028400,-0.068767174362,0.002787333346,0.197338642919
0.028899776100,-0.069190835698,0.002794951125,0.150564402299
0.026272523700,-0.069450020983,0.002660167543,0.067193945074
0.023645271300,-0.069451463766,0.002491520044,0.066459490734
0.021018019000,-0.069715454468,0.002532247798,0.206445630735
0.018390766600,-0.070388794859,0.002455089701,0.247322496330
0.015763514200,-0.070801118152,0.002441396858,0.146089433068
0.013136261800,-0.070939743188,0.002356302106,0.053062619101
0.010509009500,-0.070890543842,0.002076613167,0.062680159443
0.007881757100,-0.070942814612,0.001898206062,0.081360290390
0.005254504700,-0.071032493752,0.001684755812,0.016536375931
0.002627252400,-0.070856954328,0.001455095240,-0.358508425687
0.000000000000,-0.069006044027,0.001079127189,-0.679658592892
