0.391460603250,0.031932941680,0.000648432569,0.679732960305
0.388833350880,0.030081270604,0.000747119221,0.295830445070
0.386206098510,0.030354616391,0.000859776197,-0.701942564224
0.383578846140,0.033767305050,0.001030968945,-0.681349326527
0.380951593770,0.033900434880,0.001344568169,0.177574265324
0.378324341400,0.032931160814,0.001558843985,0.234125184576
0.375697089030,0.032828845149,0.001439024192,0.096284247798
0.373069836660,0.032575103440,0.001460975000,-0.075018775921
0.370442584290,0.033209287070,0.001202232094,-0.088607769103
0.367815331920,0.033161544191,0.001004659463,-0.030360572151
0.365188079550,0.033480548739,0.000870900621,-0.081526287637
0.362560827170,0.033738592479,0.000799974644,-0.047703674081
0.359933574800,0.033869888997,0.000896614646,-0.000895396849
0.357306322430,0.033894933327,0.000922807140,0.000150820966
0.354679070060,0.034010380189,0.000968021212,-0.066652109423
0.352051817690,0.034318478599,0.000974634966,-0.092602442563
0.349424565320,0.034505998413,0.000921613652,-0.025216311397
0.346797312950,0.034603217688,0.001048595634,0.002467765330
0.344170060580,0.034770700583,0.001106915380,-0.012856640699
0.341542808210,0.034847411506,0.001016397857,0.035505654749
0.338915555840,0.034769077214,0.000967143036,0.050976023042
0.336288303460,0.034746983815,0.000965000996,0.023783263067
0.333661051090,0.034783747289,0.000979821098,0.016703957283
0.331033798720,0.034809413857,0.000946696043,0.010304628377
0.328406546350,0.034891599344,0.001005353576,-0.026075619893
0.325779293980,0.035058897375,0.001041479127,-0.044838694579
0.323152041610,0.035193718038,0.001130451954,-0.039831647466
0.320524789240,0.035333196466,0.001052546216,-0.048883169143
0.317897536870,0.035465206391,0.001217739315,0.209064936817
0.315270284500,0.034256414949,0.001440645615,0.043854032914
0.312643032100,0.035115547003,0.001660031685,-0.253849943673
0.310015779800,0.035450377132,0.001972821388,-0.083761357963
0.307388527400,0.035462339748,0.002294951496,-0.061480552016
0.304761275000,0.035618362139,0.002717605480,-0.086852132962
0.302134022600,0.035714159624,0.003012528371,-0.075007406853
0.299506770300,0.035783891068,0.003235856067,-0.074431609940
0.296879517900,0.035916333147,0.003416884991,-0.053317787537
0.294252265500,0.035929679418,0.003612975814,0.000622456218
0.291625013200,0.035842138896,0.003637732542,0.009655827935
0.288997760800,0.035831465875,0.003647583791,0.010311073099
0.286370508400,0.035747060467,0.003715090952,0.020326417741
0.283743256000,0.035698657774,0.003665397747,0.004399497889
0.281116003700,0.035762756207,0.003582665545,0.018937980335
0.278488751300,0.035721523725,0.003428235405,0.040162834207
0.275861498900,0.035671498572,0.003259683540,0.036950317759
0.273234246600,0.035676705704,0.003119026885,0.032518023278
0.270606994200,0.035640050953,0.002972615401,0.039247033439
0.267979741800,0.035610618927,0.002898619268,0.036202013893
0.265352489400,0.035565282385,0.002730030582,0.069541880843
0.262725237100,0.035305875398,0.002608976898,0.108820836031
0.260097984700,0.035042016328,0.002427788979,0.087840265757
0.257470732300,0.034856448129,0.002333039863,0.069529129587
0.254843480000,0.034652733227,0.002373494885,0.038161108147
0.252216227600,0.034589669990,0.002417419111,0.002488054884
0.249588975200,0.034538130404,0.002597642147,0.005401396356
0.246961722900,0.034537299725,0.002843897837,-0.016912575086
0.244334470500,0.034605295382,0.003116907598,-0.017327955063
0.241707218100,0.034667402063,0.003211503853,-0.035012869944
0.239079965700,0.034822807690,0.003281253233,-0.054903114309
0.236452713400,0.035003320293,0.003253284394,-0.054978615690
0.233825461000,0.035134848404,0.003206492866,-0.025866979990
0.231198208600,0.035173712974,0.003206761181,0.001926729319
0.228570956300,0.035161124739,0.003095571000,0.019826977256
0.225943703900,0.035101283068,0.003023106248,0.033110403159
0.223316451500,0.034974392684,0.003006193903,-0.012456645291
0.220689199100,0.035178470081,0.002858587875,-0.128692476080
0.218061946800,0.035652600780,0.002843427299,-0.005878155927
0.215434694400,0.035192999118,0.002873549560,0.113557457485
0.212807442000,0.035077361196,0.002831360635,0.071584141413
0.210180189700,0.034810659137,0.002640125854,0.107813149555
0.207552937300,0.034488901643,0.002355644559,0.110748121479
0.204925684900,0.034168041662,0.002145017312,0.115680291495
0.202298432500,0.033905805704,0.002041823344,0.083040834360
0.199671180200,0.033732395268,0.002041451780,0.034449544529
0.197043927800,0.033700141173,0.002151125453,0.008161748687
0.194416675400,0.033669873018,0.002216376135,-0.007094859421
0.191789423100,0.033748858582,0.002255301993,-0.015399254158
0.189162170700,0.033740501829,0.002300885481,-0.009820914625
0.186534918300,0.033744780849,0.002265381016,-0.013007826143
0.183907666000,0.033774004368,0.002300379866,0.006823468091
0.181280413600,0.033687512576,0.002453296963,0.029807692675
0.178653161200,0.033584489318,0.002512232803,0.021396883307
0.176025908800,0.033559643500,0.002514020113,0.018935513679
0.173398656500,0.033516577373,0.002593861605,0.050617764295
0.170771404100,0.033353557064,0.002554333540,0.047046227900
0.168144151700,0.033312707844,0.002466300643,0.041755401318
0.165516899400,0.033193461998,0.002383713536,0.093076693323
0.162889647000,0.032914261334,0.002238186299,0.114758738308
0.160262394600,0.032701720480,0.002191613526,0.132699951253
0.157635142200,0.032323131481,0.002135488226,0.170895289855
0.155007889900,0.031854988545,0.001970035852,0.139956609858
0.152380637500,0.031601242405,0.001807887466,0.088184690691
0.149753385100,0.031375525231,0.001618321827,0.050273702743
0.147126132800,0.031311398287,0.001383300105,0.017549091250
0.144498880400,0.031286090244,0.001297133195,0.036455171268
0.141871628000,0.031153981522,0.001121134606,0.071786021340
0.139244375600,0.030881408361,0.000817183443,0.102786242333
0.136617123300,0.030542695672,0.000583125860,0.100789555318
0.133989870900,0.030279834532,0.000522276141,0.048711512968
0.131362618500,0.030249777352,0.000376963795,-0.074955970402
0.128735366200,0.030633832356,0.000279106653,-0.196073311734
0.126108113800,0.031272508413,0.000423422459,-0.260978499392
0.123480861400,0.031936715653,0.000416737065,-0.208372188511
0.120853609000,0.032245827900,0.000408166238,-0.139492674390
0.118226356700,0.032517154492,0.000602428492,-0.136399375683
0.115599104300,0.032936499900,0.000693677890,-0.159408709457
0.112971851900,0.033355051330,0.000551443549,-0.119825647815
0.110344599600,0.033516908110,0.000564297255,-0.079950678253
0.107717347200,0.033702420137,0.000659189804,-0.041246011043
0.105090094800,0.033654828054,0.000691805617,0.056826475253
0.102462842500,0.033395737107,0.000720800967,0.125270689713
0.099835590100,0.033045067720,0.000813977149,0.158851784380
0.097208337700,0.032606245469,0.000897734822,0.158629237467
0.094581085300,0.032371695696,0.000992067094,0.073415571996
0.091953833000,0.032309837320,0.000973662914,0.017329584727
0.089326580600,0.032396664143,0.000955584377,0.017728317799
0.086699328200,0.032394143448,0.000887599671,0.078314587540
0.084072075900,0.032215610771,0.000860434463,0.138908883408
0.081444823500,0.031946747908,0.000884913554,0.216009568857
0.078817571100,0.031455374751,0.000991614186,0.285341934981
0.076190318700,0.030843762403,0.001049009709,0.330935094955
0.073563066400,0.030121569848,0.001008772172,0.329071863226
0.070935814000,0.029559125152,0.000983243867,0.280372633633
0.068308561600,0.029011034559,0.001061266316,0.282122658685
0.065681309300,0.028459940777,0.001028511102,0.248985381185
0.063054056900,0.028068660062,0.001051155380,0.188003185665
0.060426804500,0.027716428996,0.001156902356,0.168486997262
0.057799552100,0.027419705962,0.001178110652,0.148900993795
0.055172299800,0.027216619355,0.001269500510,0.074347011122
0.052545047400,0.027199081996,0.001262318969,0.048490531500
0.049917795000,0.027087558053,0.001181305249,0.051739279338
0.047290542700,0.027069283327,0.001316147517,0.005291639440
0.044663290300,0.027158356788,0.001319610778,-0.017430094460
0.042036037900,0.027187893427,0.001223111787,0.000772415621
0.039408785500,0.027179780882,0.001212633604,0.012052442132
0.036781533200,0.027112716021,0.001098240575,0.012424124359
0.034154280800,0.027028689044,0.001107688881,0.057929226527
0.031527028400,0.026762993566,0.001209114022,0.114051249294
0.028899776100,0.026416617260,0.001156991885,0.144812960641
0.026272523700,0.026008566744,0.001130264985,0.296507135168
0.023645271300,0.024871403715,0.000882327697,0.261733936650
0.021018019000,0.024598255210,0.000859005528,-0.086282624734
0.018390766600,0.025298350552,0.001090458949,-0.140720165668
0.015763514200,0.025334272595,0.001410370813,-0.010781400223
0.013136261800,0.025309057093,0.001356183969,0.000721142660
0.010509009500,0.025335367716,0.001280535306,-0.015583230083
0.007881757100,0.025393271324,0.001005041956,0.002343369384
0.005254504700,0.025374112576,0.000628811027,0.009858547161
0.002627252400,0.025406375472,0.000362814664,0.606497534664
0.000000000000,0.022200237359,0.000104931691,1.212554881292
