0.391460603250,0.053431436843,0.000607704761,0.283852291913
0.388833350880,0.052756241500,0.000820796276,0.365886524593
0.386206098510,0.051532850945,0.000907813412,0.354721017081
0.383578846140,0.050877874487,0.000984286401,0.224178410710
0.380951593770,0.050358406413,0.001042249031,-0.277139052307
0.378324341400,0.052247768952,0.001186584223,-0.374884010596
0.375697089030,0.052239455617,0.001249669439,-0.263467390174
0.373069836660,0.053619236234,0.001365468031,-0.435541324725
0.370442584290,0.054486129648,0.001370480212,-0.254646484041
0.367815331920,0.055029521674,0.001260712931,-0.146118130989
0.365188079550,0.055334308256,0.001333350761,-0.070298362336
0.362560827170,0.055491760866,0.001383132361,-0.020600240228
0.359933574800,0.055546768440,0.001462881283,-0.004155592566
0.357306322430,0.055593843871,0.001436905488,0.027989993568
0.354679070060,0.055465560018,0.001433002066,0.002024320107
0.352051817690,0.055537387638,0.001441309015,-0.019213402418
0.349424565320,0.055632462530,0.001435452076,0.013410847295
0.346797312950,0.055663130550,0.001406376880,0.033638984814
0.344170060580,0.055675867582,0.001407481900,0.016629932214
0.341542808210,0.055638490323,0.001494416417,-0.008871341872
0.338915555840,0.055614439313,0.001448059314,-0.064614955121
0.336288303460,0.055631406557,0.001516046217,0.016338591737
0.333661051090,0.055525902970,0.001496526309,0.031325124792
0.331033798720,0.055498804007,0.001378720305,0.004659015227
0.328406546350,0.055495737124,0.001377698357,0.005709992360
0.325779293980,0.055478870848,0.001281202907,-0.006071597038
0.323152041610,0.055588980506,0.001358167952,-0.024378125683
0.320524789240,0.055685171761,0.001339615264,-0.015484110189
0.317897536870,0.055729809767,0.001324070511,-0.008505253019
0.315270284500,0.055762990913,0.001379755182,-0.032953299230
0.312643032100,0.055919979919,0.001373640845,-0.062645839960
0.310015779800,0.056011824950,0.001557673081,-0.058922274969
0.307388527400,0.056114328418,0.001785521633,-0.076582805155
0.304761275000,0.056275412021,0.002061797448,-0.098627412834
0.302134022600,0.056424647520,0.002336390798,-0.074878527083
0.299506770300,0.056489809755,0.002557941614,-0.037680516682
0.296879517900,0.056460993613,0.002797653793,-0.015198437695
0.294252265500,0.056496042220,0.003109663104,-0.025588924142
0.291625013200,0.056479329741,0.003235236295,-0.026350516151
0.288997760800,0.056513443387,0.003233145769,-0.034206207090
0.286370508400,0.056473276397,0.003325566265,-0.001977394161
0.283743256000,0.056433767342,0.003459534813,0.006078192480
0.281116003700,0.056365346255,0.003422679672,0.027519051233
0.278488751300,0.056252780697,0.003438370806,0.046151480299
0.275861498900,0.056142154934,0.003448382229,0.009620311331
0.273234246600,0.056219119917,0.003230006556,-0.015957742490
0.270606994200,0.056155671911,0.003083575436,0.033162974439
0.267979741800,0.056020464087,0.002970510218,0.016647301052
0.265352489400,0.056027079547,0.002876760327,0.036464888521
0.262725237100,0.055825989786,0.002483965839,0.072554785248
0.260097984700,0.055608134039,0.002201346640,0.044066456935
0.257470732300,0.055540384159,0.002141680207,0.043980281607
0.254843480000,0.055322188965,0.002216036278,0.065174656608
0.252216227600,0.055161079601,0.002424089918,0.038440943163
0.249588975200,0.055154697001,0.002651308619,0.001337739888
0.246961722900,0.055131145753,0.003009481921,-0.001747923677
0.244334470500,0.055180321350,0.003185760859,-0.024470089238
0.241707218100,0.055296703250,0.003266578198,-0.050853542120
0.239079965700,0.055457591281,0.003232351271,-0.082327686368
0.236452713400,0.055715580942,0.003226776343,-0.087354252766
0.233825461000,0.055928306451,0.003196982621,-0.063487924638
0.231198208600,0.056040427058,0.003092896279,-0.036167536949
0.228570956300,0.056083875332,0.003027300934,0.003995684913
0.225943703900,0.056018577702,0.002974944768,0.002376591878
0.223316451500,0.056069571526,0.002926613321,-0.037515066694
0.220689199100,0.056243923221,0.002980892429,-0.022750995391
0.218061946800,0.056244479870,0.002945225835,0.001850652942
0.215434694400,0.056291244621,0.002905223451,0.015508235945
0.212807442000,0.056174360556,0.002853428320,0.067018686315
0.210180189700,0.055910473770,0.002748878543,0.101302505547
0.207552937300,0.055665706482,0.002462312074,0.099953352315
0.204925684900,0.055442001414,0.002240164271,0.079851500728
0.202298432500,0.055325228724,0.002132458966,0.067919596130
0.199671180200,0.055183425391,0.002184155747,0.098993640360
0.197043927800,0.054923895059,0.002221145525,0.087343784289
0.194416675400,0.054815316975,0.002258593413,0.031301304308
0.191789423100,0.054807131333,0.002263615547,-0.002076200814
0.189162170700,0.054861573301,0.002292866060,-0.018417359153
0.186534918300,0.054823723831,0.002286325760,0.008715523726
0.183907666000,0.054818563600,0.002203157933,0.007989864890
0.181280413600,0.054813508247,0.002282515274,0.021828493796
0.178653161200,0.054710437193,0.002406650937,0.040971749643
0.176025908800,0.054607750881,0.002466215615,0.177054962559
0.173398656500,0.053781967916,0.002489192176,0.047980598137
0.170771404100,0.054423130318,0.002391620835,-0.125943610141
0.168144151700,0.054451982697,0.002392160757,0.003098632433
0.165516899400,0.054442610887,0.002307343769,0.048411954651
0.162889647000,0.054215900937,0.002279925667,0.120714409768
0.160262394600,0.053844167440,0.002140081048,0.179615685171
0.157635142200,0.053376272662,0.001978428930,0.192624661835
0.155007889900,0.052944436108,0.001898480976,0.171030175973
0.152380637500,0.052589410843,0.001798836888,0.136456850827
0.149753385100,0.052298352350,0.001606912312,0.113321992083
0.147126132800,0.052046593190,0.001423604757,0.113633171897
0.144498880400,0.051873497011,0.001169180452,0.092925131018
0.141871628000,0.051740314850,0.000869702819,0.101584149004
0.139244375600,0.051432847570,0.000629036243,0.138787537456
0.136617123300,0.051055525753,0.000354528691,0.140468514601
0.133989870900,0.050754729735,0.000272522538,0.042174734630
0.131362618500,0.050858360740,0.000122409180,-0.134574686250
0.128735366200,0.051323344196,-0.000184011920,-0.227460468875
0.126108113800,0.051944818534,-0.000366522655,-0.234755900889
0.123480861400,0.052418329074,-0.000272444245,-0.124396585666
0.120853609000,0.052457522491,-0.000126864913,-0.037663513343
0.118226356700,0.052462904692,-0.000087310538,-0.024968449045
0.115599104300,0.052474421006,-0.000031245752,-0.070117697677
0.112971851900,0.052722434302,-0.000073266201,-0.102749060242
0.110344599600,0.052966479906,-0.000131169769,-0.056153275974
0.107717347200,0.052999161080,-0.000146643218,0.055057518366
0.105090094800,0.052695508860,-0.000177515399,0.126074768591
0.102462842500,0.052364869063,-0.000275189960,0.168144496045
0.099835590100,0.051803952007,-0.000402032247,0.193992359744
0.097208337700,0.051341553595,-0.000337387761,0.106611958518
0.094581085300,0.051225586145,-0.000196844492,0.058883431355
0.091953833000,0.051007399136,0.000020772610,0.046700756907
0.089326580600,0.051016384577,0.000200604398,-0.010358609697
0.086699328200,0.051072307558,0.000348780405,0.012404289739
0.084072075900,0.050939180751,0.000463670809,0.071320963339
0.081444823500,0.050740324887,0.000613301590,0.116067794778
0.078817571100,0.050378729965,0.000738215194,0.153866608237
0.076190318700,0.050006784580,0.000801206793,0.181398006824
0.073563066400,0.049444142509,0.000869173101,0.216842800946
0.070935814000,0.048929702517,0.000955332528,0.193337312774
0.068308561600,0.048515926438,0.001089986869,0.149699197962
0.065681309300,0.048242209900,0.001102291441,0.125603505882
0.063054056900,0.047965774194,0.001192451966,0.074900006715
0.060426804500,0.047895699410,0.001263048272,0.029393003299
0.057799552100,0.047814959948,0.001216581372,0.040381047191
0.055172299800,0.047760581840,0.001252631877,0.016050088553
0.052545047400,0.047861688714,0.001208936839,-0.004797939428
0.049917795000,0.047896372571,0.001198040798,0.013460375344
0.047290542700,0.047905414410,0.001265621260,0.045544882540
0.044663290300,0.047699026623,0.001184727237,0.088955824447
0.042036037900,0.047457098680,0.001162460446,0.048523454330
0.039408785500,0.047412433964,0.001135461801,0.000520212976
0.036781533200,0.047453020171,0.001021990537,0.015841067213
0.034154280800,0.047366703052,0.000811585789,0.085782496456
0.031527028400,0.047018194176,0.000717663731,0.153115441818
0.028899776100,0.046557686389,0.000612337512,0.144953546499
0.026272523700,0.046217504818,0.000582681652,0.115044941181
0.023645271300,0.045927858033,0.000468115030,0.132897517467
0.021018019000,0.045485768738,0.000511989084,0.116215256300
0.018390766600,0.045326368385,0.000608034980,0.050777097311
0.015763514200,0.045230760149,0.000650459256,0.017065921189
0.013136261800,0.045193022359,0.000539992025,-0.038879354707
0.010509009500,0.045386123058,0.000567032539,-0.120888079439
0.007881757100,0.045741906017,0.000534332291,-0.177507642654
0.005254504700,0.046276379178,0.000438881719,-0.155687143810
0.002627252400,0.046548141034,0.000156800411,2.000249959806
0.000000000000,0.035854450119,-0.000120192256,4.072220916139
