0.391460603250,0.001829385768,-0.000229746684,-0.164078545664
0.388833350880,0.002272539973,-0.000158143299,-0.100086816866
0.386206098510,0.002329845143,0.000049971607,0.005461704827
0.383578846140,0.002126331984,-0.000072050639,-0.158985838612
0.380951593770,0.003094222853,0.000017969264,-0.054239173917
0.378324341400,0.002337207810,0.000114411792,0.292947982326
0.375697089030,0.001523939854,0.000042839151,0.239755786117
0.373069836660,0.001089505718,-0.000125006440,0.174598633042
0.370442584290,0.000662882244,-0.000178389711,0.113380167367
0.367815331920,0.000538019510,-0.000327634392,0.076246882205
0.365188079550,0.000234517640,-0.000405123006,0.062354045860
0.362560827170,0.000121372414,-0.000304520933,0.003378566763
0.359933574800,0.000129806175,-0.000286551025,-0.029522205136
0.357306322430,0.000211486212,-0.000228702297,-0.014533017788
0.354679070060,0.000129495445,-0.000099146956,-0.037027164957
0.352051817690,0.000294566840,0.000048152317,-0.110551087450
0.349424565320,0.000592141961,0.000170627836,-0.148146253957
0.346797312950,0.000963257224,0.000365556895,-0.213448984021
0.344170060580,0.001597651806,0.000489797202,-0.298152917168
0.341542808210,0.002434951763,0.000576760082,-0.319070396529
0.338915555840,0.003174989389,0.000795627811,-0.242051329910
0.336288303460,0.003596764419,0.000944723526,-0.154417037905
0.333661051090,0.003858141503,0.001089213369,-0.096609495964
0.331033798720,0.003985439566,0.001276665359,-0.077517689020
0.328406546350,0.004163802390,0.001334479396,-0.095537292129
0.325779293980,0.004473007913,0.001485280211,-0.090670005242
0.323152041610,0.004652944883,0.001554467192,-0.037682723917
0.320524789240,0.004629012451,0.001563427046,0.000400204165
0.317897536870,0.004605402239,0.001639718326,-0.008869718566
0.315270284500,0.004594173012,0.001657875286,0.002307244145
0.312643032100,0.004533189431,0.001760254081,0.028054315432
0.310015779800,0.004420190310,0.001865677617,0.072287873875
0.307388527400,0.004137342322,0.001935432071,0.096088213791
0.304761275000,0.003894776788,0.001990412373,0.063320773370
0.302134022600,0.003765847777,0.002102870052,0.048116374257
0.299506770300,0.003629708318,0.002145511500,0.037467492234
0.296879517900,0.003605269792,0.002137052843,0.013435234680
0.294252265500,0.003611600055,0.002197433167,-0.019878918197
0.291625013200,0.003702278306,0.002301352296,-0.061686729906
0.288997760800,0.003925993407,0.002279687257,-0.079028650423
0.286370508400,0.004007616112,0.002231778146,-0.033163280618
0.283743256000,0.004078295760,0.002229498787,-0.023584612228
0.281116003700,0.004197664739,0.002248483957,-0.017014330358
0.278488751300,0.004258294380,0.002175406882,-0.006790864733
0.275861498900,0.004384175293,0.002026716208,-0.000088810896
0.273234246600,0.004414337039,0.001905502370,0.020398435386
0.270606994200,0.004453334729,0.001700258848,0.035612812493
0.267979741800,0.004457648161,0.001473669468,0.015975355841
0.265352489400,0.004534486944,0.001197293067,-0.009538844750
0.262725237100,0.004667515294,0.001023798609,0.003890797134
0.260097984700,0.004675793147,0.000847046420,0.021905933230
0.257470732300,0.004737884076,0.000665994151,0.020352350580
0.254843480000,0.004785740437,0.000630597786,0.084652937682
0.252216227600,0.004563339180,0.000474609666,0.152947753105
0.249588975200,0.004276746241,0.000539342989,0.170280702768
0.246961722900,0.003943853774,0.000835421908,0.183768365603
0.244334470500,0.003573078404,0.001104682538,0.185183278602
0.241707218100,0.003240920198,0.001425131524,0.176043793838
0.239079965700,0.002906151960,0.001872739374,0.156916670904
0.236452713400,0.002669341529,0.002187021309,0.119134958925
0.233825461000,0.002493847518,0.002366730996,0.109784220680
0.231198208600,0.002279509609,0.002593572880,0.127838956160
0.228570956300,0.001985854186,0.002854176722,0.145514758030
0.225943703900,0.001679283280,0.003057871844,0.165468765831
0.223316451500,0.001275992413,0.003317923917,0.174469451747
0.220689199100,0.000891422615,0.003534577935,0.164846566881
0.218061946800,0.000484839025,0.003793119775,0.137408210457
0.215434694400,0.000194580500,0.003929099640,0.111311110356
0.212807442000,-0.000110177914,0.003869511905,0.109656760471
0.210180189700,-0.000421800179,0.003750735334,0.083920745847
0.207552937300,-0.000591435380,0.003400099119,0.041419326562
0.204925684900,-0.000789659628,0.003002886182,0.039014846410
0.202298432500,-0.000995089368,0.002716541441,0.055894725709
0.199671180200,-0.001260955258,0.002459181269,0.089202964644
0.197043927800,-0.001598465322,0.002217006581,0.071466405245
0.194416675400,-0.001804516732,0.002117424903,0.016103772139
0.191789423100,-0.001926250683,0.002064052482,-0.011886741205
0.189162170700,-0.002037274505,0.002082439886,-0.058631727262
0.186534918300,-0.001903269488,0.001991510022,-0.113585508556
0.183907666000,-0.001714711528,0.002030295870,-0.110671582084
0.181280413600,-0.001553351142,0.002141609652,-0.084778956288
0.178653161200,-0.001531242588,0.002266499805,-0.061116206683
0.176025908800,-0.001513327633,0.002224185116,-0.081408031867
0.173398656500,-0.001362204450,0.002252980030,-0.085239841850
0.170771404100,-0.001330170080,0.002338685511,-0.057886186059
0.168144151700,-0.001297240052,0.002289516903,-0.076272807293
0.165516899400,-0.001144087545,0.002210258818,-0.109799333153
0.162889647000,-0.000948562329,0.002163584274,-0.120403762821
0.160262394600,-0.000715817482,0.002098267202,-0.130861828362
0.157635142200,-0.000504103241,0.002089699181,-0.113966207366
0.155007889900,-0.000370474284,0.002041657381,-0.126735230750
0.152380637500,-0.000068806741,0.002011118801,-0.183821472913
0.149753385100,0.000343975944,0.002102918526,-0.219530351227
0.147126132800,0.000862028504,0.002280537425,-0.221218460849
0.144498880400,0.001387988884,0.002310089163,-0.180696144970
0.141871628000,0.001706065531,0.002336626130,-0.135566427983
0.139244375600,0.001961749846,0.002355345825,-0.103909445175
0.136617123300,0.002117939660,0.002240282935,-0.073219327495
0.133989870900,0.002224007874,0.002182748449,-0.020025056932
0.131362618500,0.002119750100,0.002237909053,0.058847876473
0.128735366200,0.001895977888,0.002160362572,0.059053902443
0.126108113800,0.001776457007,0.002004407165,0.052781091980
0.123480861400,0.001598835331,0.001726439902,0.075979736516
0.120853609000,0.001327878186,0.001438976600,0.088520230704
0.118226356700,0.001154914122,0.001400829233,0.075518624122
0.115599104300,0.000989907498,0.001288234713,0.087298111956
0.112971851900,0.000771381807,0.001026793294,0.105319188557
0.110344599600,0.000529332948,0.000826547765,0.141034043215
0.107717347200,0.000101300766,0.000841213801,0.144169213529
0.105090094800,-0.000201025306,0.000898416794,0.085961436761
0.102462842500,-0.000301962023,0.000793268554,0.062960168825
0.099835590100,-0.000454237969,0.000421797591,0.046177938050
0.097208337700,-0.000549870655,0.000090902738,0.082739522609
0.094581085300,-0.000921604303,-0.000020128295,0.191041398055
0.091953833000,-0.001464673531,-0.000350175222,0.236952299899
0.089326580600,-0.002029494225,-0.000597566140,0.201496183792
0.086699328200,-0.002323929591,-0.000849970688,0.084299621644
0.084072075900,-0.002256404709,-0.001009895870,-0.014047618934
0.081444823500,-0.002108123494,-0.000962217060,0.003435605983
0.078817571100,-0.002124906176,-0.000838818295,0.026978359369
0.076190318700,-0.002097841955,-0.000717628679,0.037863915178
0.073563066400,-0.002197254880,-0.000522214284,0.062197568254
0.070935814000,-0.002333645099,-0.000364024698,0.044885279428
0.068308561600,-0.002377097791,-0.000175909472,-0.002478694585
0.065681309300,-0.002277080258,0.000051711666,-0.036841452266
0.063054056900,-0.002207914979,0.000167588785,-0.017165104373
0.060426804500,-0.002173177499,0.000261214371,-0.003762528487
0.057799552100,-0.002058230378,0.000398917225,-0.030620059812
0.055172299800,-0.001977988922,0.000437904336,-0.004909522105
0.052545047400,-0.002094706791,0.000472139391,0.028145748301
0.049917795000,-0.002203139834,0.000648029128,0.059800375250
0.047290542700,-0.002472990847,0.000776242366,0.105165451533
0.044663290300,-0.002842503330,0.001034425823,0.131846121444
0.042036037900,-0.003170597709,0.000906298576,0.147226453316
0.039408785500,-0.003529418704,0.000936782280,0.183068427442
0.036781533200,-0.003943987365,0.000842487486,0.175847410711
0.034154280800,-0.004341748309,0.000732314582,0.168556563842
0.031527028400,-0.004642803933,0.000722629170,0.174336303040
0.028899776100,-0.005102879303,0.000595455216,0.186924772479
0.026272523700,-0.005460188914,0.000382048656,0.006139247687
0.023645271300,-0.004923822476,0.000373121098,-0.056923849535
0.021018019000,-0.004988801733,0.000501954892,0.386787452112
0.018390766600,-0.006874200265,0.000532933922,0.570316538496
0.015763514200,-0.007726558397,0.000486798934,0.284384417774
0.013136261800,-0.008096159329,0.000489211575,0.125261715342
0.010509009500,-0.008233404791,0.000478177717,-0.037986761006
0.007881757100,-0.007862778354,0.000420807395,-0.149952416892
0.005254504700,-0.007447329502,0.000341794707,-0.212133941366
0.002627252400,-0.006691501753,0.000314118962,-0.468241144456
0.000000000000,-0.004895666647,0.000364928108,-0.661296579910
