0.391460603250,0.000491744350,0.000131601155,-0.561026661897
0.388833350880,0.001909721657,0.000326883158,-0.455646714030
0.386206098510,0.002763371225,0.000442639097,-0.213561077715
0.383578846140,0.003080961296,0.000629762982,-0.128151397858
0.380951593770,0.003411951750,0.000643797042,0.220376532305
0.378324341400,0.001929710215,0.000577979598,0.141292224050
0.375697089030,0.002694702624,0.000699988321,-0.225555101298
0.373069836660,0.003092104433,0.000823907407,-0.109804909124
0.370442584290,0.003197908940,0.000949101804,-0.056298957460
0.367815331920,0.003282496130,0.001063092120,-0.051413912772
0.365188079550,0.003362018278,0.001163033726,-0.057653321694
0.362560827170,0.003471802731,0.001064130559,-0.045852534837
0.359933574800,0.003534553843,0.001159651127,-0.007691451359
0.357306322430,0.003531150412,0.001188324767,0.000254827208
0.354679070060,0.003546942133,0.001225976658,-0.015300361039
0.352051817690,0.003610195319,0.001346929030,-0.035630917453
0.349424565320,0.003752387339,0.001413449191,-0.027448748677
0.346797312950,0.003790732477,0.001564196878,-0.016105212498
0.344170060580,0.003883804533,0.001598176763,-0.039354030023
0.341542808210,0.004020459069,0.001624133801,-0.038957307089
0.338915555840,0.004069386668,0.001722489254,-0.014101278937
0.336288303460,0.004070962563,0.001642395955,-0.023630731644
0.333661051090,0.004105846785,0.001560846795,-0.031009206204
0.331033798720,0.004179013851,0.001501747924,-0.036708000323
0.328406546350,0.004262349031,0.001523955712,-0.032082325659
0.325779293980,0.004288510639,0.001568769035,-0.029518556622
0.323152041610,0.004347819049,0.001628308991,-0.043315377713
0.320524789240,0.004461310645,0.001627795906,-0.037504716700
0.317897536870,0.004461523756,0.001573808844,-0.037668155682
0.315270284500,0.004573898084,0.001502267736,-0.036337981993
0.312643032100,0.004581304051,0.001502874317,-0.009258425667
0.310015779800,0.004530071063,0.001505146891,-0.010785253237
0.307388527400,0.004498983129,0.001654101487,-0.006374148986
0.304761275000,0.004455747291,0.001762522113,-0.015965078383
0.302134022600,0.004495836965,0.001767472943,-0.014988313523
0.299506770300,0.004392884070,0.001930082620,-0.018465646367
0.296879517900,0.004424764800,0.002021495959,-0.036673781448
0.294252265500,0.004446420076,0.001988374613,-0.016984277674
0.291625013200,0.004380697234,0.002084636939,-0.005302487561
0.288997760800,0.004356285669,0.002226848256,-0.008998471556
0.286370508400,0.004352357805,0.002182599226,-0.004978043923
0.283743256000,0.004272464553,0.002223941154,-0.010568890457
0.281116003700,0.004245822465,0.002220010047,-0.004271282301
0.278488751300,0.004167049915,0.002164050032,-0.001064087191
0.275861498900,0.004138835618,0.002117389270,-0.018686049285
0.273234246600,0.004124043782,0.002007332142,-0.010612012036
0.270606994200,0.004047164714,0.001817689604,0.007160395255
0.267979741800,0.003992726072,0.001667992351,0.027876547254
0.265352489400,0.003837256397,0.001580231915,0.046550570270
0.262725237100,0.003658648305,0.001547655244,0.042187867893
0.260097984700,0.003553920180,0.001545812706,-0.003518059769
0.257470732300,0.003593543736,0.001720966219,-0.023216188530
0.254843480000,0.003572885692,0.002042173507,-0.014120410817
0.252216227600,0.003503769204,0.002376837591,-0.047949437337
0.249588975200,0.003592132841,0.002536784182,-0.079088290902
0.246961722900,0.003707975431,0.002625769950,-0.071075778882
0.244334470500,0.003766180945,0.002697506922,-0.055909850175
0.241707218100,0.003833711775,0.002738364490,-0.063990542183
0.239079965700,0.003951448751,0.002853757688,-0.064442974984
0.236452713400,0.004004707142,0.002933331234,-0.051625695404
0.233825461000,0.004057421168,0.003025894141,-0.042778431497
0.231198208600,0.004097019724,0.003188847356,-0.060187595595
0.228570956300,0.004266537481,0.003301895339,-0.092232959160
0.225943703900,0.004470207386,0.003506812555,-0.082730115192
0.223316451500,0.004620918632,0.003703611137,-0.069930472394
0.220689199100,0.004745770574,0.003819842400,-0.060332957040
0.218061946800,0.004829202391,0.003897990621,-0.043420299952
0.215434694400,0.004912004351,0.004035358132,-0.016390060929
0.212807442000,0.004907264244,0.004107272788,0.006554786557
0.210180189700,0.004857125987,0.004071425642,0.019476314074
0.207552937300,0.004794168755,0.004126957686,0.030628675762
0.204925684900,0.004757349057,0.004083210699,0.054535616326
0.202298432500,0.004675415957,0.004162548168,0.089427719426
0.199671180200,0.004510482408,0.004238935016,0.102846252730
0.197043927800,0.004352708733,0.004193705985,0.069875973694
0.194416675400,0.004283653420,0.004258645781,0.050712998183
0.191789423100,0.004199289066,0.004443028430,0.058187252851
0.189162170700,0.004087573861,0.004539327810,0.075905799158
0.186534918300,0.003975844380,0.004605573579,0.109307054824
0.183907666000,0.003768578972,0.004684235792,0.133758225549
0.181280413600,0.003509833767,0.004712644454,0.155595047110
0.178653161200,0.003221602990,0.004824409324,0.130219279049
0.176025908800,0.003011283985,0.004928702518,0.114782479851
0.173398656500,0.002795977520,0.005003427021,0.091586523823
0.170771404100,0.002657864678,0.004970551657,0.057833523751
0.168144151700,0.002616076231,0.004916912354,0.004724489893
0.165516899400,0.002741159269,0.004887059287,0.011414212373
0.162889647000,0.002704406993,0.004832378562,0.079172843490
0.160262394600,0.002491688650,0.004616164769,0.139391125088
0.157635142200,0.002223210725,0.004568041203,0.157280986395
0.155007889900,0.001883291881,0.004628650274,0.141121023553
0.152380637500,0.001660574453,0.004586002745,0.077578365570
0.149753385100,0.001626534292,0.004336456929,0.049144878689
0.147126132800,0.001585582894,0.004065413352,0.086838861204
0.144498880400,0.001352115856,0.003947002782,0.124747306158
0.141871628000,0.001170021339,0.003870631481,0.125883068867
0.139244375600,0.000931696285,0.003654892399,0.117306530013
0.136617123300,0.000728938414,0.003490323971,0.118967751984
0.133989870900,0.000540339877,0.003260712236,0.090513790138
0.131362618500,0.000557844960,0.003096512966,0.033151861564
0.128735366200,0.000708539485,0.003078483499,0.027271213657
0.126108113800,0.000774476150,0.002955115908,0.069036263796
0.123480861400,0.000652100357,0.002943828957,0.132240481530
0.120853609000,0.000363870796,0.003074918799,0.144138883463
0.118226356700,0.000185044910,0.003116986892,0.103261011162
0.115599104300,0.000064283097,0.003150409743,0.095155398831
0.112971851900,-0.000120205770,0.003195577088,0.091041109549
0.110344599600,-0.000231913934,0.003293848095,0.073240825021
0.107717347200,-0.000354835497,0.003432741014,0.108967529605
0.105090094800,-0.000706938334,0.003461957149,0.145794361562
0.102462842500,-0.001015053786,0.003483814815,0.167421745102
0.099835590100,-0.001448439786,0.003620734514,0.200079184306
0.097208337700,-0.001921698056,0.003511004541,0.195787859443
0.094581085300,-0.002308605897,0.003412478027,0.246690566761
0.091953833000,-0.003016878120,0.003458676146,0.277144268209
0.089326580600,-0.003569658542,0.003575895982,0.213964651766
0.086699328200,-0.003956682280,0.003492387748,0.163798121014
0.084072075900,-0.004266575659,0.003556426194,0.105637799863
0.081444823500,-0.004371500666,0.003561343855,0.056615622564
0.078817571100,-0.004426236234,0.003558355113,0.012846811868
0.076190318700,-0.004320203015,0.003655538603,-0.024995280585
0.073563066400,-0.004244766674,0.003752598588,-0.008035311481
0.070935814000,-0.004240210035,0.003772338540,-0.018021564993
0.068308561600,-0.004103783051,0.003851643058,-0.080608543552
0.065681309300,-0.003804468478,0.003898257466,-0.101596020347
0.063054056900,-0.003588472054,0.003953552848,-0.073919256901
0.060426804500,-0.003369314150,0.004011505245,-0.077326744663
0.057799552100,-0.003110577741,0.003994270693,-0.054131588766
0.055172299800,-0.003050481658,0.003846920731,0.154871733142
0.052545047400,-0.003895535326,0.003894497412,0.042249133486
0.049917795000,-0.003258790662,0.003549740710,-0.005828351966
0.047290542700,-0.003862260345,0.003397905664,0.175091687727
0.044663290300,-0.004164052093,0.003172159087,0.098794984026
0.042036037900,-0.004383277149,0.002853541962,0.072965219214
0.039408785500,-0.004572301103,0.002730236241,0.057216828952
0.036781533200,-0.004741678621,0.002459643589,0.036699642727
0.034154280800,-0.004741962436,0.002221912949,0.042091020895
0.031527028400,-0.004976376338,0.002225229335,0.116641705510
0.028899776100,-0.005393407406,0.002011764805,0.111700302665
0.026272523700,-0.005585990982,0.001831602610,-0.085689139770
0.023645271300,-0.004979067422,0.001768070985,-0.069581122453
0.021018019000,-0.005243614163,0.001867903512,0.261104505194
0.018390766600,-0.006339724913,0.002086593636,0.087321236312
0.015763514200,-0.005661412163,0.002016187124,0.181641226036
0.013136261800,-0.007156659063,0.001836821024,0.378391990466
0.010509009500,-0.007463103288,0.001631590000,0.093234021445
0.007881757100,-0.007518196070,0.001329766487,-0.025338932021
0.005254504700,-0.007235946606,0.001012585384,-0.237707620865
0.002627252400,-0.006182175986,0.000670764753,-0.572316768751
0.000000000000,-0.004096028049,0.000421314349,-0.763969705077
