0.391460603250,0.022050541930,-0.000002653655,0.608293352500
0.388833350880,0.020461143830,-0.000170538518,-0.127946696133
0.386206098510,0.022694762515,-0.000294909206,-0.110585345995
0.383578846140,0.021010126322,-0.000426772124,0.315887316479
0.380951593770,0.021076641168,-0.000507279403,0.223607532223
0.378324341400,0.019926782344,-0.000597611057,0.207098991474
0.375697089030,0.020057010121,-0.000591094128,-0.077069917284
0.373069836660,0.020357728711,-0.000480105446,-0.021766971053
0.370442584290,0.020174503400,-0.000367444531,0.036021632555
0.367815331920,0.020085300080,-0.000168010994,-0.036648483761
0.365188079550,0.020210058829,-0.000112400213,-0.091096997045
0.362560827170,0.020236785286,0.000048707402,-0.104239581379
0.359933574800,0.020399415887,0.000256061211,-0.072371931188
0.357306322430,0.020552816051,0.000260018182,-0.073533537947
0.354679070060,0.020699410097,0.000350398039,-0.086014526439
0.352051817690,0.020874657149,0.000458578351,-0.109885897630
0.349424565320,0.021089525246,0.000664063194,-0.078032481776
0.346797312950,0.021160305829,0.000911523628,-0.072985916540
0.344170060580,0.021477001697,0.000997062018,-0.197678516288
0.341542808210,0.022076128418,0.001074312574,-0.267597346672
0.338915555840,0.022749566993,0.001220159782,-0.252523616137
0.336288303460,0.023335929135,0.001303622618,-0.210627849236
0.333661051090,0.023793275510,0.001351875494,-0.182774561082
0.331033798720,0.024170839591,0.001264939650,-0.133167718787
0.328406546350,0.024422035225,0.001340007255,-0.126788267238
0.325779293980,0.024788977270,0.001483709556,-0.136001098652
0.323152041610,0.025127076156,0.001552059348,-0.100623858005
0.320524789240,0.025296914340,0.001615699243,-0.075283715757
0.317897536870,0.025461237467,0.001673079991,-0.076232428963
0.315270284500,0.025635291904,0.001791178677,-0.060201792438
0.312643032100,0.025761898353,0.001773149295,-0.025234616761
0.310015779800,0.025807677731,0.001716116928,-0.003965124097
0.307388527400,0.025798534323,0.001723871570,0.015752482729
0.304761275000,0.025715529262,0.001690499047,0.017498587834
0.302134022600,0.025656512463,0.001692979931,-0.003879627388
0.299506770300,0.025648436504,0.001799225218,0.015288075375
0.296879517900,0.025467180897,0.001784832297,0.038360091004
0.294252265500,0.025330577241,0.001835516041,0.016674946086
0.291625013200,0.025235943161,0.001966903440,0.044149599914
0.288997760800,0.024993526254,0.002102314997,0.068561084021
0.286370508400,0.024772950840,0.002299990911,0.036147473813
0.283743256000,0.024700498006,0.002397480071,0.004734882003
0.281116003700,0.024708904492,0.002530597351,0.019440831163
0.278488751300,0.024554554402,0.002651503283,0.027525993175
0.275861498900,0.024544025135,0.002707012050,-0.026548621756
0.273234246600,0.024726677844,0.002802588114,-0.044124254713
0.270606994200,0.024846959224,0.002866257036,-0.037028382204
0.267979741800,0.024969137451,0.002959383290,-0.020763686716
0.265352489400,0.025071500226,0.002931961052,-0.007548224793
0.262725237100,0.025117083181,0.002814811752,0.005327535362
0.260097984700,0.025173639675,0.002709520297,-0.004723445197
0.257470732300,0.025275576542,0.002641020991,-0.013265702881
0.254843480000,0.025351018381,0.002633104759,0.006086945876
0.252216227600,0.025340173098,0.002514962174,0.010642383697
0.249588975200,0.025423078891,0.002315547253,0.009881942114
0.246961722900,0.025499950895,0.002167974450,0.022729702943
0.244334470500,0.025551915652,0.002013875320,0.003629390259
0.241707218100,0.025673165411,0.001863977125,0.023348214736
0.239079965700,0.025652373245,0.001745875270,0.090457102440
0.236452713400,0.025416848476,0.001847318875,0.149487708372
0.233825461000,0.025165591246,0.001971320609,0.196593581288
0.231198208600,0.024636867055,0.002065902363,0.241868955443
0.228570956300,0.024081635564,0.002475265070,0.254290901386
0.225943703900,0.023568106546,0.002726351389,0.218592319064
0.223316451500,0.023211826786,0.002877085090,0.160181699984
0.220689199100,0.022996427905,0.003068742121,0.093885979109
0.218061946800,0.022937695684,0.003235039617,0.063019444967
0.215434694400,0.022796893545,0.003360735127,0.084780053695
0.212807442000,0.022599413152,0.003445160399,0.102195348395
0.210180189700,0.022381035721,0.003386283892,0.136626236128
0.207552937300,0.021982861033,0.003292846701,0.175058779540
0.204925684900,0.021567443778,0.003137291133,0.190854210790
0.202298432500,0.021109830067,0.002891016815,0.197698332598
0.199671180200,0.020619004322,0.002789038404,0.216608186996
0.197043927800,0.020081602413,0.002594195194,0.224624496247
0.194416675400,0.019563181050,0.002392751231,0.171632702423
0.191789423100,0.019160269159,0.002097647718,0.166176718949
0.189162170700,0.018654663902,0.001565566126,0.214210850138
0.186534918300,0.017994142971,0.001096055272,0.196278247417
0.183907666000,0.017531187252,0.000796696287,0.045721590788
0.181280413600,0.017587090145,0.000487631477,-0.119537866079
0.178653161200,0.017948667223,0.000411150562,-0.217649371752
0.176025908800,0.018422346553,0.000478494926,-0.249428603364
0.173398656500,0.018896776213,0.000424040056,-0.269340249381
0.170771404100,0.019399341716,0.000383103694,-0.284835497498
0.168144151700,0.019966923424,0.000376485567,-0.266117203862
0.165516899400,0.020352587470,0.000426307836,-0.210931312179
0.162889647000,0.020654624989,0.000512529026,-0.180407779486
0.160262394600,0.021025964161,0.000508161576,-0.153496568499
0.157635142200,0.021255748468,0.000705236235,-0.089264798236
0.155007889900,0.021328845621,0.000733584688,-0.068939600487
0.152380637500,0.021392327487,0.000903867451,-0.069588630126
0.149753385100,0.021534671677,0.001176195763,-0.062397498147
0.147126132800,0.021586115168,0.001351671246,-0.048003049904
0.144498880400,0.021609282811,0.001446458412,-0.071052366185
0.141871628000,0.021791951560,0.001564710638,-0.107299624571
0.139244375600,0.022011416833,0.001752402112,-0.105682554025
0.136617123300,0.022172601931,0.001741756145,-0.103295171850
0.133989870900,0.022346646207,0.001678943740,-0.106730228704
0.131362618500,0.022550819987,0.001620000497,-0.101689118189
0.128735366200,0.022744474955,0.001565049433,-0.051899018044
0.126108113800,0.022724279595,0.001575931290,-0.006630440720
0.123480861400,0.022697654131,0.001482200368,-0.015088493619
0.120853609000,0.022714221601,0.001312976444,0.001323405347
0.118226356700,0.022623134566,0.001151912775,0.044390320566
0.115599104300,0.022451300272,0.000982183826,0.118790791921
0.112971851900,0.022025093789,0.000855635842,0.185600222411
0.110344599600,0.021560031016,0.000837184024,0.198198272497
0.107717347200,0.021094241688,0.000975469271,0.211469197562
0.105090094800,0.020804862301,0.000864076463,0.097203478789
0.102462842500,0.020927526976,0.000732550641,0.000339008626
0.099835590100,0.021034242117,0.000912772299,0.022935000142
0.097208337700,0.021073441488,0.000733691897,0.040915516307
0.094581085300,0.021033227860,0.000755622882,0.080171908584
0.091953833000,0.020900527023,0.000792051294,0.112297156789
0.089326580600,0.020633761251,0.000704563663,0.130595588204
0.086699328200,0.020367547687,0.000674077463,0.145609904094
0.084072075900,0.020114488980,0.000514371891,0.158729285108
0.081444823500,0.019807887143,0.000373830877,0.132626042870
0.078817571100,0.019623957726,0.000333881498,0.103510448690
0.076190318700,0.019324747416,0.000369570999,0.206340063307
0.073563066400,0.018674429808,0.000425774948,0.252738293966
0.070935814000,0.018141635101,0.000244737867,0.166360293572
0.068308561600,0.017893394422,0.000262034158,0.091198528734
0.065681309300,0.017837222144,0.000433288491,0.002132046649
0.063054056900,0.018102255514,0.000475521425,-0.044446117051
0.060426804500,0.018404469364,0.000407159218,-0.062452618320
0.057799552100,0.018682222923,0.000630551373,-0.119138729523
0.055172299800,0.019154825334,0.000834673154,-0.125451808038
0.052545047400,0.019476284297,0.000958816915,-0.031499856980
0.049917795000,0.019515444368,0.001175056943,0.043594052803
0.047290542700,0.019460299311,0.001440422315,0.138560736894
0.044663290300,0.018805575044,0.001508950709,0.268262484647
0.042036037900,0.018140637841,0.001328000643,0.259141011744
0.039408785500,0.017549903847,0.001063773946,0.227272083678
0.036781533200,0.017035398735,0.000837911582,0.171466080818
0.034154280800,0.016747003953,0.000827610529,0.139795168322
0.031527028400,0.016401021714,0.000867828754,0.004505374756
0.028899776100,0.016759834310,0.000915401237,0.141316168945
0.026272523700,0.015693778310,0.000924666341,0.468997329773
0.023645271300,0.014309399305,0.000907218596,0.297300539009
0.021018019000,0.014158661716,0.000818704104,0.064015507076
0.018390766600,0.014001924209,0.000797547876,0.168259834241
0.015763514200,0.013293948374,0.000779529521,0.227439850621
0.013136261800,0.012823798125,0.000649890600,0.118375065296
0.010509009500,0.012614209977,0.000698869094,0.033496741750
0.007881757100,0.012616082035,0.000805114415,-0.051632067174
0.005254504700,0.012900100494,0.000584082407,-0.112249359761
0.002627252400,0.013229375479,0.000396391486,0.003452490080
0.000000000000,0.012938395997,0.000280893326,0.104295229919
