0.391460603250,0.040151388860,0.000234793331,0.055890778280
0.388833350880,0.040095334232,0.000100349098,0.300144773691
0.386206098510,0.038626812398,-0.000097733786,0.549322440376
0.383578846140,0.037270088610,-0.000344334527,0.326807934810
0.380951593770,0.036919826807,-0.000352414560,-0.031316587475
0.378324341400,0.037406397067,-0.000500728922,-0.040056679988
0.375697089030,0.037116422434,-0.000580085027,0.199702121168
0.373069836660,0.036380584330,-0.000525172099,0.059679646945
0.370442584290,0.036838619002,-0.000493802507,-0.104455858464
0.367815331920,0.036943992481,-0.000369274834,-0.039642543841
0.365188079550,0.037021931354,-0.000149377800,-0.047401297000
0.362560827170,0.037153773174,0.000067848339,-0.060618253552
0.359933574800,0.037296451637,0.000120276127,-0.065302721210
0.357306322430,0.037489697606,0.000117123764,-0.071308483082
0.354679070060,0.037716312940,0.000322549358,-0.050592698156
0.352051817690,0.037750104041,0.000618101614,-0.024434396264
0.349424565320,0.037817495842,0.000806612985,-0.074899849476
0.346797312950,0.038115449193,0.001001743345,-0.123101963677
0.344170060580,0.038482393097,0.000995143225,-0.183843156675
0.341542808210,0.039054549773,0.001028382916,-0.238939971732
0.338915555840,0.039688262172,0.001099456208,-0.236678676345
0.336288303460,0.040275490770,0.001104016962,-0.241354456968
0.333661051090,0.040884363175,0.001228548582,-0.208523522510
0.331033798720,0.041384081861,0.001337202673,-0.168897040518
0.328406546350,0.041670682866,0.001429291989,-0.127806397275
0.325779293980,0.041932665768,0.001497242533,-0.103619912989
0.323152041610,0.042153313944,0.001561280615,-0.085292347913
0.320524789240,0.042319572513,0.001671408530,-0.062392863602
0.317897536870,0.042355590854,0.001711157436,-0.034614775467
0.315270284500,0.042439818194,0.001803981956,-0.033352587443
0.312643032100,0.042542714163,0.001707921231,-0.016001487714
0.310015779800,0.042546573457,0.001722732420,0.001174152004
0.307388527400,0.042504544185,0.001830255462,0.006714856837
0.304761275000,0.042477032689,0.001764669417,0.005318438149
0.302134022600,0.042413800452,0.001627347609,0.011131697091
0.299506770300,0.042295543029,0.001650353179,0.025336049531
0.296879517900,0.042187798563,0.001684137577,0.026345086038
0.294252265500,0.042020284434,0.001670188643,0.045333762862
0.291625013200,0.041829087513,0.001873344922,0.055503983688
0.288997760800,0.041626253011,0.002100734692,0.043083992868
0.286370508400,0.041562080673,0.002243268189,0.033431491942
0.283743256000,0.041479210221,0.002408944564,0.033340860457
0.281116003700,0.041413241593,0.002551349049,0.017832401810
0.278488751300,0.041409865942,0.002721249750,-0.000954689496
0.275861498900,0.041441959257,0.002836012219,-0.040789982456
0.273234246600,0.041591766078,0.002838206234,-0.037298972155
0.270606994200,0.041627439258,0.002982319117,-0.005892556873
0.267979741800,0.041626406698,0.003016982023,-0.009501488512
0.265352489400,0.041716666550,0.002960366456,-0.037609264253
0.262725237100,0.041882130867,0.002877887267,-0.039983866423
0.260097984700,0.041982035074,0.002852748035,-0.033458563216
0.257470732300,0.042158886035,0.002875764147,-0.023379726527
0.254843480000,0.042261443803,0.002844087751,-0.007862700959
0.252216227600,0.042362795148,0.002773503831,-0.000725647801
0.249588975200,0.042465270219,0.002648638829,0.008844533106
0.246961722900,0.042534858478,0.002408536154,0.014822260275
0.244334470500,0.042622685045,0.002295348458,0.037264519036
0.241707218100,0.042586087163,0.002276276867,0.078279406823
0.239079965700,0.042416564315,0.002211378099,0.133181251737
0.236452713400,0.042081143625,0.002256252634,0.203500036640
0.233825461000,0.041564777164,0.002327967837,0.209593531743
0.231198208600,0.041176527519,0.002537519268,0.194972017980
0.228570956300,0.040731637407,0.002887373764,0.192993474266
0.225943703900,0.040352636952,0.003097307839,0.147026360440
0.223316451500,0.040202726297,0.003171845245,0.085773742438
0.220689199100,0.040145429348,0.003392526244,0.066854704144
0.218061946800,0.040058407942,0.003562786877,0.072858038683
0.215434694400,0.039949467004,0.003652200238,0.087615322586
0.212807442000,0.039759766784,0.003619383925,0.098287219757
0.210180189700,0.039540481335,0.003483994582,0.107094826864
0.207552937300,0.039185514744,0.003303760401,0.171807133875
0.204925684900,0.038703436087,0.003163294215,0.188964661703
0.202298432500,0.038238817981,0.002893694181,0.205080373807
0.199671180200,0.037712803608,0.002741628757,0.260280030101
0.197043927800,0.037021347535,0.002594138653,0.269368463367
0.194416675400,0.036445586281,0.002262762623,0.224256018352
0.191789423100,0.036017284079,0.001889261769,0.201023751380
0.189162170700,0.035491359837,0.001516256554,0.209570396599
0.186534918300,0.034989520533,0.000976831222,0.189213233796
0.183907666000,0.034578780525,0.000530260848,0.086553148132
0.181280413600,0.034513408020,0.000188785648,-0.040618112296
0.178653161200,0.034741774354,0.000064977674,-0.132212199960
0.176025908800,0.035111995287,-0.000031894766,-0.197857101591
0.173398656500,0.035645550846,-0.000130058860,-0.222981462359
0.170771404100,0.036137702926,-0.000133939319,-0.204483166917
0.168144151700,0.036566227777,-0.000178845140,-0.196109726683
0.165516899400,0.036993251087,-0.000130844365,-0.175953095323
0.162889647000,0.037348964622,-0.000152965491,-0.136152028477
0.160262394600,0.037559140922,-0.000133337566,-0.079177377808
0.157635142200,0.037653592050,-0.000053701333,-0.027827391175
0.155007889900,0.037595741986,0.000069470259,-0.057139036649
0.152380637500,0.037749300099,0.000340228826,-0.059944357957
0.149753385100,0.037780708726,0.000547480585,-0.050142898720
0.147126132800,0.037828455813,0.000762454938,-0.078673516649
0.144498880400,0.037979118349,0.000961333497,-0.117085685822
0.141871628000,0.038202565806,0.001000456156,-0.130470237005
0.139244375600,0.038452527087,0.001221618553,-0.131182999115
0.136617123300,0.038674479465,0.001272001665,-0.121303090791
0.133989870900,0.038922198036,0.001196846095,-0.122080446081
0.131362618500,0.039166630458,0.001277874824,-0.100443344727
0.128735366200,0.039338616121,0.001174568087,-0.040567564884
0.126108113800,0.039311779405,0.001005873754,0.011147294520
0.123480861400,0.039231474078,0.001191699286,0.039116293597
0.120853609000,0.039085658653,0.001288049467,0.049797955881
0.118226356700,0.038967627702,0.001030589339,0.087757764366
0.115599104300,0.038639503117,0.000950486689,0.141091844690
0.112971851900,0.038295510283,0.001037639058,0.188216458460
0.110344599600,0.037852767507,0.000925074509,0.206143425177
0.107717347200,0.037474847973,0.000892436167,0.167231637563
0.105090094800,0.037192423757,0.001008291705,0.105506420090
0.102462842500,0.037065261554,0.000963908262,0.016172579736
0.099835590100,0.037213913378,0.000951317144,-0.038201748820
0.097208337700,0.037377038333,0.000961534621,0.010437893524
0.094581085300,0.037311092101,0.000825725554,0.042650618943
0.091953833000,0.037347188039,0.000801245016,0.042121258298
0.089326580600,0.037257899917,0.000725070241,0.086568862296
0.086699328200,0.036983510012,0.000728374851,0.137843535440
0.084072075900,0.036633055177,0.000619086468,0.149969860540
0.081444823500,0.036331889709,0.000547915765,0.162347331185
0.078817571100,0.036098304068,0.000517962799,0.118134732407
0.076190318700,0.035917149559,0.000338635303,0.135578893689
0.073563066400,0.035277220277,0.000388089019,0.175774160334
0.070935814000,0.034925806017,0.000375618131,0.123035234965
0.068308561600,0.034670725591,0.000423913628,0.081006401942
0.065681309300,0.034678987961,0.000495431212,0.001734627969
0.063054056900,0.034865712592,0.000564019532,-0.050914531140
0.060426804500,0.035109718594,0.000644684809,-0.071571069118
0.057799552100,0.035408836316,0.000849228806,-0.060964075010
0.055172299800,0.035657576272,0.001016420292,-0.060587433913
0.052545047400,0.035894826023,0.001032983000,-0.038681430424
0.049917795000,0.036050042503,0.001095887764,0.088639115824
0.047290542700,0.035847550249,0.001134971424,0.220247566097
0.044663290300,0.035226772658,0.001047023679,0.225586622348
0.042036037900,0.034798083396,0.000884186805,0.222143410774
0.039408785500,0.034346419334,0.000898271047,0.192637220620
0.036781533200,0.033995706893,0.000800746075,0.171914116729
0.034154280800,0.033539177856,0.000870340419,0.187763563240
0.031527028400,0.033086844173,0.000818523942,0.189254885771
0.028899776100,0.032634995238,0.000799587434,0.176054673575
0.026272523700,0.032279725695,0.000702113291,0.159533942566
0.023645271300,0.031854757293,0.000571010669,0.193351186275
0.021018019000,0.031267434149,0.000751616304,0.202107802985
0.018390766600,0.030833399397,0.000753015316,0.158794489967
0.015763514200,0.030452675832,0.000853441536,0.182686892928
0.013136261800,0.029904655576,0.000682085489,0.186095660824
0.010509009500,0.029490184962,0.000610604871,0.114579075654
0.007881757100,0.029313316778,0.000572752630,0.006602670124
0.005254504700,0.029447984237,0.000368820087,-0.026685978528
0.002627252400,0.029447962623,0.000306237556,0.571038070406
0.000000000000,0.026509110616,0.000358738223,1.169675208166
