0.391460603250,0.032032938928,-0.000040029583,0.186530328117
0.388833350880,0.031402924416,0.000133129102,-0.108029499114
0.386206098510,0.032499247972,0.000189383682,-0.257795286678
0.383578846140,0.032719779936,0.000119043623,-0.100721040063
0.380951593770,0.032794737766,0.000389470609,0.074410883826
0.378324341400,0.032290921184,0.000533085533,0.335384108590
0.375697089030,0.031125627829,0.000598251411,0.398384242037
0.373069836660,0.030429806909,0.000401490422,0.423417958391
0.370442584290,0.028964852626,0.000253865849,-0.030922537356
0.367815331920,0.030579223256,0.000192796724,-0.226670371636
0.365188079550,0.030239747061,0.000097965271,0.099020621395
0.362560827170,0.030137398496,-0.000015296017,0.033205023213
0.359933574800,0.030143015469,-0.000043667302,-0.003578277736
0.357306322430,0.030211867634,-0.000128780115,0.019541445917
0.354679070060,0.030060186260,0.000057635810,0.109016009981
0.352051817690,0.029664447292,0.000318332786,-0.101096037698
0.349424565320,0.030593863307,0.000515346950,-0.292934194301
0.346797312950,0.031239958169,0.000597005791,-0.214166356531
0.344170060580,0.031874657688,0.000693661030,-0.216826087810
0.341542808210,0.032457250936,0.000845524048,-0.194112705792
0.338915555840,0.033021915239,0.000978202602,-0.159179812187
0.336288303460,0.033465445000,0.001021507435,-0.102696608915
0.333661051090,0.033691025495,0.001078024732,-0.096192643528
0.331033798720,0.033942459940,0.001226060887,-0.102156685321
0.328406546350,0.034180933046,0.001406696978,-0.079729989213
0.325779293980,0.034362791320,0.001472544101,-0.049227048474
0.323152041610,0.034427485926,0.001570222744,-0.030827582213
0.320524789240,0.034493233874,0.001669765108,-0.022930177946
0.317897536870,0.034533243592,0.001750361759,-0.017096756183
0.315270284500,0.034488834129,0.001749962166,0.019038836262
0.312643032100,0.034351942142,0.001788963477,0.062119416510
0.310015779800,0.034083674951,0.001853415947,0.073286115507
0.307388527400,0.033920577544,0.001988187444,0.064105932785
0.304761275000,0.033752928878,0.002091924663,0.051374139668
0.302134022600,0.033620245631,0.002114414120,0.021487590837
0.299506770300,0.033583457199,0.002235137411,0.009709728190
0.296879517900,0.033560870399,0.002395722811,0.001231259991
0.294252265500,0.033553054077,0.002381519390,-0.023625980671
0.291625013200,0.033669403199,0.002428460828,-0.050728035022
0.288997760800,0.033812577008,0.002471971671,-0.039259791540
0.286370508400,0.033894203106,0.002457712961,-0.041515187451
0.283743256000,0.034032999643,0.002336453652,-0.039209453829
0.281116003700,0.034142606463,0.002220763876,-0.023675615963
0.278488751300,0.034226862751,0.002316214883,-0.004113222581
0.275861498900,0.034269291841,0.002320939022,0.010128019939
0.273234246600,0.034298165804,0.002174988266,0.019467267187
0.270606994200,0.034290900221,0.002053013400,0.024391864750
0.267979741800,0.034287871247,0.001885589390,0.005722943062
0.265352489400,0.034423631725,0.001750709494,0.002024349887
0.262725237100,0.034494095481,0.001517085128,0.017680220794
0.260097984700,0.034593927080,0.001192184760,0.019397755992
0.257470732300,0.034665156689,0.001077067114,0.047478013085
0.254843480000,0.034612611550,0.001071681584,0.114996411250
0.252216227600,0.034344672237,0.001081321164,0.201523508734
0.249588975200,0.033873055918,0.001238692909,0.251897222288
0.246961722900,0.033402203702,0.001566230886,0.241123623782
0.244334470500,0.033018332226,0.001923255196,0.195259434901
0.241707218100,0.032755828640,0.002236100321,0.190241880157
0.239079965700,0.032397706197,0.002434593700,0.205329458864
0.236452713400,0.032098692385,0.002598975682,0.141899437009
0.233825461000,0.032031584405,0.002833152029,0.110437605216
0.231198208600,0.031830917009,0.003067079364,0.136408666396
0.228570956300,0.031575565424,0.003210259357,0.158826875425
0.225943703900,0.031219555977,0.003420238421,0.178639184320
0.223316451500,0.030846070643,0.003635123121,0.192211755934
0.220689199100,0.030463441905,0.003821129685,0.185104574894
0.218061946800,0.030074148340,0.004022580062,0.166689169142
0.215434694400,0.029742920963,0.004025527824,0.130520562140
0.212807442000,0.029492678498,0.003835653807,0.105682818407
0.210180189700,0.029369004366,0.003511039157,0.111586529972
0.207552937300,0.029089904797,0.003230940667,0.131660151486
0.204925684900,0.028872667048,0.002853941494,0.112527669785
0.202298432500,0.028537900881,0.002300745606,0.139526057531
0.199671180200,0.028135381073,0.001958298564,0.119899068176
0.197043927800,0.027857023281,0.001910281851,0.085179893945
0.194416675400,0.027613699018,0.001843022046,0.089769971981
0.191789423100,0.027308502638,0.001744378397,0.054093967128
0.189162170700,0.027285977742,0.001493571115,-0.064472940270
0.186534918300,0.027400354732,0.001430640904,-0.134422275192
0.183907666000,0.027677503123,0.001488459825,-0.151826362776
0.181280413600,0.027839281408,0.001385430761,-0.125438290127
0.178653161200,0.027927878685,0.001464636695,-0.104154773825
0.176025908800,0.028051910418,0.001532462124,-0.078937364386
0.173398656500,0.028097753199,0.001626351641,-0.043783202610
0.170771404100,0.028065295794,0.001641932569,-0.065356672438
0.168144151700,0.028213814223,0.001574585384,-0.112360692708
0.165516899400,0.028385008245,0.001564471323,-0.118856551759
0.162889647000,0.028579633015,0.001537946330,-0.119751496257
0.160262394600,0.028772256579,0.001396844273,-0.118246114513
0.157635142200,0.029002398861,0.001393998510,-0.130795963971
0.155007889900,0.029317406986,0.001460922169,-0.152674838985
0.152380637500,0.029673008541,0.001485199582,-0.173108874378
0.149753385100,0.030042314281,0.001559630609,-0.198854871133
0.147126132800,0.030528745975,0.001719282794,-0.231200128717
0.144498880400,0.031084533269,0.001873402621,-0.212687092283
0.141871628000,0.031457542800,0.001822068002,-0.178496248809
0.139244375600,0.031809986499,0.001742772095,-0.141069682500
0.136617123300,0.032032555561,0.001805989445,-0.074687205698
0.133989870900,0.032037124444,0.001911524163,-0.013568457937
0.131362618500,0.031944651448,0.001734079684,0.025408948326
0.128735366200,0.031725923173,0.001647996858,0.045992169747
0.126108113800,0.031568690011,0.001443376310,0.046121836630
0.123480861400,0.031376371415,0.001288083533,0.050043900878
0.120853609000,0.031213491731,0.001152043476,0.041032933072
0.118226356700,0.031083007569,0.001050885082,0.054086566635
0.115599104300,0.030919470898,0.000988896874,0.129117195731
0.112971851900,0.030445987578,0.000790654028,0.185210332416
0.110344599600,0.029972176628,0.000670710415,0.168543700479
0.107717347200,0.029619447071,0.000500367549,0.145431464151
0.105090094800,0.029328529988,0.000426503369,0.103392424959
0.102462842500,0.029252349927,0.000334153110,0.057384262799
0.099835590100,0.029271052275,0.000011814783,0.073240372707
0.097208337700,0.029115473926,-0.000272439498,0.186772213403
0.094581085300,0.028573781630,-0.000382976874,0.268054740923
0.091953833000,0.027976081901,-0.000596225178,0.264897780012
0.089326580600,0.027431419187,-0.000815269330,0.179327127699
0.086699328200,0.027241222463,-0.000964970165,0.021078261086
0.084072075900,0.027478650720,-0.000981393948,-0.038853683066
0.081444823500,0.027736686626,-0.001035800623,-0.012405663601
0.078817571100,0.027828734907,-0.001037056632,0.053389802905
0.076190318700,0.027672588707,-0.001041495904,0.104784483689
0.073563066400,0.027439162809,-0.000911629945,0.107768268249
0.070935814000,0.027248008937,-0.000696509680,0.050905963484
0.068308561600,0.027288929065,-0.000554835094,-0.010785620628
0.065681309300,0.027419647012,-0.000474989740,-0.031004186685
0.063054056900,0.027495614903,-0.000268466144,-0.020560809927
0.060426804500,0.027626405071,-0.000077497838,-0.009232674321
0.057799552100,0.027649868208,-0.000008276586,0.055235006579
0.055172299800,0.027478742576,0.000031400142,0.042529879241
0.052545047400,0.027439785454,0.000010028009,0.014984575262
0.049917795000,0.027322379424,0.000231205630,0.051354475464
0.047290542700,0.027242440328,0.000443767598,0.080347940732
0.044663290300,0.026942185562,0.000641054661,0.130699152001
0.042036037900,0.026498267560,0.000713167322,0.179458293498
0.039408785500,0.025957958937,0.000717118005,0.201755906521
0.036781533200,0.025498147417,0.000675814655,0.176757472303
0.034154280800,0.025109498149,0.000575388765,0.190840653397
0.031527028400,0.024608223062,0.000365287963,0.213967613747
0.028899776100,0.024202953154,0.000279555978,0.218232619047
0.026272523700,0.023757420534,0.000353562717,0.350354760443
0.023645271300,0.022725341713,0.000241650302,0.277673475049
0.021018019000,0.022590609876,0.000263840619,0.125045122420
0.018390766600,0.022304481111,0.000260321790,0.138190456123
0.015763514200,0.022074002277,0.000185232580,0.092457085327
0.013136261800,0.021938797640,0.000135634862,0.070347854896
0.010509009500,0.021739105345,0.000118692623,0.065080099886
0.007881757100,0.021577106220,0.000037305724,0.025790095239
0.005254504700,0.021686903735,-0.000135887476,-0.116637504990
0.002627252400,0.022282136359,-0.000260694297,-0.062937348053
0.000000000000,0.022119940816,-0.000383136032,0.081921289505
