0.391460603250,0.029542227616,0.000392830979,0.102116244455
0.388833350880,0.029239760875,0.000987247882,0.366124510583
0.386206098510,0.027571418845,0.001268210372,-0.041561586044
0.383578846140,0.029786170378,0.001348506448,-0.430700937965
0.380951593770,0.029859881857,0.001452525683,-0.191848330314
0.378324341400,0.030802145320,0.001365418106,-0.040059864515
0.375697089030,0.030093476552,0.001298706806,0.348630190281
0.373069836660,0.029009987556,0.001175143596,0.021352265666
0.370442584290,0.030003914445,0.001125315951,-0.440730488312
0.367815331920,0.031281097958,0.001036620767,-0.388662695166
0.365188079550,0.032137471708,0.001087914136,-0.129786600153
0.362560827170,0.032072110888,0.001031095044,0.045927655677
0.359933574800,0.032052375500,0.000904591249,0.045945001976
0.357306322430,0.032010422837,0.000988171805,0.019535033002
0.354679070060,0.032143149451,0.000974560894,-0.019677144133
0.352051817690,0.032265951479,0.000986642854,-0.015319574785
0.349424565320,0.032472297258,0.001055584932,-0.040022163014
0.346797312950,0.032706221632,0.001232483238,-0.017638958151
0.344170060580,0.032866450646,0.001179083901,0.010698201330
0.341542808210,0.033017791426,0.001191662410,-0.009507368046
0.338915555840,0.033207479679,0.001210029016,-0.004216350055
0.336288303460,0.033269391427,0.001186827450,0.021504562639
0.333661051090,0.033201176017,0.001160415139,0.032298952870
0.331033798720,0.033174065629,0.001049990987,0.020701339882
0.328406546350,0.033192829165,0.001037443081,0.000244038047
0.325779293980,0.033319633437,0.001067083840,-0.013940157048
0.323152041610,0.033446616195,0.001104023919,-0.012349477813
0.320524789240,0.033465903679,0.001174803331,-0.008343813172
0.317897536870,0.033524120241,0.001268797105,-0.005316698267
0.315270284500,0.033553904817,0.001525282981,-0.028792007628
0.312643032100,0.033590217079,0.001784468607,-0.061675790839
0.310015779800,0.033736365119,0.002106574454,-0.054118755434
0.307388527400,0.033746014318,0.002423829399,-0.013087838315
0.304761275000,0.033741140485,0.002723038393,-0.027396745677
0.302134022600,0.033800017413,0.002961409402,-0.029709905541
0.299506770300,0.033781745252,0.003328617583,-0.008826931832
0.296879517900,0.033747763867,0.003512724139,-0.020841575407
0.294252265500,0.033875866620,0.003664242169,-0.028923552759
0.291625013200,0.033870611347,0.003740151683,0.009110248329
0.288997760800,0.033793899324,0.003847781284,0.006017076901
0.286370508400,0.033809418190,0.003824473661,0.001464573752
0.283743256000,0.033798944332,0.003578181024,0.017183636227
0.281116003700,0.033790687032,0.003525679014,0.023078872580
0.278488751300,0.033784223421,0.003529619800,0.051089128211
0.275861498900,0.033681017566,0.003361219165,0.047085033974
0.273234246600,0.033695972847,0.003194291067,0.045775575713
0.270606994200,0.033648685941,0.003073974006,0.068726201777
0.267979741800,0.033569469908,0.002957994127,0.066963327650
0.265352489400,0.033492221040,0.002863998651,0.079752527203
0.262725237100,0.033329004484,0.002655276656,0.078353372776
0.260097984700,0.033189031873,0.002431432452,0.089961789855
0.257470732300,0.032873783522,0.002303171465,0.075683279010
0.254843480000,0.032737749451,0.002275372727,0.014362804767
0.252216227600,0.032734121203,0.002410326710,0.007380130806
0.249588975200,0.032612188898,0.002710072069,0.034434619023
0.246961722900,0.032555510458,0.002950204276,0.005399942515
0.244334470500,0.032596036066,0.003129031930,-0.020367823498
0.241707218100,0.032655137079,0.003212302288,-0.024983185406
0.239079965700,0.032716531296,0.003310313392,-0.020220075398
0.236452713400,0.032815238146,0.003336615121,-0.029698530726
0.233825461000,0.032980775502,0.003205636170,-0.054719595549
0.231198208600,0.033167534727,0.003081915437,-0.039326459507
0.228570956300,0.033181838316,0.003065258453,-0.013961135659
0.225943703900,0.033257157951,0.003037122168,-0.034307131037
0.223316451500,0.033358275120,0.002982625115,-0.001218840137
0.220689199100,0.033249188079,0.002980954700,0.018858314073
0.218061946800,0.033272476684,0.002981344522,-0.054443294209
0.215434694400,0.033527030789,0.002875775466,-0.048432825670
0.212807442000,0.033508970584,0.002773039339,0.071080389737
0.210180189700,0.033146804764,0.002720828352,0.158717692370
0.207552937300,0.032675758335,0.002458326857,0.138979465062
0.204925684900,0.032405103561,0.002192785362,0.104229125213
0.202298432500,0.032185394321,0.002036321080,0.061256463022
0.199671180200,0.032091881682,0.002008759565,0.041607334177
0.197043927800,0.031958655791,0.002149099463,0.022222531541
0.194416675400,0.031983622617,0.002189680944,-0.013325581476
0.191789423100,0.032009662561,0.002190473454,-0.018616716672
0.189162170700,0.032050898762,0.002264721165,-0.012011479814
0.186534918300,0.032080757881,0.002247125306,0.001181773202
0.183907666000,0.031948107611,0.002333837834,0.013030732553
0.181280413600,0.031932882677,0.002361280820,0.014274043314
0.178653161200,0.031853253537,0.002482090207,0.048445163205
0.176025908800,0.031673682000,0.002529786544,0.038660797027
0.173398656500,0.031611065494,0.002597023617,0.010610012227
0.170771404100,0.031578055585,0.002651737846,0.023770452597
0.168144151700,0.031520866956,0.002567816643,0.043152811111
0.165516899400,0.031439686878,0.002525261344,0.079173950137
0.162889647000,0.031240659736,0.002448274606,0.096439417444
0.160262394600,0.030965006945,0.002325627940,0.113071277293
0.157635142200,0.030655811327,0.002248414038,0.160588762411
0.155007889900,0.030179106815,0.002112649124,0.184963493478
0.152380637500,0.029745159911,0.001929369533,0.151990397906
0.149753385100,0.029430963483,0.001638004933,0.103935556209
0.147126132800,0.029196883878,0.001444777205,0.064008617323
0.144498880400,0.029090684002,0.001307237164,0.018316039777
0.141871628000,0.029143830768,0.001156225362,0.007497033351
0.139244375600,0.029049789914,0.000872826097,0.086376684379
0.136617123300,0.028690315151,0.000744351323,0.137334828373
0.133989870900,0.028314205199,0.000687465132,0.074702223074
0.131362618500,0.028261825790,0.000588041249,-0.072149910184
0.128735366200,0.028598143543,0.000358083329,-0.201260972671
0.126108113800,0.029164092658,0.000280274225,-0.270104382172
0.123480861400,0.029879203535,0.000457329919,-0.256786948181
0.120853609000,0.030410982895,0.000604599604,-0.207002177516
0.118226356700,0.030849590700,0.000650706268,-0.174386506350
0.115599104300,0.031228095893,0.000676885497,-0.157833321274
0.112971851900,0.031533578826,0.000557227136,-0.132106619143
0.110344599600,0.031772346866,0.000670733618,-0.088764122074
0.107717347200,0.031937647799,0.000733517161,0.011410717967
0.105090094800,0.031696476946,0.000713590344,0.098925278885
0.102462842500,0.031384858458,0.000734769896,0.130703782933
0.099835590100,0.030980360148,0.000692035724,0.156618336182
0.097208337700,0.030589904453,0.000709733071,0.114366106297
0.094581085300,0.030521386352,0.000723491446,0.056701275529
0.091953833000,0.030479618702,0.000773219718,0.054741186269
0.089326580600,0.030439606611,0.000876455119,0.047950079496
0.086699328200,0.030414604858,0.000811767559,0.088419468559
0.084072075900,0.030217529756,0.000817298809,0.161660298073
0.081444823500,0.029899901723,0.000910312245,0.209211094525
0.078817571100,0.029514109169,0.000930422409,0.243572073940
0.076190318700,0.029047721191,0.000924747795,0.306708893367
0.073563066400,0.028296213164,0.000985070305,0.345168525712
0.070935814000,0.027620573240,0.001056344728,0.284049700883
0.068308561600,0.027178039904,0.000938262176,0.233793059203
0.065681309300,0.026766001629,0.001023598168,0.243591149200
0.063054056900,0.026224790143,0.001075970027,0.230443087053
0.060426804500,0.025892269683,0.001163707031,0.162748187477
0.057799552100,0.025673175960,0.001182796062,0.114910266454
0.055172299800,0.025618269418,0.001122195000,0.093306364542
0.052545047400,0.025418870296,0.001196156130,0.088672521347
0.049917795000,0.025330548773,0.001266114216,0.038587873887
0.047290542700,0.025318489019,0.001311796264,0.012443730033
0.044663290300,0.025297842704,0.001208107157,-0.006970899831
0.042036037900,0.025351036762,0.001129555868,-0.035549606051
0.039408785500,0.025456603630,0.001022437781,0.000824742233
0.036781533200,0.025368659464,0.000968547170,0.039134261706
0.034154280800,0.025298080267,0.000958122190,0.064035067721
0.031527028400,0.025065089142,0.000958406704,0.101389416649
0.028899776100,0.024788539148,0.000982968577,0.120097008843
0.026272523700,0.024445802334,0.001029508736,0.138728488170
0.023645271300,0.024038859370,0.001088123162,0.161255833380
0.021018019000,0.023614176338,0.001129156926,0.119364516633
0.018390766600,0.023432295019,0.001197044880,0.036851180868
0.015763514200,0.023410104897,0.001294729228,0.027337497993
0.013136261800,0.023333334514,0.001262089677,0.036081025049
0.010509009500,0.023334685951,0.001072078438,0.002024612444
0.007881757100,0.023459809599,0.000830514636,-0.033900234553
0.005254504700,0.023576449775,0.000630440009,-0.018714993644
0.002627252400,0.023568715037,0.000479870027,0.492667003733
0.000000000000,0.020953941101,0.000132930403,0.976631406087
