0.391460603250,-0.039048096513,0.000406988972,-0.513313500523
0.388833350880,-0.037732599287,0.000491019000,-0.185961794204
0.386206098510,-0.038114964545,0.000831463093,0.059967788971
0.383578846140,-0.038089635022,0.000890035419,-0.033747132756
0.380951593770,-0.037967078727,0.000883711273,0.125989034146
0.378324341400,-0.038803235802,0.001002194974,0.446204851257
0.375697089030,-0.040368785603,0.001067233240,0.413390864879
0.373069836660,-0.040969072650,0.001145719211,0.202857869530
0.370442584290,-0.041358260300,0.001147050876,0.226479670363
0.367815331920,-0.042065969543,0.001151060030,0.343376812970
0.365188079550,-0.043036592443,0.001210898716,0.216342282868
0.362560827170,-0.043030907548,0.001259422037,0.000348039236
0.359933574800,-0.042829971329,0.001420409476,-0.205776624595
0.357306322430,-0.041740760217,0.001399201403,-0.141165201599
0.354679070060,-0.041978076029,0.001352382737,0.077761376403
0.352051817690,-0.042042506597,0.001395849301,-0.019801517684
0.349424565320,-0.041781853593,0.001461753917,-0.098505435290
0.346797312950,-0.041451109057,0.001467719121,-0.136945140608
0.344170060580,-0.040995538577,0.001372477175,-0.161103752117
0.341542808210,-0.040526668830,0.001394846022,-0.148648398684
0.338915555840,-0.040171170058,0.001267106499,-0.153323354772
0.336288303460,-0.039751326364,0.001152516602,-0.158629301284
0.333661051090,-0.039393154759,0.001117804818,-0.108665300420
0.331033798720,-0.039182205082,0.001022685917,-0.044163690481
0.328406546350,-0.039120655622,0.000902713255,-0.042479224050
0.325779293980,-0.039001191743,0.000865691836,-0.064571433362
0.323152041610,-0.038853960602,0.000881235562,-0.025922357931
0.320524789240,-0.038863486184,0.000930086890,0.007659606030
0.317897536870,-0.038860457097,0.000934779830,-0.013428450554
0.315270284500,-0.038765978044,0.001042092245,-0.016538129819
0.312643032100,-0.038717403577,0.001125058865,-0.016474070734
0.310015779800,-0.038685429468,0.001110943685,-0.029593649246
0.307388527400,-0.038653235442,0.001149160070,-0.039473502717
0.304761275000,-0.038547822969,0.001187678949,-0.043556904054
0.302134022600,-0.038495126720,0.001247005801,-0.017944654728
0.299506770300,-0.038469500434,0.001286204982,-0.015156057384
0.296879517900,-0.038393128249,0.001269051117,-0.041814306539
0.294252265500,-0.038237191380,0.001357123294,-0.026204055024
0.291625013200,-0.038213504901,0.001447703891,-0.008836194677
0.288997760800,-0.038155087797,0.001490487833,-0.050049667679
0.286370508400,-0.037992035157,0.001588935451,-0.047257293269
0.283743256000,-0.037915424829,0.001740008138,-0.012996531031
0.281116003700,-0.037925863911,0.001958852744,-0.002422149277
0.278488751300,-0.037966564519,0.002173033087,-0.009683337090
0.275861498900,-0.037959178441,0.002272926918,-0.029134183286
0.273234246600,-0.037888969103,0.002459603648,-0.038159486658
0.270606994200,-0.037838122296,0.002601798521,-0.031389177000
0.267979741800,-0.037828430436,0.002729879492,-0.031433166797
0.265352489400,-0.037799840240,0.002985140474,-0.013836214815
0.262725237100,-0.037792338068,0.003315469336,-0.021513537594
0.260097984700,-0.037675030936,0.003526698900,-0.039551766120
0.257470732300,-0.037585782384,0.003676382082,-0.005185425247
0.254843480000,-0.037604810443,0.003867099777,0.035434143221
0.252216227600,-0.037706647285,0.004020715302,0.042630946528
0.249588975200,-0.037790167250,0.004177981080,0.064148649181
0.246961722900,-0.037943935533,0.004344753950,0.099307167730
0.244334470500,-0.038263157105,0.004478377772,0.147495333609
0.241707218100,-0.038713494133,0.004691480679,0.172240698844
0.239079965700,-0.039170246774,0.004856895021,0.178380974807
0.236452713400,-0.039571681367,0.004936866806,0.168212650746
0.233825461000,-0.039956745731,0.005055680130,0.138324444442
0.231198208600,-0.040267783977,0.005173568594,0.085905521787
0.228570956300,-0.040372537942,0.005132696670,0.027581275854
0.225943703900,-0.040381576635,0.005095784496,-0.014064779060
0.223316451500,-0.040310761058,0.005090864762,-0.028957754615
0.220689199100,-0.040302074187,0.005041504601,-0.004402163024
0.218061946800,-0.040363202590,0.005025510529,-0.012893315067
0.215434694400,-0.040344107931,0.004975136552,0.003862567241
0.212807442000,-0.040475549618,0.004772891589,0.049613114473
0.210180189700,-0.040615428266,0.004541293558,0.070592868151
0.207552937300,-0.040736276351,0.004489295784,0.085853041391
0.204925684900,-0.040940313822,0.004407064181,0.134937610671
0.202298432500,-0.041322580585,0.004109634515,0.172117059428
0.199671180200,-0.041682629936,0.003818251250,0.185711810863
0.197043927800,-0.042108170814,0.003606202593,0.176392769243
0.194416675400,-0.042439335871,0.003413241814,0.137586638834
0.191789423100,-0.042677223624,0.003296871986,0.142583111098
0.189162170700,-0.042982207983,0.003159622315,0.179142882444
0.186534918300,-0.043369561758,0.002908964360,0.172789696493
0.183907666000,-0.043630146300,0.002779034498,0.134880732296
0.181280413600,-0.043811266305,0.002580381585,0.135541981839
0.178653161200,-0.044047053606,0.002270443593,0.114468333828
0.176025908800,-0.044142206581,0.001999261261,0.064706694913
0.173398656500,-0.044115521123,0.001713826613,0.074898449217
0.170771404100,-0.044280519239,0.001444493754,0.119161500218
0.168144151700,-0.044470475330,0.001349869424,0.100668268231
0.165516899400,-0.044472057856,0.001266447706,0.040064218027
0.162889647000,-0.044378777395,0.001044550905,0.032125747143
0.160262394600,-0.044358401399,0.000781069746,0.082984320855
0.157635142200,-0.044537103454,0.000607606605,0.176366239455
0.155007889900,-0.045026726068,0.000479497185,0.287603535690
0.152380637500,-0.045791637389,0.000314653639,0.283984077461
0.149753385100,-0.046219102575,0.000115782023,0.150420424619
0.147126132800,-0.046392743678,0.000035395340,0.058228554819
0.144498880400,-0.046454350317,-0.000033198951,0.062734525710
0.141871628000,-0.046604204201,0.000014780631,0.086067789422
0.139244375600,-0.046798329863,0.000069527293,0.095341033132
0.136617123300,-0.046987513906,0.000028038519,0.128759958668
0.133989870900,-0.047434032849,0.000179249122,0.177079146572
0.131362618500,-0.047990314259,0.000419922031,0.188141419274
0.128735366200,-0.048480721851,0.000688148195,0.180873064385
0.126108113800,-0.048938830011,0.000921398610,0.125154881887
0.123480861400,-0.049135200261,0.001107037378,0.061951245679
0.120853609000,-0.049296941498,0.001561625379,0.015402470585
0.118226356700,-0.049268289444,0.002036301449,-0.014864857426
0.115599104300,-0.049277381810,0.002423632681,0.005087114911
0.112971851900,-0.049381581604,0.002814662649,-0.004702873512
0.110344599600,-0.049350001942,0.003075231624,-0.074964351547
0.107717347200,-0.049043684699,0.003249249071,-0.181441454220
0.105090094800,-0.048434235716,0.003407148430,-0.252906325181
0.102462842500,-0.047755382098,0.003477465102,-0.253796916455
0.099835590100,-0.047140766255,0.003572711452,-0.189162765448
0.097208337700,-0.046842349962,0.003584264884,-0.111118416339
0.094581085300,-0.046678117312,0.003475971438,-0.045013463016
0.091953833000,-0.046720719857,0.003480638313,0.025196154325
0.089326580600,-0.046980290360,0.003459158820,0.091971936163
0.086699328200,-0.047266191185,0.003361953122,0.155043536262
0.084072075900,-0.047653982689,0.003340605099,0.207141902555
0.081444823500,-0.048169867354,0.003482726006,0.148594856611
0.078817571100,-0.048419143022,0.003494477856,0.064918170367
0.076190318700,-0.048481420125,0.003485751631,-0.006185979881
0.073563066400,-0.048377610341,0.003542586133,-0.043205670600
0.070935814000,-0.048150416655,0.003796722501,-0.066392357472
0.068308561600,-0.047886590806,0.003899439399,-0.065460015547
0.065681309300,-0.047672721709,0.004027593102,0.005275129709
0.063054056900,-0.047779648869,0.004202261689,0.104652870266
0.060426804500,-0.048054452292,0.004427140447,0.120826094689
0.057799552100,-0.048295360064,0.004561153545,0.114668170722
0.055172299800,-0.048571471892,0.004653047566,0.138837145682
0.052545047400,-0.048824805137,0.004675345505,0.131455573126
0.049917795000,-0.049078986405,0.004710870591,0.131978408951
0.047290542700,-0.049341862560,0.004664284300,0.102888105598
0.044663290300,-0.049450120452,0.004685225684,0.056164741354
0.042036037900,-0.049522374488,0.004641040829,0.076566079204
0.039408785500,-0.049742253220,0.004389030705,0.174363814137
0.036781533200,-0.050309407353,0.004129752441,0.203935613249
0.034154280800,-0.050662126430,0.004058426728,0.167557965918
0.031527028400,-0.051101492897,0.004021345985,0.168527651266
0.028899776100,-0.051529222827,0.003824861513,0.134178505931
0.026272523700,-0.051776687300,0.003645433930,0.063465034245
0.023645271300,-0.051924904112,0.003412852644,0.060080954855
0.021018019000,-0.052108852062,0.003240511318,0.047618974959
0.018390766600,-0.052309681779,0.002968717507,0.084632051927
0.015763514200,-0.052663617303,0.002807323013,0.059741077009
0.013136261800,-0.052668381723,0.002767676608,-0.074143165596
0.010509009500,-0.052391395546,0.002509347562,-0.200069594382
0.007881757100,-0.051763971535,0.002158357969,-0.310054582363
0.005254504700,-0.051025946550,0.001643221481,-0.367719004928
0.002627252400,-0.050037365112,0.001370900457,-1.661343964502
0.000000000000,-0.042431589305,0.001298846340,-2.941368858841
