0.391460603250,0.004046622092,-0.000190328901,0.680892287540
0.388833350880,0.002229321715,-0.000282301531,0.446782092026
0.386206098510,0.001705137959,0.000069820113,-0.069696002536
0.383578846140,0.002625447170,0.000194275654,-0.091692744047
0.380951593770,0.002292589943,0.000176450100,0.072979559493
0.378324341400,0.002351590981,0.000295456879,0.007397637260
0.375697089030,0.002345893984,0.000400414507,-0.062680414416
0.373069836660,0.002675435492,0.000263241774,-0.135627847696
0.370442584290,0.002885332594,0.000307069659,-0.236022922803
0.367815331920,0.003759533566,0.000126004248,-0.075940848282
0.365188079550,0.003221359106,0.000158853893,0.095311134741
0.362560827170,0.003161451937,0.000193356023,-0.064642371594
0.359933574800,0.003440502677,0.000144712557,0.095792935970
0.357306322430,0.002535304150,0.000142689821,0.167671454565
0.354679070060,0.002583448895,0.000163730813,-0.026960371978
0.352051817690,0.002659268439,0.000173641722,-0.062895534104
0.349424565320,0.002850163857,0.000182680992,-0.131756594916
0.346797312950,0.003133324032,0.000266247377,-0.135477775500
0.344170060580,0.003354520226,0.000351736742,-0.104596230001
0.341542808210,0.003498558728,0.000375496274,-0.115963812475
0.338915555840,0.003742844970,0.000495285982,-0.113767726561
0.336288303460,0.003972436971,0.000648967258,-0.108497239076
0.333661051090,0.004115498461,0.000939511088,-0.064538551885
0.331033798720,0.004137640547,0.001156654788,-0.035413669901
0.328406546350,0.004143101452,0.001455480897,-0.035322598274
0.325779293980,0.004156037292,0.001771773102,-0.039883258245
0.323152041610,0.004251325879,0.001982368391,-0.026892266197
0.320524789240,0.004276181975,0.002145873361,0.010977841901
0.317897536870,0.004252760007,0.002345196651,-0.025197915677
0.315270284500,0.004383407972,0.002476632102,-0.051566235947
0.312643032100,0.004587811135,0.002605771289,-0.048997617083
0.310015779800,0.004750592018,0.002587281063,-0.069222641523
0.307388527400,0.005026103081,0.002479210945,-0.093192768567
0.304761275000,0.005280379145,0.002414803893,-0.063188177972
0.302134022600,0.005419315275,0.002447562455,-0.056829957631
0.299506770300,0.005651176968,0.002452513912,-0.061335703784
0.296879517900,0.005815941446,0.002487384247,-0.034542695751
0.294252265500,0.005885515193,0.002424359896,-0.027758345104
0.291625013200,0.005969581319,0.002324826714,-0.033204245206
0.288997760800,0.006055736129,0.002223157182,-0.049197254602
0.286370508400,0.006159397437,0.002180469179,-0.028932387782
0.283743256000,0.006242502886,0.001982078316,-0.021662168372
0.281116003700,0.006230048401,0.002068113567,-0.002749587987
0.278488751300,0.006151055590,0.002137656833,0.001840697361
0.275861498900,0.006091511549,0.002163042407,0.026438712863
0.273234246600,0.005891127153,0.002267196404,0.061810636350
0.270606994200,0.005690338544,0.002347389528,0.053743099820
0.267979741800,0.005574370265,0.002583744290,0.059447307332
0.265352489400,0.005397718564,0.002713258224,0.059484844554
0.262725237100,0.005354245805,0.002869792975,0.030891028924
0.260097984700,0.005347923404,0.002999036890,0.013592795767
0.257470732300,0.005373431370,0.002991330010,0.004041727621
0.254843480000,0.005407102541,0.002994434678,0.004177845169
0.252216227600,0.005450725127,0.002992172257,-0.012473155582
0.249588975200,0.005524341533,0.003043002775,0.006204996728
0.246961722900,0.005468664458,0.002969259745,0.029693696901
0.244334470500,0.005480891566,0.002887904166,0.028623435952
0.241707218100,0.005464911078,0.002883395203,0.040896171403
0.239079965700,0.005423004289,0.002892262314,0.038367760495
0.236452713400,0.005462883389,0.002926318061,0.015060158425
0.233825461000,0.005541406583,0.002940378388,0.009139493164
0.231198208600,0.005576810243,0.002898575235,0.010105355382
0.228570956300,0.005609966183,0.002962051345,0.008159875796
0.225943703900,0.005650540486,0.002931381315,0.019978638826
0.223316451500,0.005605005955,0.002805318731,0.067435393874
0.220689199100,0.005398548117,0.002876238563,0.123060942700
0.218061946800,0.005075174027,0.002917490804,0.158729451360
0.215434694400,0.004660066520,0.002972595676,0.187777516125
0.212807442000,0.004153547747,0.002954669609,0.162866439729
0.210180189700,0.003886916836,0.002939394266,0.091042796158
0.207552937300,0.003715492033,0.002944074598,0.240042291590
0.204925684900,0.002645290164,0.003002220434,0.071049449922
0.202298432500,0.003578488817,0.002990613027,-0.154533440406
0.199671180200,0.003535227436,0.003034034576,0.089645904537
0.197043927800,0.003203921300,0.003060387273,0.189541638562
0.194416675400,0.002676822169,0.002902017098,0.189372637713
0.191789423100,0.002273608002,0.002870740616,0.157093176772
0.189162170700,0.001975286428,0.002864179075,0.098328214443
0.186534918300,0.001848845951,0.002599815623,0.074848095465
0.183907666000,0.001663181872,0.002469402452,0.093718527586
0.181280413600,0.001420025681,0.002196061995,0.101504715280
0.178653161200,0.001220574275,0.001803881527,0.084449063372
0.176025908800,0.001073644412,0.001625635336,0.019112338335
0.173398656500,0.001235030816,0.001502237816,-0.043232490168
0.170771404100,0.001379653441,0.001331215197,-0.009494650808
0.168144151700,0.001317969736,0.001106253110,0.020374472341
0.165516899400,0.001285554469,0.000899061599,-0.012988607154
0.162889647000,0.001349410413,0.000754179632,-0.046688039799
0.160262394600,0.001415972644,0.000665894958,-0.060828589050
0.157635142200,0.001520881855,0.000597999616,-0.071476133429
0.155007889900,0.001684083988,0.000638158425,-0.044336434439
0.152380637500,0.001617937854,0.000740581615,0.020172636510
0.149753385100,0.001528501952,0.000743491537,-0.025188162735
0.147126132800,0.001674468792,0.000874564897,-0.073660030252
0.144498880400,0.001843180476,0.000925608615,-0.089378342773
0.141871628000,0.002074086536,0.000999799044,-0.083953679021
0.139244375600,0.002221041875,0.001022022156,-0.037949564667
0.136617123300,0.002225680086,0.001161523548,-0.016339776570
0.133989870900,0.002264767414,0.001364780916,0.020203862824
0.131362618500,0.002094040847,0.001507546042,0.037950553750
0.128735366200,0.002052362673,0.001715526976,-0.010138138491
0.126108113800,0.002184597049,0.001703785418,-0.052239101239
0.123480861400,0.002275816017,0.001781268435,-0.100845081713
0.120853609000,0.002660113576,0.001629826452,-0.158309202903
0.118226356700,0.003125057471,0.001458692443,-0.122611255820
0.115599104300,0.003391816210,0.001303363747,-0.079337265170
0.112971851900,0.003601582441,0.001042301843,-0.014016508684
0.110344599600,0.003481487960,0.000707756427,0.049885284960
0.107717347200,0.003312297084,0.000564298439,0.071691753910
0.105090094800,0.003121517844,0.000473717190,0.100425312090
0.102462842500,0.002866242029,0.000460232503,0.127136787277
0.099835590100,0.002534911708,0.000458892490,0.129267778081
0.097208337700,0.002264746695,0.000449555094,0.097527851310
0.094581085300,0.002159470802,0.000649848860,0.090109963265
0.091953833000,0.001911221508,0.000705786840,0.119712370172
0.089326580600,0.001635525293,0.000844949814,0.116926803176
0.086699328200,0.001461327265,0.000900500010,0.157321363156
0.084072075900,0.001089930921,0.000834816599,0.245333583230
0.081444823500,0.000433573106,0.000756860029,0.234253270854
0.078817571100,0.000085785444,0.000789229293,0.186029717958
0.076190318700,-0.000366212816,0.000807434176,0.162980048823
0.073563066400,-0.000588696565,0.000834895382,0.093630517146
0.070935814000,-0.000620438790,0.000756018127,0.035356647775
0.068308561600,-0.000553324739,0.000747336108,0.008200488122
0.065681309300,-0.000495285123,0.000837535398,0.053923682213
0.063054056900,-0.000703475009,0.000872535086,0.138799285753
0.060426804500,-0.001104014179,0.001036004480,0.165235587535
0.057799552100,-0.001405104241,0.001129287761,0.130266267011
0.055172299800,-0.001595680697,0.001199985057,0.055865577162
0.052545047400,-0.001557668101,0.001267252493,-0.027407767413
0.049917795000,-0.001349150541,0.001250479739,-0.045840469751
0.047290542700,-0.001176132372,0.001287162479,-0.011046539454
0.044663290300,-0.001157349943,0.001266848898,0.031136541916
0.042036037900,-0.001201581153,0.001210102833,0.047373429439
0.039408785500,-0.001286199993,0.001279483466,0.039707911751
0.036781533200,-0.001355603908,0.001287518926,0.075977496770
0.034154280800,-0.001627923501,0.001252932436,0.122899031909
0.031527028400,-0.001961065568,0.001230208877,0.142236561861
0.028899776100,-0.002355684004,0.001267096357,0.140448871125
0.026272523700,-0.002595319345,0.001345859935,0.004929280898
0.023645271300,-0.002328052218,0.001200414528,0.002438996284
0.021018019000,-0.002541030980,0.001152377519,0.240980897564
0.018390766600,-0.003506967642,0.001288372598,0.268682738714
0.015763514200,-0.003919492682,0.001377639608,0.119303333191
0.013136261800,-0.004166521072,0.001385354724,0.135198204142
0.010509009500,-0.004563698689,0.001365446714,0.179639753302
0.007881757100,-0.004953531193,0.001045039164,0.133719614198
0.005254504700,-0.005121686952,0.000728227615,-0.024568367354
0.002627252400,-0.004700691886,0.000438475278,-0.247217935446
0.000000000000,-0.003701448244,0.000413110769,-0.365577936440
