0.391460603250,-0.000424180652,0.000633805429,-0.332814865246
0.388833350880,0.000536786990,0.000996347028,-0.441422149148
0.386206098510,0.001726646569,0.001282421229,-0.049192398402
0.383578846140,0.000552128586,0.001153917636,0.202283316390
0.380951593770,0.000617110873,0.001265599531,-0.018763362929
0.378324341400,0.000552544040,0.001450692839,0.049625188254
0.375697089030,0.000317598777,0.001487265478,0.093105900783
0.373069836660,0.000065001783,0.001406770139,0.103573997414
0.370442584290,-0.000204513249,0.001541969147,0.093842315731
0.367815331920,-0.000352579832,0.001677704718,0.052790173845
0.365188079550,-0.000352663752,0.001860999744,0.000198725318
0.362560827170,-0.000270386942,0.001947867998,-0.024887888313
0.359933574800,-0.000194805365,0.002085208063,-0.054813005429
0.357306322430,0.000080643427,0.002101884666,-0.106869970947
0.354679070060,0.000389326724,0.002163930586,-0.072894387249
0.352051817690,0.000574837419,0.002186660169,-0.079277564150
0.349424565320,0.000941796302,0.002075290359,-0.125102494756
0.346797312950,0.001321676402,0.001925972045,-0.137456931541
0.344170060580,0.001672547972,0.001907021208,-0.120847064362
0.341542808210,0.002015796961,0.001840740142,-0.141812443361
0.338915555840,0.002472209001,0.001696967261,-0.137679110722
0.336288303460,0.002765053073,0.001496216784,-0.099195148171
0.333661051090,0.002785549977,0.001280907287,-0.027959086897
0.331033798720,0.002886826083,0.001254235086,-0.022588115465
0.328406546350,0.002902276529,0.001171946101,-0.012680631437
0.325779293980,0.002921624463,0.001089070525,-0.026800764928
0.323152041610,0.002990509194,0.001087322530,-0.035136620652
0.320524789240,0.003041063664,0.001095400368,-0.042628275448
0.317897536870,0.003144942984,0.001190921146,-0.042556657160
0.315270284500,0.003249962656,0.001190739212,-0.048242692211
0.312643032100,0.003381074358,0.001170616356,-0.061884100414
0.310015779800,0.003532067280,0.001215860801,-0.068214926173
0.307388527400,0.003644456361,0.001265583500,-0.073056530119
0.304761275000,0.003818508347,0.001246788219,-0.062301960595
0.302134022600,0.003952183110,0.001138010773,-0.065783856021
0.299506770300,0.004104584310,0.001107915660,-0.033553662055
0.296879517900,0.004112091214,0.001167458977,0.009754965134
0.294252265500,0.004043678780,0.001197509945,-0.004960249428
0.291625013200,0.004098619073,0.001250036950,-0.025651287678
0.288997760800,0.004100265583,0.001285561026,-0.004397263813
0.286370508400,0.004057229123,0.001448109178,-0.007546587323
0.283743256000,0.004085740779,0.001617119312,-0.012355751265
0.281116003700,0.004064429911,0.001779519162,-0.001957104457
0.278488751300,0.004043896957,0.001903212964,0.001488492752
0.275861498900,0.004052425100,0.002017769042,0.001655325228
0.273234246600,0.004059177415,0.002181196229,-0.002562008242
0.270606994200,0.004106729283,0.002377817103,-0.003578451640
0.267979741800,0.004082045965,0.002632180127,-0.009609005566
0.265352489400,0.004090477442,0.002919641796,-0.013021452779
0.262725237100,0.004065071148,0.003072993151,-0.030235968439
0.260097984700,0.004168340235,0.003126611777,-0.056139862582
0.257470732300,0.004274202502,0.003346717005,-0.047792400044
0.254843480000,0.004341312136,0.003562472224,-0.040635403421
0.252216227600,0.004435011560,0.003715621787,-0.038797687223
0.249588975200,0.004461390515,0.003919560565,-0.021202241380
0.246961722900,0.004416990492,0.004220584087,0.020288773432
0.244334470500,0.004244466252,0.004492901832,0.069145734795
0.241707218100,0.004012953195,0.004613556350,0.077169783346
0.239079965700,0.003780453713,0.004686274941,0.086336051570
0.236452713400,0.003486195946,0.004774401269,0.096031172636
0.233825461000,0.003202962994,0.004834111010,0.093878714442
0.231198208600,0.002896741525,0.004960264817,0.079260076722
0.228570956300,0.002659186438,0.005066835430,0.065056740056
0.225943703900,0.002471849382,0.004981433403,0.039141781508
0.223316451500,0.002331687256,0.004955219092,0.022476253208
0.220689199100,0.002274558560,0.004929053573,0.002395424985
0.218061946800,0.002271734610,0.004952754374,0.025206208251
0.215434694400,0.002114190809,0.004944269636,0.048953179659
0.212807442000,0.001988018865,0.004955247839,0.030909530860
0.210180189700,0.001999286757,0.004849524133,0.020860451451
0.207552937300,0.001983315671,0.004741038024,0.032780806955
0.204925684900,0.001908617137,0.004588052219,0.044049310309
0.202298432500,0.001854561960,0.004553498710,0.055690865119
0.199671180200,0.001721307323,0.004469839035,0.102090421418
0.197043927800,0.001488206841,0.004277132245,0.123983425319
0.194416675400,0.001300476849,0.004134711687,0.122809784179
0.191789423100,0.001116509154,0.004052062068,0.142475006199
0.189162170700,0.000881844585,0.003887054175,0.170479918291
0.186534918300,0.000570578299,0.003752808629,0.174685810981
0.183907666000,0.000277169809,0.003549645940,0.157306767333
0.181280413600,-0.000003531526,0.003277730612,0.145269227757
0.178653161200,-0.000239900100,0.003059327808,0.145342932270
0.176025908800,-0.000498684072,0.002769405960,0.117031331529
0.173398656500,-0.000598304553,0.002489148722,0.038834901372
0.170771404100,-0.000572065836,0.002291389763,0.022035258344
0.168144151700,-0.000570688612,0.002106839703,0.035639264837
0.165516899400,-0.000565553450,0.001982535462,0.022269305303
0.162889647000,-0.000490522588,0.001841030474,0.020134030228
0.160262394600,-0.000428890851,0.001508964293,0.032800912969
0.157635142200,-0.000569731347,0.001325422463,0.156528632190
0.155007889900,-0.001073105828,0.001099630829,0.308662993505
0.152380637500,-0.001978424940,0.000901205252,0.405874127418
0.149753385100,-0.002996804621,0.000530942939,0.354183527099
0.147126132800,-0.003655547671,0.000178835883,0.201455086396
0.144498880400,-0.003828658425,0.000097785620,0.078067434488
0.141871628000,-0.003852804123,-0.000144032258,0.074900837550
0.139244375600,-0.004025713722,-0.000195920914,0.121895159566
0.136617123300,-0.004312283663,-0.000188228537,0.171149957194
0.133989870900,-0.004845792977,-0.000210116646,0.241595225073
0.131362618500,-0.005549626812,-0.000204779145,0.246812194337
0.128735366200,-0.006140141486,0.000039923563,0.215319188284
0.126108113800,-0.006647278078,0.000286737642,0.184690126431
0.123480861400,-0.007072176263,0.000384263524,0.131246653815
0.120853609000,-0.007315561075,0.000651687710,0.095747261539
0.118226356700,-0.007522831664,0.001046688652,0.071125427747
0.115599104300,-0.007628101892,0.001263580221,0.054079031599
0.112971851900,-0.007773134664,0.001752770217,0.033101738178
0.110344599600,-0.007845347933,0.002224576026,-0.024151509806
0.107717347200,-0.007690325893,0.002444104075,-0.119824357724
0.105090094800,-0.007270646682,0.002652182648,-0.229622518681
0.102462842500,-0.006563131488,0.002838766787,-0.292654221012
0.099835590100,-0.005752556055,0.002887501071,-0.298367102379
0.097208337700,-0.004990602459,0.002877141426,-0.217807423491
0.094581085300,-0.004635527462,0.002794498359,-0.146135261432
0.091953833000,-0.004290129572,0.002726923179,-0.070198613674
0.089326580600,-0.004252193656,0.002787130854,0.026969837318
0.086699328200,-0.004390744688,0.002839078670,0.072839485108
0.084072075900,-0.004615017151,0.003029725284,0.088455908195
0.081444823500,-0.004903659436,0.003120228202,0.100897468439
0.078817571100,-0.005192453327,0.003080643737,0.090729926149
0.076190318700,-0.005420375818,0.003127502915,0.055903430658
0.073563066400,-0.005509914967,0.003265479545,-0.002281058223
0.070935814000,-0.005425472587,0.003323277103,-0.001534277683
0.068308561600,-0.005482863304,0.003444269153,0.040728762130
0.065681309300,-0.005603152642,0.003759959261,0.076780126959
0.063054056900,-0.005811788557,0.003955925286,0.057090749476
0.060426804500,-0.005872455390,0.004232516803,0.023886355375
0.057799552100,-0.005940756962,0.004435059278,0.059687392477
0.055172299800,-0.006140835383,0.004607474034,0.075961610429
0.052545047400,-0.006216645304,0.004728827277,0.082561351828
0.049917795000,-0.006483521613,0.004671121806,0.120125192588
0.047290542700,-0.006764661685,0.004649149719,0.094105639820
0.044663290300,-0.006921959712,0.004599849037,0.030532538735
0.042036037900,-0.006980132590,0.004313289878,0.011298735101
0.039408785500,-0.006996801697,0.003878202616,0.055655085086
0.036781533200,-0.007227276497,0.003581408584,0.120617081586
0.034154280800,-0.007504957500,0.003451851520,0.110730285653
0.031527028400,-0.007713795116,0.003308912172,0.103042134254
0.028899776100,-0.007920598912,0.003144368344,0.059907579646
0.026272523700,-0.007914560407,0.002825278190,-0.103715393543
0.023645271300,-0.007258313712,0.002427578884,-0.141714048128
0.021018019000,-0.007087399166,0.002244951858,0.229717782138
0.018390766600,-0.008371338320,0.002607119025,0.318737930986
0.015763514200,-0.008730386795,0.002598177352,0.046889303917
0.013136261800,-0.008633704956,0.002300538239,-0.055163798425
0.010509009500,-0.008409217044,0.001923001512,-0.096398647169
0.007881757100,-0.008266271958,0.001850607504,-0.153873765706
0.005254504700,-0.007635541159,0.001576424296,-0.343648822059
0.002627252400,-0.006547234284,0.001228861696,-0.370999287580
0.000000000000,-0.005632340931,0.000787915555,-0.340881647319
