0.391460603250,0.036794141681,0.000270303848,-0.080737994576
0.388833350880,0.037055567991,0.000058266617,-0.036481729798
0.386206098510,0.037055183103,-0.000145167421,0.160556137042
0.383578846140,0.036237737039,-0.000423354486,0.158487652467
0.380951593770,0.036249588493,-0.000435748863,0.036841976828
0.378324341400,0.036036093907,-0.000412442792,0.382080259013
0.375697089030,0.034313125478,-0.000356594923,0.308271733993
0.373069836660,0.034449044303,-0.000302138814,-0.047470178588
0.370442584290,0.034595116367,-0.000278817404,-0.054980148105
0.367815331920,0.034787009122,-0.000191127366,-0.064064655988
0.365188079550,0.034948612474,0.000016780567,-0.076931562680
0.362560827170,0.035197573169,0.000163511586,-0.099283428752
0.359933574800,0.035486865126,0.000250159344,-0.082152047528
0.357306322430,0.035613998807,0.000301276201,-0.066912946447
0.354679070060,0.035868062613,0.000433135618,-0.062167671500
0.352051817690,0.035991187489,0.000679731358,-0.036371689855
0.349424565320,0.036062670224,0.000802760725,-0.063283297805
0.346797312950,0.036324260151,0.000903098045,-0.145075071761
0.344170060580,0.036716215280,0.001000724259,-0.048324239634
0.341542808210,0.036382811829,0.001093283554,-0.179599294113
0.338915555840,0.037441382732,0.001204643825,-0.377514565475
0.336288303460,0.038327207881,0.001334244391,-0.282344985049
0.333661051090,0.038934141787,0.001343332087,-0.203638180388
0.331033798720,0.039416204497,0.001388391671,-0.151233342096
0.328406546350,0.039733226551,0.001345942487,-0.110011499068
0.325779293980,0.039955618962,0.001397211940,-0.086297790266
0.323152041610,0.040217259243,0.001506310276,-0.107986993516
0.320524789240,0.040478216038,0.001732932366,-0.104442796895
0.317897536870,0.040708175268,0.001756349985,-0.083296369019
0.315270284500,0.040842288611,0.001704652005,-0.042692326581
0.312643032100,0.040883263272,0.001704356959,-0.015628043146
0.310015779800,0.040879062055,0.001772176837,-0.009408951548
0.307388527400,0.040886293422,0.001717448100,-0.010420348896
0.304761275000,0.040901216662,0.001683062490,0.012097404782
0.302134022600,0.040811294451,0.001815417477,0.029477733060
0.299506770300,0.040678850408,0.001821764631,0.056124440084
0.296879517900,0.040469102370,0.001839896160,0.077718387666
0.294252265500,0.040241291993,0.001879862811,0.065466186616
0.291625013200,0.040086144470,0.001871190056,0.059954732057
0.288997760800,0.039916254633,0.001978131516,0.049882438794
0.286370508400,0.039801146262,0.002247815394,0.021042556744
0.283743256000,0.039746629786,0.002505044605,0.007814096911
0.281116003700,0.039729081216,0.002677010377,0.007299047449
0.278488751300,0.039702341902,0.002733348805,0.002576837567
0.275861498900,0.039713343304,0.002777039932,0.009859967755
0.273234246600,0.039697198799,0.002868580431,-0.001663768326
0.270606994200,0.039803866778,0.003004401398,-0.054445774825
0.267979741800,0.039969149227,0.002951816176,-0.062664429671
0.265352489400,0.040111434821,0.002939800134,-0.026666175367
0.262725237100,0.040161513109,0.002999670396,-0.014913917284
0.260097984700,0.040283421999,0.002938092011,-0.021239113619
0.257470732300,0.040436725555,0.002893689766,0.015584965888
0.254843480000,0.040426946533,0.002862514858,0.043247301179
0.252216227600,0.040433040128,0.002726729453,0.029647100009
0.249588975200,0.040513461612,0.002627111420,0.029261983547
0.246961722900,0.040581864747,0.002495800782,0.015048560332
0.244334470500,0.040713108545,0.002210372125,0.043724068755
0.241707218100,0.040637107093,0.002084214766,0.081290788279
0.239079965700,0.040522491507,0.002117746679,0.112105702436
0.236452713400,0.040278837283,0.002182458009,0.328209587942
0.233825461000,0.039062618547,0.002016632311,0.056058393603
0.231198208600,0.039518777233,0.002537427597,0.076635441024
0.228570956300,0.038943176575,0.002709508575,0.245306737504
0.225943703900,0.038497758623,0.002949458953,0.182073401359
0.223316451500,0.038203702921,0.003259162333,0.131390364349
0.220689199100,0.038017034427,0.003403710577,0.093863318171
0.218061946800,0.037936427520,0.003512208258,0.064528116107
0.215434694400,0.037888294928,0.003549653426,0.075591322300
0.212807442000,0.037762845106,0.003559703647,0.092016662750
0.210180189700,0.037575495838,0.003560887700,0.116722582839
0.207552937300,0.037262076836,0.003371063266,0.157526715792
0.204925684900,0.036862590007,0.003167876411,0.184674089229
0.202298432500,0.036389253834,0.002991309372,0.196344336445
0.199671180200,0.035938359832,0.002849662023,0.223037716826
0.197043927800,0.035304243001,0.002669571750,0.274927481725
0.194416675400,0.034598105514,0.002330639015,0.232712207470
0.191789423100,0.034125085252,0.002033253986,0.202099006581
0.189162170700,0.033557281145,0.001584308789,0.247627955137
0.186534918300,0.032868594666,0.000995973629,0.183827339788
0.183907666000,0.032652040038,0.000534343725,0.065455184883
0.181280413600,0.032577490101,0.000209012157,-0.025993287852
0.178653161200,0.032742510638,0.000069400418,-0.141714743179
0.176025908800,0.033175174202,0.000006030895,-0.202706182346
0.173398656500,0.033629511519,-0.000032800536,-0.227769109118
0.170771404100,0.034158000836,-0.000097271767,-0.258622223631
0.168144151700,0.034680562040,-0.000137373257,-0.210084885889
0.165516899400,0.035104859460,-0.000142245509,-0.179792844320
0.162889647000,0.035470360502,0.000007549533,-0.143386672231
0.160262394600,0.035654818734,0.000068740798,-0.130095925351
0.157635142200,0.035977312831,0.000150710767,-0.146618796347
0.155007889900,0.036148236787,0.000273220147,-0.099616896677
0.152380637500,0.036174571119,0.000349653046,-0.093169151191
0.149753385100,0.036344119280,0.000546262036,-0.063750178356
0.147126132800,0.036295391615,0.000711298485,-0.047715718055
0.144498880400,0.036321121653,0.000873558434,-0.075177973312
0.141871628000,0.036447294201,0.000994617716,-0.099277178050
0.139244375600,0.036620453518,0.001061472381,-0.113089955761
0.136617123300,0.036822459394,0.001186185256,-0.119659101817
0.133989870900,0.037049684477,0.001324375208,-0.102945452053
0.131362618500,0.037197223736,0.001280600233,-0.095479501111
0.128735366200,0.037384507027,0.001263220336,-0.095643178451
0.126108113800,0.037539879806,0.001290911698,-0.018793920566
0.123480861400,0.037432267625,0.001162601343,0.048622623351
0.120853609000,0.037288098322,0.001114829016,0.054947846603
0.118226356700,0.037211785494,0.001135782200,0.099368209366
0.115599104300,0.036871188412,0.001112332712,0.189600143657
0.112971851900,0.036366355388,0.001034515983,0.216698300970
0.110344599600,0.035970780239,0.000969758484,0.203691042745
0.107717347200,0.035499818333,0.000940558166,0.188536415400
0.105090094800,0.035193726996,0.000884968849,0.085992212682
0.102462842500,0.035212108054,0.001013351160,-0.014728315056
0.099835590100,0.035410136535,0.001084200028,-0.061790140721
0.097208337700,0.035718601110,0.000867766932,-0.046596229607
0.094581085300,0.035728717331,0.000838326385,0.046954652548
0.091953833000,0.035595037078,0.000950735922,0.123262065993
0.089326580600,0.035215459982,0.000787092152,0.173399777217
0.086699328200,0.034831624509,0.000646295272,0.134819175835
0.084072075900,0.034630750648,0.000525062606,0.101758930483
0.081444823500,0.034456521380,0.000423920038,0.085603795150
0.078817571100,0.034341952709,0.000330498546,0.109003461219
0.076190318700,0.034050398183,0.000244126038,0.196437119691
0.073563066400,0.033470091258,0.000294554642,0.212838785959
0.070935814000,0.033040578037,0.000313266083,0.159889800852
0.068308561600,0.032762220286,0.000373267096,0.094395852834
0.065681309300,0.032753032689,0.000476251692,-0.002779809880
0.063054056900,0.032966911455,0.000550788898,-0.088050067331
0.060426804500,0.033372802910,0.000712183614,-0.105760319403
0.057799552100,0.033628719886,0.000810464794,-0.085508811655
0.055172299800,0.033885461759,0.000938373975,-0.069035084979
0.052545047400,0.034127945148,0.001072374125,0.012360908272
0.049917795000,0.034140428768,0.001188975717,0.081294384669
0.047290542700,0.034001294899,0.001249160806,0.097042149433
0.044663290300,0.033708931019,0.001200449923,0.120685610893
0.042036037900,0.033269479904,0.001156496643,0.219542195187
0.039408785500,0.032727312336,0.001123095299,0.229608506701
0.036781533200,0.032156430496,0.000887745943,0.212852697692
0.034154280800,0.031657970302,0.000725034556,0.171879459570
0.031527028400,0.031289817618,0.000713341267,0.120631311737
0.028899776100,0.031065166289,0.000701646741,0.119798951903
0.026272523700,0.030738105916,0.000726536841,0.342772979961
0.023645271300,0.029355950572,0.000612905850,0.319187315533
0.021018019000,0.029156938081,0.000588336734,0.036407216261
0.018390766600,0.029203426836,0.000647224958,0.151680162820
0.015763514200,0.028411435106,0.000573738520,0.281775283242
0.013136261800,0.027799335363,0.000428983094,0.164621206972
0.010509009500,0.027588496161,0.000569957073,0.042474811847
0.007881757100,0.027587035099,0.000584375102,-0.055555957155
0.005254504700,0.027880381498,0.000346995746,-0.059876199003
0.002627252400,0.027915742317,0.000112023618,0.444368867565
0.000000000000,0.025468657908,-0.000138827318,0.867162889413
