0.391460603250,0.050026881678,0.000119324151,-0.041931088242
0.388833350880,0.050367624328,0.000371676725,-0.006578520770
0.386206098510,0.050219620707,0.000685150409,0.165809939149
0.383578846140,0.049834980767,0.000679338325,-0.269095435607
0.380951593770,0.051552767631,0.000753647478,-0.205807749377
0.378324341400,0.050852139250,0.000902533023,0.323530036786
0.375697089030,0.049789516146,0.000967193484,0.067170540023
0.373069836660,0.050449765567,0.001018683054,-0.334067194902
0.370442584290,0.051528850088,0.000975000353,-0.313630311806
0.367815331920,0.052132457297,0.000796305166,-0.128789505965
0.365188079550,0.052411719778,0.000970435166,-0.092561847255
0.362560827170,0.052623144130,0.000936989043,-0.085137502780
0.359933574800,0.052816289276,0.001034862351,-0.105246254143
0.357306322430,0.052977388754,0.001045746336,-0.036147836766
0.354679070060,0.053147345676,0.001056683042,-0.026860853600
0.352051817690,0.053182689988,0.001038656268,-0.012535271461
0.349424565320,0.053267975718,0.001082890765,0.015619018990
0.346797312950,0.053374632626,0.001135277217,0.025019148087
0.344170060580,0.053445571131,0.001075125356,-0.040927669403
0.341542808210,0.053739268847,0.001113585199,-0.070167759755
0.338915555840,0.053869854658,0.001322620568,0.229099171227
0.336288303460,0.052505086387,0.001228053488,-0.134073741874
0.333661051090,0.054538278616,0.001235165563,-0.470528261707
0.331033798720,0.054918174993,0.001249096943,-0.099463369282
0.328406546350,0.055011711107,0.001296272126,-0.081107538951
0.325779293980,0.055178384901,0.001292568274,-0.092839352942
0.323152041610,0.055289492793,0.001229056180,-0.076150612895
0.320524789240,0.055352894361,0.001369254721,-0.069919837555
0.317897536870,0.055459492560,0.001541888661,-0.062204784956
0.315270284500,0.055538767422,0.001667960510,-0.086632395543
0.312643032100,0.055797243010,0.001824214129,-0.077636035526
0.310015779800,0.055889852837,0.002050231052,-0.066492652089
0.307388527400,0.056042180421,0.002092641186,-0.083288913740
0.304761275000,0.056151185644,0.002211402353,-0.071068824744
0.302134022600,0.056175763495,0.002304139919,-0.048910034097
0.299506770300,0.056227670224,0.002307690913,-0.049307019682
0.296879517900,0.056274946079,0.002252068313,-0.036040584359
0.294252265500,0.056355987852,0.002173790865,-0.032887393912
0.291625013200,0.056415255963,0.002083676119,-0.005076618161
0.288997760800,0.056344629248,0.002059276612,0.023137597739
0.286370508400,0.056243166492,0.001965550587,0.021029768546
0.283743256000,0.056197895295,0.001844853234,0.021235456184
0.281116003700,0.056092737196,0.001758600962,0.008820512373
0.278488751300,0.056073083045,0.001665369760,0.018001369167
0.275861498900,0.055871559743,0.001793330874,0.074865426137
0.273234246600,0.055634067697,0.002021263679,0.052014680002
0.270606994200,0.055586569898,0.002264897666,0.011643744782
0.267979741800,0.055535949909,0.002509151868,0.026358758829
0.265352489400,0.055426876151,0.002719785461,0.032721652403
0.262725237100,0.055354699983,0.002999328598,0.007798881036
0.260097984700,0.055416861355,0.003095503382,-0.015399009154
0.257470732300,0.055491212918,0.003168719708,-0.023352744099
0.254843480000,0.055536232619,0.003125192027,-0.005067736142
0.252216227600,0.055537117226,0.003088082829,0.005966221139
0.249588975200,0.055534069841,0.003315075458,-0.033556652935
0.246961722900,0.055648752177,0.003283826767,-0.039036601828
0.244334470500,0.055717867583,0.003243855439,-0.011904086937
0.241707218100,0.055732689915,0.003260405576,-0.020672080018
0.239079965700,0.055798195567,0.003339087239,-0.033113126911
0.236452713400,0.055900638435,0.003465660752,-0.020008697495
0.233825461000,0.055943096222,0.003423839665,-0.006497271969
0.231198208600,0.055959670294,0.003324013241,-0.022262863675
0.228570956300,0.056029892393,0.003345840550,-0.012473576375
0.225943703900,0.056074284359,0.003357417715,0.044094771900
0.223316451500,0.055867960256,0.003213162415,0.104893427492
0.220689199100,0.055601852981,0.003259587298,0.128153205120
0.218061946800,0.055258794645,0.003303199503,0.167835372525
0.215434694400,0.054746829699,0.003218432108,0.155550515002
0.212807442000,0.054414944458,0.003203280939,0.091418431979
0.210180189700,0.054298090184,0.003200556814,0.044632594834
0.207552937300,0.054233222325,0.003247959540,0.018008079160
0.204925684900,0.054280175932,0.003305856732,0.004294816389
0.202298432500,0.054261215246,0.003091813246,0.006178812864
0.199671180200,0.054184129580,0.002959078351,0.037038491422
0.197043927800,0.053954945331,0.003109380240,0.085908697912
0.194416675400,0.053679405464,0.003176519139,0.359024352625
0.191789423100,0.052062908658,0.002808969697,0.105775713443
0.189162170700,0.052557318561,0.002842870810,-0.202308597260
0.186534918300,0.052929576091,0.002734980212,-0.038365378101
0.183907666000,0.052709536049,0.002358360351,0.089052407363
0.181280413600,0.052487784196,0.002100203149,0.104884373979
0.178653161200,0.052224501109,0.001996406459,0.102207279396
0.176025908800,0.052071483805,0.001678837514,0.056954855521
0.173398656500,0.052010458778,0.001395018401,0.054469034916
0.170771404100,0.051837737540,0.001047249334,0.044357603926
0.168144151700,0.051841516467,0.000776734924,0.033961901368
0.165516899400,0.051726834793,0.000587692882,0.057236139531
0.162889647000,0.051571923531,0.000421019274,0.077819943649
0.160262394600,0.051341471875,0.000302461713,0.064166095613
0.157635142200,0.051283077454,0.000245670596,0.026156616726
0.155007889900,0.051204253214,0.000130861284,0.023224374980
0.152380637500,0.051097962064,0.000000834790,0.018239036377
0.149753385100,0.051071835881,-0.000037741097,0.018549586753
0.147126132800,0.050945582298,-0.000053331399,0.022527953912
0.144498880400,0.050897632826,-0.000070033107,-0.045573913062
0.141871628000,0.051148332896,-0.000193820590,-0.089707990408
0.139244375600,0.051306753818,-0.000202097490,-0.038838472341
0.136617123300,0.051279585949,-0.000337983009,-0.009470457263
0.133989870900,0.051226368641,-0.000537591804,-0.006478693844
0.131362618500,0.051168366620,-0.000368838092,-0.013996659629
0.128735366200,0.051192456851,-0.000343238251,-0.059625299797
0.126108113800,0.051327767819,-0.000184081716,-0.131051675804
0.123480861400,0.051713974995,0.000005733462,-0.223568046478
0.120853609000,0.052344533332,-0.000067657098,-0.262831236281
0.118226356700,0.052957346475,-0.000217562281,-0.157739250562
0.115599104300,0.053055034267,-0.000222817604,-0.009075832573
0.112971851900,0.052891519270,-0.000413638493,0.047984320936
0.110344599600,0.052651543060,-0.000708482220,0.103355350554
0.107717347200,0.052160795318,-0.000712575176,0.161147506199
0.105090094800,0.051599290691,-0.000511216744,0.135453862462
0.102462842500,0.051302144976,-0.000401791633,0.094438609701
0.099835590100,0.050889637009,-0.000290847407,0.092789714301
0.097208337700,0.050561022951,-0.000151973593,0.053693637046
0.094581085300,0.050363805283,0.000041336563,0.047637033854
0.091953833000,0.050115686164,0.000184343298,0.036919002401
0.089326580600,0.050089177591,0.000361823609,0.009031289724
0.086699328200,0.049989629555,0.000509487899,0.043999055483
0.084072075900,0.049819684451,0.000571216481,0.079659526982
0.081444823500,0.049553116216,0.000621855115,0.104555616648
0.078817571100,0.049278687095,0.000747087409,0.092860260805
0.076190318700,0.049129987208,0.000768834267,0.076846187641
0.073563066400,0.048975935849,0.000671473610,0.051106969484
0.070935814000,0.048995171869,0.000663524496,0.055571423532
0.068308561600,0.048860016583,0.000734339787,0.076254810794
0.065681309300,0.048686746479,0.000769308937,0.111167156283
0.063054056900,0.048343554159,0.000742385330,0.173318331690
0.060426804500,0.047939016594,0.000948969458,0.160015979181
0.057799552100,0.047701120670,0.001024854595,0.083015547981
0.055172299800,0.047682674590,0.001166293198,-0.007611808638
0.052545047400,0.047861630425,0.001091580311,-0.048727475130
0.049917795000,0.048019343630,0.000983238098,-0.058531272275
0.047290542700,0.048208042976,0.000791100729,-0.043530005235
0.044663290300,0.048279119761,0.000473283475,0.020553418237
0.042036037900,0.048211847217,0.000429453359,0.086356505244
0.039408785500,0.047951762826,0.000437443149,0.141531228560
0.036781533200,0.047650731606,0.000397106291,0.110058836977
0.034154280800,0.047312275783,0.000503251249,0.117776315982
0.031527028400,0.046990428197,0.000558329520,0.148413488869
0.028899776100,0.046500333424,0.000652616193,0.136376594421
0.026272523700,0.046258118747,0.000743683524,0.323195449368
0.023645271300,0.044775193847,0.000704320049,0.204539679161
0.021018019000,0.045188383177,0.000939499123,-0.133994149197
0.018390766600,0.045471566527,0.001173361610,-0.040880142422
0.015763514200,0.045375512661,0.001175834312,0.014057113590
0.013136261800,0.045373716926,0.001051155875,0.002089892531
0.010509009500,0.045400953957,0.000954927153,0.034823029452
0.007881757100,0.045175086405,0.000742968187,0.056174511516
0.005254504700,0.045156780983,0.000538648712,0.051837408990
0.002627252400,0.044947642035,0.000432346107,0.761556098568
0.000000000000,0.041165488899,0.000580874607,1.422093087040
