0.391460603250,0.042884774809,0.000444914249,-0.485405377428
0.388833350880,0.044177912523,0.000372594714,-0.136121264064
0.386206098510,0.043644728276,0.000614508024,-0.314198385290
0.383578846140,0.045725214103,0.000953335317,-0.690830350955
0.380951593770,0.047218985733,0.001178857392,-0.175324314504
0.378324341400,0.046645225222,0.001206490272,-0.019685479635
0.375697089030,0.047282604614,0.001179355969,-0.144688349319
0.373069836660,0.047370958967,0.001137480664,0.055453015360
0.370442584290,0.046938103944,0.001196249026,0.005755471633
0.367815331920,0.047268079131,0.001255822713,-0.112232158356
0.365188079550,0.047524370535,0.001272274150,-0.182441238974
0.362560827170,0.048195411272,0.001260757807,-0.182387742652
0.359933574800,0.048459414527,0.001291776285,-0.020000149590
0.357306322430,0.048345854316,0.001312918240,0.027369168106
0.354679070060,0.048286793581,0.001391047156,0.155139707329
0.352051817690,0.047525400510,0.001542771023,-0.065312728362
0.349424565320,0.048631907912,0.001740859042,-0.324473462681
0.346797312950,0.049255369592,0.001829299481,-0.094779047887
0.344170060580,0.049331510158,0.001835016860,-0.044846052166
0.341542808210,0.049509699559,0.001741887554,0.085316207604
0.338915555840,0.048985412701,0.001537799112,-0.048089049684
0.336288303460,0.049622921380,0.001721528123,-0.103995000990
0.333661051090,0.049615252439,0.001833369022,-0.005250965166
0.331033798720,0.049647957054,0.001709635035,-0.016404070836
0.328406546350,0.049639717928,0.001661917522,-0.026767096422
0.325779293980,0.049719766533,0.001612351632,-0.033683094132
0.323152041610,0.049752322728,0.001648556578,-0.025318965960
0.320524789240,0.049788706766,0.001668684914,-0.013353208910
0.317897536870,0.049787731070,0.001650837616,-0.010442703375
0.315270284500,0.049856370356,0.001682530699,-0.037185482127
0.312643032100,0.049922120050,0.001789980168,-0.034794871526
0.310015779800,0.049996254517,0.001850896827,0.009407095876
0.307388527400,0.049854533393,0.001860834270,0.037114219700
0.304761275000,0.049785478448,0.001876124360,0.002742373781
0.302134022600,0.049811235168,0.001949012685,-0.009609222592
0.299506770300,0.049783773749,0.002100488425,0.008819180484
0.296879517900,0.049704807156,0.002316485810,0.025384331986
0.294252265500,0.049651546597,0.002396298537,0.009423055500
0.291625013200,0.049613451363,0.002542108505,-0.004622257230
0.288997760800,0.049554935436,0.002587348717,0.014767829277
0.286370508400,0.049462392191,0.002567441185,0.010232421799
0.283743256000,0.049458561050,0.002580274394,-0.019743288289
0.281116003700,0.049481972483,0.002651584035,-0.001195035110
0.278488751300,0.049394608773,0.002553165910,0.007910250288
0.275861498900,0.049369177392,0.002400359595,-0.025985367037
0.273234246600,0.049412649474,0.002242253515,-0.041396195592
0.270606994200,0.049496813471,0.002103307302,-0.028481912303
0.267979741800,0.049431973011,0.001968185866,0.019791682404
0.265352489400,0.049280488889,0.001781506210,0.051135835041
0.262725237100,0.049099774239,0.001460260220,0.057559866122
0.260097984700,0.048898463109,0.001256256492,0.046490356346
0.257470732300,0.048780538208,0.001452936101,0.011516017912
0.254843480000,0.048758181140,0.001771789574,-0.013011234473
0.252216227600,0.048718296413,0.002139991508,-0.033171366399
0.249588975200,0.048765641489,0.002454776772,-0.079125896041
0.246961722900,0.048994176491,0.002715033218,-0.089965489000
0.244334470500,0.049135726285,0.002982541410,-0.069442201283
0.241707218100,0.049258278360,0.002995859164,-0.092888856481
0.239079965700,0.049494618968,0.002972694777,-0.102371195795
0.236452713400,0.049725758317,0.003012972019,-0.071021391501
0.233825461000,0.049844566250,0.003019864711,-0.049961727075
0.231198208600,0.049951354471,0.003083666227,-0.048583828203
0.228570956300,0.050117052852,0.003267126135,-0.055893533522
0.225943703900,0.050260892607,0.003278963450,-0.048939546295
0.223316451500,0.050403388399,0.003291623319,-0.039304195967
0.220689199100,0.050506463163,0.003346858667,-0.056128580943
0.218061946800,0.050732015513,0.003334887007,-0.062506678347
0.215434694400,0.050860090012,0.003303264522,-0.003209592617
0.212807442000,0.050777954093,0.003249164119,0.051172199929
0.210180189700,0.050655515715,0.003034107679,0.062994044582
0.207552937300,0.050526502782,0.002899181161,0.084509069071
0.204925684900,0.050333868810,0.002750133130,0.109864982305
0.202298432500,0.050189259855,0.002636508531,0.115037810531
0.199671180200,0.049995885873,0.002694871069,0.117543438797
0.197043927800,0.049825336701,0.002714845942,0.109237245466
0.194416675400,0.049673283979,0.002780101887,0.104726277743
0.191789423100,0.049538616172,0.002680347979,0.096451827117
0.189162170700,0.049486156234,0.002708100292,0.077842000417
0.186534918300,0.049441044673,0.002847228560,0.068648174611
0.183907666000,0.049411602471,0.002859308481,0.101677433596
0.181280413600,0.049246170845,0.002989026929,0.169586661266
0.178653161200,0.048901983934,0.003068393663,0.198613597905
0.176025908800,0.048599422619,0.003158670562,0.176341964635
0.173398656500,0.048380338156,0.003266379792,0.177714790843
0.170771404100,0.048043098732,0.003292283609,0.156363397259
0.168144151700,0.047876994977,0.003388721553,0.089962879722
0.165516899400,0.047887709142,0.003310545893,0.087500623777
0.162889647000,0.047757019861,0.003200501002,0.107521906421
0.160262394600,0.047636392929,0.003228745796,0.112466785839
0.157635142200,0.047427699276,0.003080819521,0.144392162141
0.155007889900,0.047141266793,0.002920465063,0.166915658253
0.152380637500,0.046863506893,0.002777913249,0.149405618745
0.149753385100,0.046759417919,0.002614203095,0.099619636817
0.147126132800,0.046675645457,0.002491443490,0.097316365561
0.144498880400,0.046484050578,0.002384554908,0.135817608635
0.141871628000,0.046326411684,0.002212089842,0.126111889301
0.139244375600,0.046213783195,0.001985821210,0.117072853719
0.136617123300,0.046032700034,0.001835424330,0.151563262583
0.133989870900,0.045747475684,0.001720745199,0.149590029149
0.131362618500,0.045539749428,0.001618264965,0.037420153139
0.128735366200,0.045822099983,0.001440081299,-0.067750063853
0.126108113800,0.046110455901,0.001335150341,-0.039765147594
0.123480861400,0.046223583480,0.001443755035,0.064663540696
0.120853609000,0.046021837250,0.001683706283,0.156460645181
0.118226356700,0.045718873370,0.001624417469,0.169756820929
0.115599104300,0.045504703964,0.001645267492,0.139323270340
0.112971851900,0.045415635327,0.001824360240,0.105961821733
0.110344599600,0.045271415589,0.001890368774,0.143631158990
0.107717347200,0.044937664269,0.001906675641,0.191728791541
0.105090094800,0.044561938810,0.001939766618,0.220092625804
0.102462842500,0.044106100790,0.002038299272,0.202524392417
0.099835590100,0.043789096146,0.002152534649,0.180175466164
0.097208337700,0.043429451185,0.002242938200,0.161017518779
0.094581085300,0.043168212526,0.002160482131,0.138680033097
0.091953833000,0.042882329780,0.002204031368,0.187481440785
0.089326580600,0.042416248385,0.002307119649,0.190727537876
0.086699328200,0.042004709381,0.002095546405,0.122437716797
0.084072075900,0.041824892244,0.002072466854,0.085197518184
0.081444823500,0.041605672224,0.002295609044,0.049720087529
0.078817571100,0.041610059398,0.002343430978,0.021792434333
0.076190318700,0.041531532096,0.002457158889,0.054837706737
0.073563066400,0.041338166068,0.002518750810,0.076398999678
0.070935814000,0.041186852608,0.002598796815,0.030883762004
0.068308561600,0.041298645517,0.002862051941,-0.023226520454
0.065681309300,0.041467428704,0.002978749037,-0.083272841375
0.063054056900,0.041869555673,0.002946203448,-0.114651653805
0.060426804500,0.042164851523,0.002789230907,-0.075613871170
0.057799552100,0.042361947582,0.002852324791,-0.062166972958
0.055172299800,0.042629474491,0.002858361013,-0.044373826132
0.052545047400,0.042805279462,0.002777375458,-0.006842624282
0.049917795000,0.042722185084,0.002753638766,0.114817432755
0.047290542700,0.042254980325,0.002525350300,0.191612787167
0.044663290300,0.041774470829,0.002226405184,0.166361246136
0.042036037900,0.041403411255,0.001909335281,0.113307704445
0.039408785500,0.041237558000,0.001677745085,0.058535518403
0.036781533200,0.041106804560,0.001578704855,0.071104951566
0.034154280800,0.040881099753,0.001336321921,0.119678301799
0.031527028400,0.040552045758,0.001227434703,0.150382840715
0.028899776100,0.040192530118,0.001270738916,0.176917860433
0.026272523700,0.039806051157,0.001157378016,0.194956245644
0.023645271300,0.039374377621,0.000857467145,0.153149202192
0.021018019000,0.039153277539,0.000806280253,0.115492348780
0.018390766600,0.038863479893,0.000797400166,0.140118191477
0.015763514200,0.038530331565,0.000752565309,0.160348188426
0.013136261800,0.038270735018,0.000555675982,0.142345481487
0.010509009500,0.038027441261,0.000508590407,0.056411128798
0.007881757100,0.038199500252,0.000309872122,-0.081079801724
0.005254504700,0.038649613892,0.000189716918,-0.160264304901
0.002627252400,0.039133061155,0.000185167381,1.021129288081
0.000000000000,0.033288891512,-0.000167352453,2.229607401531
