0.391460603250,-0.031033839830,-0.000110065723,0.906344455990
0.388833350880,-0.033374013275,-0.000061854594,0.562276724998
0.386206098510,-0.034019473769,0.000004434736,-0.138920521932
0.383578846140,-0.032698767202,0.000133467005,-0.245730075179
0.380951593770,-0.032807909055,0.000157679972,0.330417650479
0.378324341400,-0.034428469653,0.000045398780,0.064741080975
0.375697089030,-0.032996094368,0.000080294857,-0.229297683578
0.373069836660,-0.032919294668,0.000150479008,0.312043588913
0.370442584290,-0.034568720850,0.000032588353,0.335641083413
0.367815331920,-0.034591046188,0.000051091950,0.004315978039
0.365188079550,-0.034495611856,0.000064679490,-0.085824284032
0.362560827170,-0.034060431967,0.000141301617,0.028883560499
0.359933574800,-0.034534974434,0.000075369949,0.093967522008
0.357306322430,-0.034517160695,-0.000007379509,0.017301651254
0.354679070060,-0.034624496832,-0.000075510137,0.130693210091
0.352051817690,-0.035204214838,-0.000071949082,0.039732091682
0.349424565320,-0.034871079503,0.000069094320,-0.070483622672
0.346797312950,-0.034849833389,0.000152417395,-0.024812916370
0.344170060580,-0.034746870295,0.000161232454,-0.046061316786
0.341542808210,-0.034594678079,0.000107706250,-0.060401439058
0.338915555840,-0.034404833540,0.000359295153,-0.066428399806
0.336288303460,-0.034190821531,0.000697369527,-0.065942451554
0.333661051090,-0.033997843122,0.000765805700,-0.031150914915
0.331033798720,-0.033951415036,0.000897036209,-0.009040658401
0.328406546350,-0.033874257444,0.001262562272,-0.005991453498
0.325779293980,-0.033881399254,0.001563805091,-0.010470341952
0.323152041610,-0.033940988596,0.001753406315,0.001258550755
0.320524789240,-0.033941057434,0.002048079926,-0.014176654256
0.317897536870,-0.033915092729,0.002341001477,-0.036106811516
0.315270284500,-0.033769983583,0.002487781391,-0.073504872661
0.312643032100,-0.033556817828,0.002540450478,-0.085985087100
0.310015779800,-0.033393967714,0.002635319973,-0.070453946770
0.307388527400,-0.033211022516,0.002745237806,-0.058874863645
0.304761275000,-0.033062287274,0.002798444866,-0.058794703223
0.302134022600,-0.032859000369,0.002719879661,-0.049893208518
0.299506770300,-0.032776593689,0.002741395381,-0.025643157404
0.296879517900,-0.032687481675,0.002754696678,-0.030433513598
0.294252265500,-0.032524207009,0.002689628369,-0.034158174390
0.291625013200,-0.032419982590,0.002610783898,-0.014430820410
0.288997760800,-0.032441240974,0.002461758190,-0.011991119365
0.286370508400,-0.032369512320,0.002373101788,-0.026693798682
0.283743256000,-0.032314071484,0.002355910555,-0.016081036720
0.281116003700,-0.032261469880,0.002362387511,-0.009699631261
0.278488751300,-0.032209907718,0.002247980566,0.016888822045
0.275861498900,-0.032340129206,0.002162277811,0.062872704020
0.273234246600,-0.032577786728,0.002152272701,0.085811690532
0.270606994200,-0.032854127644,0.002262655073,0.087101129829
0.267979741800,-0.033091986912,0.002549206984,0.058414063029
0.265352489400,-0.033225020807,0.002807627446,-0.007527471557
0.262725237100,-0.033188158983,0.003030909794,-0.033966548965
0.260097984700,-0.033184502909,0.003235456805,0.000989484702
0.257470732300,-0.033190197442,0.003374294463,-0.017504003049
0.254843480000,-0.033092251971,0.003384192442,-0.025036463405
0.252216227600,-0.033029880150,0.003457904912,-0.009766848304
0.249588975200,-0.033010231578,0.003368614554,0.003707857600
0.246961722900,-0.032964595754,0.003456802641,0.009423651709
0.244334470500,-0.032966056670,0.003565226203,0.035253051196
0.241707218100,-0.032997728035,0.003510343433,0.025986534153
0.239079965700,-0.032984788000,0.003459349677,0.032341710155
0.236452713400,-0.033024512794,0.003395869025,0.049030750043
0.233825461000,-0.033091787232,0.003374374026,0.034284363983
0.231198208600,-0.033017624863,0.003461908649,0.008143357178
0.228570956300,-0.032943102166,0.003521066875,0.022328559949
0.225943703900,-0.032929911398,0.003456579951,0.033725622644
0.223316451500,-0.032937021806,0.003422633550,0.039567139286
0.220689199100,-0.033009437112,0.003400731581,0.089312205890
0.218061946800,-0.033287918231,0.003388139745,0.131511996411
0.215434694400,-0.033592431724,0.003485308233,0.133971195691
0.212807442000,-0.033934814269,0.003471543471,0.145678587971
0.210180189700,-0.034302906073,0.003352996904,0.141520085562
0.207552937300,-0.034567754758,0.003443779133,0.102563777297
0.204925684900,-0.034752457739,0.003518787780,0.051921631195
0.202298432500,-0.034776346567,0.003602403918,0.036641581991
0.199671180200,-0.034825739646,0.003562329650,0.075312111703
0.197043927800,-0.035047671787,0.003583799479,0.134097877827
0.194416675400,-0.035430629676,0.003607488986,0.162568021287
0.191789423100,-0.035795087344,0.003653190188,0.119226377295
0.189162170700,-0.035940205382,0.003600246957,0.060563000826
0.186534918300,-0.036047574975,0.003484307689,0.054970601086
0.183907666000,-0.036224817530,0.003292939112,0.070126067287
0.181280413600,-0.036423060891,0.003018164767,0.087140165744
0.178653161200,-0.036576403107,0.002846105959,0.086999215713
0.176025908800,-0.036780364179,0.002627782892,0.103565567562
0.173398656500,-0.036991858285,0.002391328786,0.080015725368
0.170771404100,-0.037081747798,0.002247427728,0.053386233152
0.168144151700,-0.037145563872,0.002119074663,0.051488631317
0.165516899400,-0.037283130510,0.001835231678,0.055299861623
0.162889647000,-0.037409168170,0.001553254025,0.045761421065
0.160262394600,-0.037506135739,0.001330078067,0.039949648081
0.157635142200,-0.037534447284,0.001199904062,-0.032541140596
0.155007889900,-0.037372643629,0.001146961693,-0.029171977027
0.152380637500,-0.037430836628,0.001131810044,0.042190197721
0.149753385100,-0.037550622122,0.001114095846,0.021086251773
0.147126132800,-0.037525322036,0.001263314654,-0.047458234093
0.144498880400,-0.037350985748,0.001350593332,-0.087114328175
0.141871628000,-0.037123595324,0.001273895048,-0.095306109720
0.139244375600,-0.036977429486,0.001346108996,-0.072803946530
0.136617123300,-0.036918952628,0.001487505944,-0.022827595974
0.133989870900,-0.037036665702,0.001629895253,-0.001172650871
0.131362618500,-0.037102195172,0.001763395900,-0.041633971041
0.128735366200,-0.037075726782,0.001944975669,-0.094601799900
0.126108113800,-0.036879368972,0.002134307049,-0.158189052688
0.123480861400,-0.036520176500,0.002308416999,-0.201896782650
0.120853609000,-0.036049447972,0.002221428240,-0.214671196765
0.118226356700,-0.035524471187,0.002014401440,-0.195207891950
0.115599104300,-0.035112417565,0.001775008797,-0.127891291357
0.112971851900,-0.034945977452,0.001739015907,-0.043589417873
0.110344599600,-0.034963011601,0.001509641408,0.064485710791
0.107717347200,-0.035325791550,0.001303461418,0.132320738740
0.105090094800,-0.035672960236,0.001294598185,0.107073204281
0.102462842500,-0.035933888132,0.001370184804,0.116404181601
0.099835590100,-0.036320964531,0.001419616216,0.134813372111
0.097208337700,-0.036631123179,0.001513883168,0.069289291602
0.094581085300,-0.036667594357,0.001472452648,0.044099183618
0.091953833000,-0.036887176593,0.001485511715,0.071024538190
0.089326580600,-0.037096177461,0.001743864038,0.101009984321
0.086699328200,-0.037465455599,0.001917478115,0.144012566005
0.084072075900,-0.037849364415,0.001972972829,0.167523879732
0.081444823500,-0.038249902770,0.001948552249,0.191150075257
0.078817571100,-0.038715055712,0.001926255799,0.210107425610
0.076190318700,-0.039229130639,0.001758474354,0.199562954408
0.073563066400,-0.039607003165,0.001755892814,0.094769568009
0.070935814000,-0.039587019589,0.001839265926,0.013497796870
0.068308561600,-0.039531948042,0.001860394833,0.054749545222
0.065681309300,-0.039784387464,0.001815089119,0.085622301413
0.063054056900,-0.039932626951,0.001944231784,0.070391633815
0.060426804500,-0.040136938083,0.001972536169,0.131216016493
0.057799552100,-0.040505513499,0.001998118054,0.197507629803
0.055172299800,-0.040969926979,0.002105958434,0.135469327136
0.052545047400,-0.040984438132,0.002148217970,0.026895007866
0.049917795000,-0.040961970726,0.002181889625,-0.029459503545
0.047290542700,-0.040734763760,0.002057021248,-0.055216729877
0.044663290300,-0.040543623701,0.001969496252,-0.054633838710
0.042036037900,-0.040388221921,0.001887023632,-0.021967395410
0.039408785500,-0.040421077447,0.001838009216,0.032627712911
0.036781533200,-0.040608566499,0.001698988780,0.086830891228
0.034154280800,-0.040970982313,0.001690666907,0.133564130774
0.031527028400,-0.041356191581,0.001815577359,0.141303027152
0.028899776100,-0.041735945873,0.001759055563,0.138065364018
0.026272523700,-0.042101963017,0.001820461978,-0.039822387079
0.023645271300,-0.041540093735,0.001956349389,0.101695314060
0.021018019000,-0.042673434006,0.001830912305,0.243438928250
0.018390766600,-0.042918690688,0.001876980174,0.081121400595
0.015763514200,-0.043149096465,0.001869348339,0.101500437750
0.013136261800,-0.043397912318,0.001884419957,0.094354272847
0.010509009500,-0.043651635714,0.001844943647,0.076229419211
0.007881757100,-0.043841293248,0.001598864609,0.022649980951
0.005254504700,-0.043759490034,0.001371115026,-0.105608200420
0.002627252400,-0.043284078554,0.001258668887,-0.678333283406
0.000000000000,-0.040119804992,0.001074362876,-1.184357795914
