0.391460603250,-0.052770632776,-0.000289124076,0.496954100253
0.388833350880,-0.054081096758,0.000087598555,0.160156977885
0.386206098510,-0.053739938736,0.000179326364,0.047735460958
0.383578846140,-0.054080339000,0.000289526309,0.104598285845
0.380951593770,-0.054122026507,0.000428552729,0.113543359150
0.378324341400,-0.054548057102,0.000397751391,0.324015734212
0.375697089030,-0.055739463318,0.000230671294,0.594767027150
0.373069836660,-0.057453713578,0.000166907075,0.449706988750
0.370442584290,-0.058014891692,0.000004265926,0.213197112848
0.367815331920,-0.058522938036,0.000027445198,0.353471474937
0.365188079550,-0.059877397847,0.000022913455,0.459609352142
0.362560827170,-0.060902145348,0.000076620469,0.156312112919
0.359933574800,-0.060711428962,0.000226369084,-0.035445441916
0.357306322430,-0.060754420644,0.000296607412,-0.034432495918
0.354679070060,-0.060484905123,0.000375409870,-0.101063431784
0.352051817690,-0.060135458662,0.000463490253,-0.152645166206
0.349424565320,-0.059643304762,0.000523558464,-0.219293155883
0.346797312950,-0.058958768914,0.000709772614,-0.256997716333
0.344170060580,-0.058254077228,0.000744980098,-0.281757410797
0.341542808210,-0.057442418699,0.000780411161,-0.268397465883
0.338915555840,-0.056769434447,0.000982048816,-0.202069580773
0.336288303460,-0.056295500662,0.001008460785,-0.151473905156
0.333661051090,-0.055881169031,0.000915461138,-0.101735723171
0.331033798720,-0.055726152652,0.000867070929,-0.040410265759
0.328406546350,-0.055723124281,0.000941752906,-0.039291040461
0.325779293980,-0.055548117329,0.000959762164,-0.030375834486
0.323152041610,-0.055503298554,0.000984632171,0.003443438820
0.320524789240,-0.055505745565,0.001047065264,0.007606948047
0.317897536870,-0.055497219732,0.001171424324,-0.013376430256
0.315270284500,-0.055459195233,0.001174263876,-0.024528577996
0.312643032100,-0.055426392052,0.001201991070,-0.001100662350
0.310015779800,-0.055495457148,0.001275804966,-0.001107065157
0.307388527400,-0.055446143100,0.001288777965,-0.027323952167
0.304761275000,-0.055331422482,0.001319138452,-0.041495470677
0.302134022600,-0.055245423176,0.001292203460,-0.026122878876
0.299506770300,-0.055291604173,0.001341536897,0.015060664735
0.296879517900,-0.055401763263,0.001384869294,0.002140068241
0.294252265500,-0.055384313657,0.001387809606,-0.027631420243
0.291625013200,-0.055259148543,0.001449401832,-0.021759424217
0.288997760800,-0.055233419791,0.001495935957,-0.031653608899
0.286370508400,-0.055081250105,0.001601648222,-0.038347530470
0.283743256000,-0.054995764171,0.001793797176,-0.025760508993
0.281116003700,-0.054943236819,0.002076185380,-0.035842015618
0.278488751300,-0.054864873925,0.002245778161,-0.036731673642
0.275861498900,-0.054757498140,0.002449690406,-0.042910625508
0.273234246600,-0.054658190353,0.002673103615,-0.036595242744
0.270606994200,-0.054635918905,0.002757316085,-0.026140056224
0.267979741800,-0.054572989826,0.002863055735,-0.023022757685
0.265352489400,-0.054531213050,0.002960893246,-0.021418138291
0.262725237100,-0.054481978142,0.003143547571,0.001599298944
0.260097984700,-0.054559972711,0.003290004949,0.029530857555
0.257470732300,-0.054630170898,0.003317246585,0.030414608428
0.254843480000,-0.054627341804,0.003422418600,0.064546536037
0.252216227600,-0.054874902800,0.003386229347,0.117247141681
0.249588975200,-0.055124560353,0.003518487862,0.129531480622
0.246961722900,-0.055442260094,0.003651096037,0.192095853947
0.244334470500,-0.056002268051,0.003830454528,0.231884251032
0.241707218100,-0.056539798255,0.004013154364,0.223586174212
0.239079965700,-0.057028146288,0.004244019262,0.230665203652
0.236452713400,-0.057575572264,0.004470677996,0.199652841509
0.233825461000,-0.057983677204,0.004641885951,0.117077293656
0.231198208600,-0.058162115505,0.004708198030,0.060250363727
0.228570956300,-0.058203517487,0.004760070446,0.007334001506
0.225943703900,-0.058141753951,0.004839962996,-0.014552939651
0.223316451500,-0.058104486026,0.004905291934,-0.014417818326
0.220689199100,-0.058057062638,0.004892566649,0.008639791849
0.218061946800,-0.058161522998,0.004917303210,0.048291609938
0.215434694400,-0.058326005646,0.004792319372,0.035401201310
0.212807442000,-0.058357035992,0.004709361315,0.044470499464
0.210180189700,-0.058564538763,0.004586464164,0.099416151963
0.207552937300,-0.058912320336,0.004204853584,0.128662135469
0.204925684900,-0.059334630925,0.003678774289,0.166439983945
0.202298432500,-0.059835226630,0.003245047146,0.182499595274
0.199671180200,-0.060245629180,0.002889801137,0.189490067664
0.197043927800,-0.060705883050,0.002642014345,0.218024197030
0.194416675400,-0.061213040204,0.002318092281,0.215352468846
0.191789423100,-0.061704951567,0.002059074871,0.216310355944
0.189162170700,-0.062232484562,0.001822121383,0.189952873270
0.186534918300,-0.062553238513,0.001556126755,0.120424191325
0.183907666000,-0.062680665270,0.001365603424,0.056787189949
0.181280413600,-0.062728013238,0.001126018630,0.059920725172
0.178653161200,-0.062843521184,0.000894038715,0.105190518865
0.176025908800,-0.063122217900,0.000684694226,0.100151081534
0.173398656500,-0.063242349083,0.000479493111,0.061779523966
0.170771404100,-0.063268004518,0.000396359319,0.055734329690
0.168144151700,-0.063303126572,0.000132537725,0.021016655850
0.165516899400,-0.063187930798,0.000054302819,-0.033782239978
0.162889647000,-0.063014542831,0.000136589946,-0.042900921216
0.160262394600,-0.062868300976,0.000127171205,-0.062376345499
0.157635142200,-0.062607027581,0.000110213328,-0.096815043621
0.155007889900,-0.062355168769,0.000137202263,-0.088853369238
0.152380637500,-0.062173287674,0.000224480284,-0.050160853887
0.149753385100,-0.062075280737,0.000338923178,-0.015173765708
0.147126132800,-0.062044529528,0.000600054318,-0.007251485925
0.144498880400,-0.061995434403,0.000686307272,-0.028768913883
0.141871628000,-0.061943478515,0.000797254689,-0.021372274972
0.139244375600,-0.061986708093,0.001023912907,-0.026952700431
0.136617123300,-0.061933970673,0.001090728744,-0.030705085923
0.133989870900,-0.061975233129,0.001154407591,0.027291398460
0.131362618500,-0.062227009769,0.001350831959,0.065618434577
0.128735366200,-0.062425833673,0.001492025942,0.053316344866
0.126108113800,-0.062626579500,0.001776740053,0.061928433321
0.123480861400,-0.062857245152,0.001955644870,0.077212003634
0.120853609000,-0.063081681469,0.002209999333,0.105625681197
0.118226356700,-0.063419383877,0.002610514646,0.130180289201
0.115599104300,-0.063746001506,0.002823421822,0.094491536208
0.112971851900,-0.063876815679,0.003052668396,0.051049891433
0.110344599600,-0.063987631363,0.003226554893,0.001855453778
0.107717347200,-0.063834981066,0.003369878037,-0.075510990774
0.105090094800,-0.063480620421,0.003361011250,-0.126055257996
0.102462842500,-0.063059666281,0.003136785113,-0.071233780853
0.099835590100,-0.062960928287,0.003114445490,0.004417641082
0.097208337700,-0.062953784163,0.003233014371,0.110166472028
0.094581085300,-0.063299653419,0.003169280336,0.181609869222
0.091953833000,-0.063782038970,0.002938433702,0.194920354743
0.089326580600,-0.064280428599,0.002813224871,0.209458290779
0.086699328200,-0.064821139416,0.002950133217,0.183741377077
0.084072075900,-0.065158149838,0.003009411845,0.117926213094
0.081444823500,-0.065362420747,0.002972250818,0.039824682391
0.078817571100,-0.065333667389,0.003085539767,-0.032994525111
0.076190318700,-0.065120794511,0.003093746795,-0.046995661905
0.073563066400,-0.064964885044,0.003301736253,-0.040180260238
0.070935814000,-0.064831589108,0.003507789202,-0.031612419402
0.068308561600,-0.064693353225,0.003603357937,0.007190790501
0.065681309300,-0.064741512872,0.003659958025,0.055435805827
0.063054056900,-0.064829534961,0.003828861352,0.050988597989
0.060426804500,-0.064875418600,0.003951876502,0.040539806248
0.057799552100,-0.064910834338,0.004043351793,0.024341435136
0.055172299800,-0.064941789334,0.004127094434,0.018570371763
0.052545047400,-0.064930643308,0.004212036977,0.050603553319
0.049917795000,-0.065028892109,0.004365379655,0.066770076480
0.047290542700,-0.065155897215,0.004280764762,0.037727318398
0.044663290300,-0.065223182864,0.004083023749,0.103250046526
0.042036037900,-0.065604952229,0.003873055326,0.171431700558
0.039408785500,-0.065976265790,0.003599043268,0.173620439226
0.036781533200,-0.066458291987,0.003505188594,0.199367389489
0.034154280800,-0.067008612977,0.003343173934,0.181878339855
0.031527028400,-0.067425813991,0.003327954186,0.170088467712
0.028899776100,-0.067866940236,0.003251508625,0.179283688400
0.026272523700,-0.068264747899,0.003025443799,-0.200604790692
0.023645271300,-0.066668887969,0.002638107873,0.130353311979
0.021018019000,-0.068776232172,0.002848617966,0.608231752144
0.018390766600,-0.069680017749,0.003038941700,0.302279337002
0.015763514200,-0.070253722532,0.002897839506,0.119589660619
0.013136261800,-0.070333564831,0.002605898831,0.021006369161
0.010509009500,-0.070243796905,0.002445310243,-0.059647561632
0.007881757100,-0.069860850901,0.002207683579,-0.100803093832
0.005254504700,-0.069579160087,0.001932841929,-0.166194606933
0.002627252400,-0.068891949283,0.001804216216,-2.553590639310
0.000000000000,-0.056061228205,0.001390235243,-4.860958916490
