0.391460603250,-0.025249573777,-0.000264891348,0.592624115068
0.388833350880,-0.026802256149,-0.000281795554,0.370147554208
0.386206098510,-0.027196423391,-0.000407329985,0.238216827239
0.383578846140,-0.027802976333,-0.000300941221,0.132919382500
0.380951593770,-0.027882025350,-0.000321117269,0.250647898807
0.378324341400,-0.029162438811,-0.000143833956,0.451234899868
0.375697089030,-0.030244149676,-0.000152146766,0.255380019018
0.373069836660,-0.030516593385,-0.000368218960,0.086094604543
0.370442584290,-0.030746254619,-0.000367424915,0.106252167270
0.367815331920,-0.031124128667,-0.000397063471,0.128359990660
0.365188079550,-0.031504652960,-0.000407982258,0.105915970846
0.362560827170,-0.031756411954,-0.000505436326,0.040215495956
0.359933574800,-0.031815470001,-0.000361939230,0.010736501778
0.357306322430,-0.031898543665,-0.000262502391,-0.004783698762
0.354679070060,-0.031865161555,-0.000275641730,-0.055206652303
0.352051817690,-0.031661556410,-0.000101745603,-0.103917222947
0.349424565320,-0.031388939860,0.000097795845,-0.152552957320
0.346797312950,-0.030953280685,0.000398140591,-0.200011631219
0.344170060580,-0.030394846997,0.000585433084,-0.254349506289
0.341542808210,-0.029621245877,0.000588181297,-0.268031169236
0.338915555840,-0.028948297586,0.000611960371,-0.213373190900
0.336288303460,-0.028482218951,0.000760815736,-0.142656450706
0.333661051090,-0.028157148291,0.000918487678,-0.105862638798
0.331033798720,-0.027898586473,0.001140092474,-0.121976820254
0.328406546350,-0.027636635281,0.001274140387,-0.107544139192
0.325779293980,-0.027357778215,0.001432166334,-0.113195336666
0.323152041610,-0.027168243092,0.001525732788,-0.071662262184
0.320524789240,-0.027088881847,0.001632635428,-0.033345592343
0.317897536870,-0.027027678806,0.001689989840,0.002467304983
0.315270284500,-0.027130890251,0.001800820513,0.055407006375
0.312643032100,-0.027338191953,0.001795733541,0.066186050336
0.310015779800,-0.027472818535,0.001879163318,0.047402193334
0.307388527400,-0.027553536656,0.001878426024,0.057208349604
0.304761275000,-0.027769838175,0.001996131287,0.072333825263
0.302134022600,-0.027952683853,0.002128712852,0.050784359023
0.299506770300,-0.028073480702,0.002102191615,0.037493147406
0.296879517900,-0.028206878392,0.002181383361,0.025437231288
0.294252265500,-0.028263020568,0.002305596037,0.002599276998
0.291625013200,-0.028210509654,0.002407741037,-0.029304348461
0.288997760800,-0.028069210801,0.002478898038,-0.026076495951
0.286370508400,-0.028039048428,0.002474796412,-0.004989434065
0.283743256000,-0.028007561061,0.002412762484,-0.018052989476
0.281116003700,-0.027895104063,0.002460526808,-0.033244198075
0.278488751300,-0.027772339827,0.002477992710,-0.035439146472
0.275861498900,-0.027605515537,0.002420400398,-0.029730961354
0.273234246600,-0.027485857360,0.002315736686,0.006194600591
0.270606994200,-0.027496330310,0.002208640675,0.027014836821
0.267979741800,-0.027447333940,0.002091639875,0.015988832369
0.265352489400,-0.027392348562,0.001928107142,0.023667569832
0.262725237100,-0.027367662017,0.001749558516,0.029586548117
0.260097984700,-0.027317841159,0.001568455741,0.029356356886
0.257470732300,-0.027233498415,0.001343649202,0.017604293020
0.254843480000,-0.027099704026,0.001153748081,0.053841615238
0.252216227600,-0.027237849467,0.001080114023,0.146240623200
0.249588975200,-0.027563733820,0.001138496186,0.181728045770
0.246961722900,-0.027851241925,0.001335800171,0.186710096620
0.244334470500,-0.028226109445,0.001606137091,0.200938647822
0.241707218100,-0.028611986821,0.001905222271,0.196712574927
0.239079965700,-0.028974630442,0.002413928949,0.190949097627
0.236452713400,-0.029312721509,0.002772174135,0.157239833799
0.233825461000,-0.029503825663,0.003032573899,0.110941740735
0.231198208600,-0.029588132389,0.003221148353,0.118777727020
0.228570956300,-0.029849476042,0.003409807879,0.177487213346
0.225943703900,-0.030290428591,0.003599667876,0.206994196471
0.223316451500,-0.030704973909,0.003841363797,0.185742584649
0.220689199100,-0.031081513546,0.003943404144,0.180324730572
0.218061946800,-0.031512432272,0.004087106550,0.173313742242
0.215434694400,-0.031815989989,0.004177281751,0.148919755982
0.212807442000,-0.032167961872,0.004167586738,0.133419873193
0.210180189700,-0.032406330729,0.004168973174,0.145558891370
0.207552937300,-0.032793978746,0.003936975645,0.156740081980
0.204925684900,-0.033118690545,0.003522584228,0.106610166994
0.202298432500,-0.033264912366,0.003049891068,0.079272343321
0.199671180200,-0.033496314597,0.002690586328,0.093692118983
0.197043927800,-0.033817777684,0.002435360559,0.133262250545
0.194416675400,-0.034249816741,0.002330230273,0.124794513829
0.191789423100,-0.034605515617,0.002187799940,0.050034670361
0.189162170700,-0.034725882111,0.002045993809,-0.035088813615
0.186534918300,-0.034671612310,0.002007466912,-0.092401490353
0.183907666000,-0.034494014666,0.001956892692,-0.136756050269
0.181280413600,-0.034244588720,0.002063082342,-0.130389574333
0.178653161200,-0.034139068585,0.002106639557,-0.108183874041
0.176025908800,-0.034063715018,0.002241775394,-0.100857311230
0.173398656500,-0.033913654627,0.002429028807,-0.094217231333
0.170771404100,-0.033901529028,0.002506316462,-0.073823109667
0.168144151700,-0.033801822207,0.002485027086,-0.118232018393
0.165516899400,-0.033522979263,0.002374060696,-0.146519237108
0.162889647000,-0.033311128079,0.002309535133,-0.139783394945
0.160262394600,-0.033072390254,0.002291094163,-0.146339483111
0.157635142200,-0.032763124156,0.002108811451,-0.130352618381
0.155007889900,-0.032581469319,0.002152894054,-0.139577405328
0.152380637500,-0.032266781049,0.002279374057,-0.145285379047
0.149753385100,-0.032004191148,0.002424108960,-0.149896233420
0.147126132800,-0.031627419051,0.002435465071,-0.196941835600
0.144498880400,-0.031124851266,0.002602072737,-0.219697894357
0.141871628000,-0.030668043535,0.002715641988,-0.216712542186
0.139244375600,-0.030234875784,0.002635320571,-0.175327260115
0.136617123300,-0.029930318067,0.002579743199,-0.110697629903
0.133989870900,-0.029817870555,0.002657165825,-0.028581966281
0.131362618500,-0.029911497379,0.002704373206,0.023127190796
0.128735366200,-0.030069729707,0.002594043741,0.048656860260
0.126108113800,-0.030293571440,0.002459016931,0.075416090536
0.123480861400,-0.030501538172,0.002440704510,0.088324078508
0.120853609000,-0.030749947229,0.002240317305,0.107206630145
0.118226356700,-0.031084943518,0.002109507909,0.101588439995
0.115599104300,-0.031266184369,0.001984597754,0.096152681504
0.112971851900,-0.031521938033,0.001899963778,0.110548976054
0.110344599600,-0.031787702969,0.001792542909,0.088818810083
0.107717347200,-0.031946631081,0.001684519588,0.084171063956
0.105090094800,-0.032164134700,0.001734685525,0.088370973942
0.102462842500,-0.032338192078,0.001742227203,0.051866003370
0.099835590100,-0.032343464752,0.001446606833,0.089103694296
0.097208337700,-0.032706360339,0.001037971561,0.186300865766
0.094581085300,-0.033226288159,0.000725425834,0.229999296177
0.091953833000,-0.033797021497,0.000602078993,0.267810822818
0.089326580600,-0.034453785691,0.000504097450,0.236590497102
0.086699328200,-0.034781152647,0.000322625782,0.102310930948
0.084072075900,-0.034735672622,0.000207313731,-0.003288620563
0.081444823500,-0.034518883146,0.000201102038,-0.024218698409
0.078817571100,-0.034388371533,0.000345070209,0.029689441052
0.076190318700,-0.034466044253,0.000415348065,0.051928772416
0.073563066400,-0.034455502740,0.000440689205,0.073533992262
0.070935814000,-0.034654144461,0.000514162792,0.102969720792
0.068308561600,-0.034801009475,0.000697537065,0.062597408686
0.065681309300,-0.034780994738,0.000779085685,0.017901744902
0.063054056900,-0.034741721185,0.000877161106,0.039056022382
0.060426804500,-0.034816325388,0.000872544033,0.070586056792
0.057799552100,-0.034942243758,0.000877782046,0.049653163037
0.055172299800,-0.034934474069,0.000877883187,0.052298490769
0.052545047400,-0.035040291872,0.000966794544,0.038846303732
0.049917795000,-0.035004426637,0.001102550075,0.029940306435
0.047290542700,-0.035081888324,0.001340376205,0.081204629450
0.044663290300,-0.035404240305,0.001513904352,0.131587460559
0.042036037900,-0.035731663420,0.001396270533,0.146687269097
0.039408785500,-0.036242537117,0.001391823982,0.181115942093
0.036781533200,-0.036687580942,0.001537754641,0.177724575507
0.034154280800,-0.037128443512,0.001470766265,0.199271440966
0.031527028400,-0.037609325544,0.001389944069,0.191322795549
0.028899776100,-0.038002491645,0.001326497776,0.204079376634
0.026272523700,-0.038520724995,0.001235310098,0.261370959533
0.023645271300,-0.039097943934,0.001301719658,0.247765785229
0.021018019000,-0.039542948795,0.001353012960,0.221135278508
0.018390766600,-0.040068788437,0.001335082563,0.200872482243
0.015763514200,-0.040426752288,0.001237673497,0.111840664559
0.013136261800,-0.040562485385,0.001124052333,0.079190292587
0.010509009500,-0.040824222329,0.000993699208,0.064386481857
0.007881757100,-0.040900622316,0.000997190957,-0.052671957580
0.005254504700,-0.040545217208,0.000912887762,-0.259980448620
0.002627252400,-0.039572869949,0.000841797374,-1.058270620645
0.000000000000,-0.035033858986,0.000385480625,-1.750599350691
