0.391460603250,-0.020990675704,0.000314279040,-0.064920651724
0.388833350880,-0.020790459379,0.000417129723,-0.091938487763
0.386206098510,-0.020209705863,0.000581165077,0.096352916525
0.383578846140,-0.021336447976,0.000724685862,0.219286454315
0.380951593770,-0.021405076998,0.000893204488,0.111066818334
0.378324341400,-0.022012185053,0.000939608744,0.112471980778
0.375697089030,-0.022036278348,0.001025890078,0.045664462166
0.373069836660,-0.022218323857,0.001142621561,0.141573895251
0.370442584290,-0.022685744674,0.001191561762,0.198187673361
0.367815331920,-0.023169327236,0.001249441848,0.198386427367
0.365188079550,-0.023591686948,0.001360251323,-0.000146401673
0.362560827170,-0.023073719927,0.001580436111,-0.105903144642
0.359933574800,-0.022919081567,0.001848058746,-0.001321141513
0.357306322430,-0.023068004178,0.001728633104,0.002029966063
0.354679070060,-0.022925613009,0.001832176480,-0.153059393648
0.352051817690,-0.022172979361,0.001821914321,-0.161224261416
0.349424565320,-0.021954794138,0.001791848766,-0.074315598033
0.346797312950,-0.021678663176,0.001774395116,-0.127496998630
0.344170060580,-0.021270909633,0.001592077978,-0.161446056978
0.341542808210,-0.020828127257,0.001529330176,-0.153042148346
0.338915555840,-0.020446047821,0.001453809922,-0.123243996628
0.336288303460,-0.020176370547,0.001220517674,-0.090375670447
0.333661051090,-0.019918114467,0.001126599531,-0.074100331782
0.331033798720,-0.019770813801,0.000999413653,-0.052579070194
0.328406546350,-0.019667031295,0.000948652455,-0.053740297941
0.325779293980,-0.019559085679,0.000888730410,-0.040003008712
0.323152041610,-0.019545016581,0.000842255712,-0.025856354967
0.320524789240,-0.019481734434,0.000869513369,-0.058354915781
0.317897536870,-0.019326699292,0.000917904036,-0.039626873131
0.315270284500,-0.019342711959,0.000972107762,-0.017506319339
0.312643032100,-0.019274775528,0.000994056086,-0.040541039212
0.310015779800,-0.019111215671,0.001035481475,-0.053835567501
0.307388527400,-0.019015497446,0.001069578122,-0.052645855972
0.304761275000,-0.018885375530,0.001111409912,-0.042202764897
0.302134022600,-0.018817723907,0.001067791563,-0.029239315000
0.299506770300,-0.018746681630,0.001046463460,-0.040448809449
0.296879517900,-0.018616955129,0.001106223736,-0.034979878011
0.294252265500,-0.018576876337,0.001165607830,-0.010375715108
0.291625013200,-0.018576074426,0.001178740844,-0.017627005211
0.288997760800,-0.018489542452,0.001229241537,-0.022810132871
0.286370508400,-0.018496426262,0.001424100735,0.001897972999
0.283743256000,-0.018525040898,0.001539569141,0.012774772310
0.281116003700,-0.018590849314,0.001550220204,0.007446668086
0.278488751300,-0.018615257896,0.001793416825,-0.016550525604
0.275861498900,-0.018541555564,0.002053689171,-0.030723598883
0.273234246600,-0.018464590773,0.002273177290,-0.025058115015
0.270606994200,-0.018406259376,0.002521713098,-0.010969649003
0.267979741800,-0.018420892181,0.002678074146,-0.009400420740
0.265352489400,-0.018375461161,0.002780183174,-0.026628439919
0.262725237100,-0.018300520214,0.003063126983,-0.023858416846
0.260097984700,-0.018312804820,0.003289926917,-0.011967133960
0.257470732300,-0.018307750304,0.003457753024,-0.020489323523
0.254843480000,-0.018288886316,0.003643388448,-0.027225151226
0.252216227600,-0.018235425704,0.003915218390,-0.008938671109
0.249588975200,-0.018274174187,0.004145754248,0.031061096476
0.246961722900,-0.018437094144,0.004284115453,0.041427807487
0.244334470500,-0.018523507305,0.004458494923,0.060277295118
0.241707218100,-0.018784999447,0.004642764455,0.109196318479
0.239079965700,-0.019163950148,0.004790532538,0.135129212591
0.236452713400,-0.019571433870,0.004847601007,0.146097447671
0.233825461000,-0.019936247729,0.004927970564,0.123680353781
0.231198208600,-0.020231337338,0.005051742839,0.079810455073
0.228570956300,-0.020371529024,0.005045591512,0.035927741266
0.225943703900,-0.020468755084,0.004922595341,0.022663785032
0.223316451500,-0.020569507461,0.004921567770,-0.005057567078
0.220689199100,-0.020519182489,0.004876651009,-0.021634150806
0.218061946800,-0.020541520752,0.004843015116,0.018822850233
0.215434694400,-0.020649395545,0.004913013561,0.049316786812
0.212807442000,-0.020743884636,0.004840885746,0.030935177484
0.210180189700,-0.020728429004,0.004683197644,0.031975623661
0.207552937300,-0.020786882366,0.004577397025,0.076281535687
0.204925684900,-0.020989140194,0.004434658733,0.102760617706
0.202298432500,-0.021136953140,0.004311448444,0.126388688362
0.199671180200,-0.021431239916,0.004245673627,0.156115978727
0.197043927800,-0.021715548121,0.004203454048,0.152848523867
0.194416675400,-0.022013508729,0.003947517477,0.142943888898
0.191789423100,-0.022245983208,0.003795136811,0.126579344540
0.189162170700,-0.022465439333,0.003737148037,0.158432552244
0.186534918300,-0.022766175724,0.003475448576,0.160593835282
0.183907666000,-0.023056493047,0.003195194443,0.157085702571
0.181280413600,-0.023358151150,0.003032149232,0.176052767265
0.178653161200,-0.023688720846,0.002931322005,0.143528203918
0.176025908800,-0.023825970050,0.002721613040,0.085064711904
0.173398656500,-0.023886888985,0.002422393637,0.063450830597
0.170771404100,-0.023904956702,0.002188400481,0.059356267554
0.168144151700,-0.023886852969,0.001958257164,0.029542384730
0.165516899400,-0.023815337353,0.001781258525,0.005631503560
0.162889647000,-0.023713613737,0.001618594088,0.035574075023
0.160262394600,-0.023805784090,0.001398170935,0.100832690014
0.157635142200,-0.024043365875,0.001110153032,0.190695706985
0.155007889900,-0.024580088989,0.000750537047,0.302975684276
0.152380637500,-0.025414794808,0.000537959377,0.377372207286
0.149753385100,-0.026295237054,0.000413274460,0.286951563440
0.147126132800,-0.026710325485,0.000175439153,0.135337243364
0.144498880400,-0.026904880940,-0.000042960373,0.071421300287
0.141871628000,-0.027057891799,-0.000201843964,0.047339568399
0.139244375600,-0.027166866786,-0.000201069635,0.092297871981
0.136617123300,-0.027496059295,-0.000066396128,0.162445640237
0.133989870900,-0.027983661385,-0.000054646936,0.209242055757
0.131362618500,-0.028612602586,0.000061093302,0.221787322754
0.128735366200,-0.029148104626,0.000279819687,0.196142309294
0.126108113800,-0.029627421191,0.000450716536,0.156344158522
0.123480861400,-0.030056728933,0.000750620580,0.124317131655
0.120853609000,-0.030412753902,0.001114876751,0.052130268958
0.118226356700,-0.030475183227,0.001437203140,-0.017250934538
0.115599104300,-0.030456635614,0.001780967904,-0.014913194399
0.112971851900,-0.030464433163,0.002245665407,-0.007771497417
0.110344599600,-0.030472229999,0.002531581883,-0.077299375084
0.107717347200,-0.030073450536,0.002594998792,-0.167377923221
0.105090094800,-0.029560863730,0.002769460330,-0.234211226310
0.102462842500,-0.028884897038,0.002900674214,-0.287776407771
0.099835590100,-0.028089687030,0.002977490557,-0.302712869773
0.097208337700,-0.027352769733,0.003171987345,-0.221189264560
0.094581085300,-0.026986319771,0.003173595844,-0.078870803736
0.091953833000,-0.027007373617,0.003156148441,0.016541368296
0.089326580600,-0.027084749062,0.003338429926,0.062094595997
0.086699328200,-0.027303343213,0.003301870094,0.105928780618
0.084072075900,-0.027593745970,0.003360403155,0.087060489084
0.081444823500,-0.027770994142,0.003427584953,0.094051435418
0.078817571100,-0.028111629012,0.003442902275,0.105228930900
0.076190318700,-0.028285161475,0.003405923405,0.049429064735
0.073563066400,-0.028256198818,0.003290401746,0.014670418810
0.070935814000,-0.028228380109,0.003433749124,0.011314214277
0.068308561600,-0.028209939785,0.003786173552,0.010719041009
0.065681309300,-0.028167380076,0.004077935277,0.026587066831
0.063054056900,-0.028235452947,0.004271544323,0.073686206333
0.060426804500,-0.028474258707,0.004386043111,0.070435154339
0.057799552100,-0.028599189240,0.004695043951,0.067237017458
0.055172299800,-0.028818694236,0.004940167024,0.113111270828
0.052545047400,-0.029139116269,0.004980295978,0.134092213550
0.049917795000,-0.029419310400,0.005066107522,0.113008194981
0.047290542700,-0.029613607699,0.005030119109,0.086360987849
0.044663290300,-0.029783415128,0.004913863451,0.074183302445
0.042036037900,-0.029906628232,0.004631100102,0.062257090953
0.039408785500,-0.030034315290,0.004575066881,0.074150657397
0.036781533200,-0.030315243427,0.004232404151,0.101198540811
0.034154280800,-0.030657988982,0.003788467521,0.093822352447
0.031527028400,-0.030904620826,0.003501207410,0.119209313112
0.028899776100,-0.031341021873,0.003340617401,0.156908396889
0.026272523700,-0.031742365889,0.002965508967,0.085339987336
0.023645271300,-0.031742080757,0.002912528050,-0.123052422727
0.021018019000,-0.031004582335,0.002753430035,0.102169912424
0.018390766600,-0.032021848704,0.002724350522,0.220195923623
0.015763514200,-0.032104137865,0.002636393312,0.010249970602
0.013136261800,-0.032017043605,0.002570128524,-0.040663823096
0.010509009500,-0.031851128595,0.002319656014,-0.144144498602
0.007881757100,-0.031279172768,0.001914079385,-0.202511487103
0.005254504700,-0.030799247622,0.001598392826,-0.210874979728
0.002627252400,-0.030218073342,0.001319561399,-0.298789561596
0.000000000000,-0.029234363825,0.001150428518,-0.334621645965
