0.391460603250,-0.034173427900,0.000026040964,0.764818949113
0.388833350880,-0.036075851676,0.000076031860,0.403943036203
0.386206098510,-0.036161341562,0.000151060972,-0.281038666807
0.383578846140,-0.034760118203,0.000332490752,-0.398521311203
0.380951593770,-0.034213137271,0.000611628130,-0.214087864532
0.378324341400,-0.034153900955,0.000568182495,-0.003768752491
0.375697089030,-0.034217651073,0.000608649968,0.243382531845
0.373069836660,-0.035440769090,0.000735071774,0.142708182194
0.370442584290,-0.034959180343,0.000825907787,-0.085743999861
0.367815331920,-0.035011828175,0.000826376094,0.135513715428
0.365188079550,-0.035672621551,0.000853425430,0.112663716330
0.362560827170,-0.035622118786,0.000894295805,0.005942324764
0.359933574800,-0.035648903402,0.000900078734,0.021672344547
0.357306322430,-0.035585450188,0.000925130108,-0.023466226295
0.354679070060,-0.035511299426,0.000997550844,-0.060634698795
0.352051817690,-0.035351194851,0.001091146204,-0.047433592431
0.349424565320,-0.035272594372,0.001159609721,-0.033362224740
0.346797312950,-0.035118496627,0.001138656477,-0.033781982684
0.344170060580,-0.035033991394,0.001163456498,-0.023739460836
0.341542808210,-0.034988007426,0.001254930311,-0.023144994619
0.338915555840,-0.034950335861,0.001356627697,-0.032016634994
0.336288303460,-0.034817443033,0.001360422259,-0.038996962788
0.333661051090,-0.034674774099,0.001483548193,-0.015121301578
0.331033798720,-0.034638395376,0.001561224640,-0.012675751002
0.328406546350,-0.034566267551,0.001556516126,-0.013446364429
0.325779293980,-0.034593753751,0.001552613668,0.018563569686
0.323152041610,-0.034663930736,0.001653214672,0.000238857736
0.320524789240,-0.034585673296,0.001650005719,-0.028854353332
0.317897536870,-0.034551363183,0.001695934919,-0.009198984359
0.315270284500,-0.034553181831,0.001798688178,-0.025213106711
0.312643032100,-0.034439871376,0.001762219782,-0.049694693059
0.310015779800,-0.034381235662,0.001694801052,-0.030246437006
0.307388527400,-0.034370722025,0.001833728012,-0.022137606131
0.304761275000,-0.034350492060,0.001946963863,-0.007516882553
0.302134022600,-0.034428333384,0.002023905942,-0.011356219444
0.299506770300,-0.034431451070,0.002231501052,-0.034863513939
0.296879517900,-0.034396347839,0.002336209060,-0.023515731781
0.294252265500,-0.034450456754,0.002369648671,0.005278076174
0.291625013200,-0.034535790224,0.002377950326,0.002770954889
0.288997760800,-0.034584289706,0.002354395786,-0.005440738848
0.286370508400,-0.034634281702,0.002430354472,-0.006262362055
0.283743256000,-0.034656491581,0.002386810512,-0.008113903489
0.281116003700,-0.034704776949,0.002321798547,-0.014288423511
0.278488751300,-0.034686522549,0.002285771823,-0.015742608503
0.275861498900,-0.034701659943,0.002131800320,0.017743982446
0.273234246600,-0.034822422430,0.001929839137,0.025607495557
0.270606994200,-0.034868035244,0.001814959895,0.039068938063
0.267979741800,-0.035018872696,0.001685239075,0.080693686365
0.265352489400,-0.035306886815,0.001561268502,0.077647204969
0.262725237100,-0.035426972619,0.001635023018,0.018168855884
0.260097984700,-0.035464607839,0.001864830717,0.004717324735
0.257470732300,-0.035527303231,0.002222579338,-0.003134220545
0.254843480000,-0.035540991153,0.002608923706,-0.042961346330
0.252216227600,-0.035409384877,0.002927081051,-0.084894435428
0.249588975200,-0.035221791068,0.003081141329,-0.089309595229
0.246961722900,-0.035087356372,0.003142307297,-0.075784065439
0.244334470500,-0.034995876250,0.003280295652,-0.073162521026
0.241707218100,-0.034863600366,0.003312685114,-0.070637385896
0.239079965700,-0.034759997481,0.003329047727,-0.069199029937
0.236452713400,-0.034634527629,0.003418621131,-0.055861832960
0.233825461000,-0.034586072212,0.003564476112,-0.037910306963
0.231198208600,-0.034504704042,0.003749550629,-0.056570903804
0.228570956300,-0.034351013363,0.003913131002,-0.087633308066
0.225943703900,-0.034120645707,0.004003660258,-0.100680380339
0.223316451500,-0.033939777794,0.004174689448,-0.076553758872
0.220689199100,-0.033819488742,0.004217099889,-0.047963660085
0.218061946800,-0.033737080865,0.004210328724,-0.026497950193
0.215434694400,-0.033716855356,0.004235090402,0.011203914816
0.212807442000,-0.033789569269,0.004220067761,0.049279694630
0.210180189700,-0.033916230714,0.004193036346,0.076512075155
0.207552937300,-0.034142737081,0.004121809769,0.086139320370
0.204925684900,-0.034332877723,0.004055682499,0.058556418369
0.202298432500,-0.034401180682,0.004163159647,0.042281853447
0.199671180200,-0.034466678995,0.004182772639,0.065490726544
0.197043927800,-0.034625342577,0.004222519973,0.102339772169
0.194416675400,-0.034807765963,0.004338067664,0.117650408219
0.191789423100,-0.035028006359,0.004389527466,0.123092773224
0.189162170700,-0.035182349747,0.004375742404,0.120785129337
0.186534918300,-0.035354561141,0.004411039396,0.149937269812
0.183907666000,-0.035658948419,0.004568483030,0.174321889821
0.181280413600,-0.035919733199,0.004743845787,0.170972564129
0.178653161200,-0.036199591711,0.004842785721,0.148975894143
0.176025908800,-0.036376891511,0.004885509150,0.110760832027
0.173398656500,-0.036490500325,0.004945002151,0.090010477409
0.170771404100,-0.036570744779,0.004932244717,0.046479582513
0.168144151700,-0.036515770460,0.004788257899,0.029492213338
0.165516899400,-0.036483353098,0.004707073103,0.061276174662
0.162889647000,-0.036591191466,0.004608691444,0.102208502270
0.160262394600,-0.036818740043,0.004485629630,0.136350591964
0.157635142200,-0.037122455622,0.004366654792,0.151769677901
0.155007889900,-0.037486838240,0.004333689328,0.149633266174
0.152380637500,-0.037726268538,0.004126254149,0.118626648745
0.149753385100,-0.037943968410,0.003908801918,0.112422171340
0.147126132800,-0.038172358762,0.003805378918,0.107916954481
0.144498880400,-0.038352603527,0.003613723617,0.086127580710
0.141871628000,-0.038438125101,0.003514476407,0.094052237734
0.139244375600,-0.038663858244,0.003400443514,0.140114520855
0.136617123300,-0.038910781355,0.003237316691,0.128457163709
0.133989870900,-0.039054990843,0.002929861714,0.061822139872
0.131362618500,-0.039000039978,0.002787123003,-0.002941898549
0.128735366200,-0.038849934928,0.002834582204,-0.012279101698
0.126108113800,-0.038817440744,0.002924159058,0.006757645967
0.123480861400,-0.038819258312,0.003056001531,0.047226262581
0.120853609000,-0.038999009055,0.003231535090,0.084759959964
0.118226356700,-0.039243266726,0.003358970376,0.080213941850
0.115599104300,-0.039355329610,0.003424716620,0.065150372340
0.112971851900,-0.039436291866,0.003487738758,0.090331756675
0.110344599600,-0.039678004975,0.003536791155,0.144217845815
0.107717347200,-0.039992736284,0.003581189387,0.184871079896
0.105090094800,-0.040426399723,0.003584411721,0.202691284950
0.102462842500,-0.040867750021,0.003562978866,0.224312777652
0.099835590100,-0.041425824528,0.003610948268,0.172694614571
0.097208337700,-0.041694078804,0.003635780305,0.141933834461
0.094581085300,-0.042125764827,0.003605751198,0.193904508356
0.091953833000,-0.042654069194,0.003538703982,0.194578734308
0.089326580600,-0.043033558705,0.003659924080,0.157668047827
0.086699328200,-0.043434329588,0.003670984051,0.096641486487
0.084072075900,-0.043512850592,0.003747583725,0.036817710217
0.081444823500,-0.043637702028,0.003881617446,0.019498233538
0.078817571100,-0.043592648736,0.003904683858,-0.021826420395
0.076190318700,-0.043499622203,0.004016475854,0.006673677130
0.073563066400,-0.043531687349,0.004211825905,0.027023294032
0.070935814000,-0.043503957875,0.004370891592,-0.040088744218
0.068308561600,-0.043226433869,0.004532647507,-0.092938697103
0.065681309300,-0.042939794537,0.004627913958,-0.081962303464
0.063054056900,-0.042729164183,0.004588368105,-0.063036840350
0.060426804500,-0.042526882668,0.004605871519,-0.018355036099
0.057799552100,-0.042568999592,0.004525187394,0.028362641176
0.055172299800,-0.042618855937,0.004262277051,0.041744391987
0.052545047400,-0.042749379735,0.004145265454,0.123804149437
0.049917795000,-0.043242343031,0.004070311705,0.168781881714
0.047290542700,-0.043582183062,0.003905586711,0.095503988570
0.044663290300,-0.043720591644,0.003573518648,0.066279374989
0.042036037900,-0.043892305349,0.003271796017,0.057629779816
0.039408785500,-0.043988051914,0.003101613371,0.073743675642
0.036781533200,-0.044196290658,0.003010531884,0.137216477010
0.034154280800,-0.044586627805,0.002751011909,0.162504159290
0.031527028400,-0.044973363909,0.002422179210,0.177055181952
0.028899776100,-0.045438614156,0.002211081958,0.192402852260
0.026272523700,-0.045888226530,0.002153462969,0.182422455699
0.023645271300,-0.046231974522,0.002128654193,0.173855684967
0.021018019000,-0.046606988988,0.001956689992,0.190735087397
0.018390766600,-0.047092201491,0.001959508445,0.217910201793
0.015763514200,-0.047568485729,0.001805336695,0.144842653713
0.013136261800,-0.047698545052,0.001655271863,0.055504690231
0.010509009500,-0.047711550480,0.001499277829,-0.065176234261
0.007881757100,-0.047283551846,0.001428447231,-0.225093980057
0.005254504700,-0.046510952294,0.001224355950,-0.296995042930
0.002627252400,-0.045746015525,0.001021273892,-1.547124582508
0.000000000000,-0.038451025774,0.000995116593,-2.815946867761
