0.391460603250,0.007514440826,0.000689261540,-0.681836859148
0.388833350880,0.009265211172,0.000899193328,-0.100718919970
0.386206098510,0.007996779030,0.001066688710,0.324894444129
0.383578846140,0.007539960315,0.001123778988,-0.022965786799
0.380951593770,0.008102437909,0.001193986937,0.018023183122
0.378324341400,0.007389450196,0.001385915237,0.332687597423
0.375697089030,0.006452362980,0.001581057155,0.212259327578
0.373069836660,0.006522787533,0.001758696643,-0.096501953391
0.370442584290,0.007492615438,0.001735374557,-0.238483222844
0.367815331920,0.007883919368,0.001775329697,-0.092866615161
0.365188079550,0.008136344674,0.001827901397,0.061235967141
0.362560827170,0.007695412045,0.001857617122,-0.097096201573
0.359933574800,0.008776355600,0.001970226275,-0.225068593388
0.357306322430,0.009106327072,0.002053415532,-0.069130516798
0.354679070060,0.009312972187,0.002055666567,-0.056745621149
0.352051817690,0.009554368889,0.001983852281,-0.100990726240
0.349424565320,0.009921231535,0.001887370445,-0.134213373849
0.346797312950,0.010276946848,0.001869511908,-0.138541312391
0.344170060580,0.010636069039,0.001798068300,-0.162456997293
0.341542808210,0.011194262877,0.001785924388,-0.180648917004
0.338915555840,0.011666234144,0.001682530541,-0.098473311646
0.336288303460,0.011816024886,0.001473196401,-0.041981264845
0.333661051090,0.011920582768,0.001261233841,-0.034591651960
0.331033798720,0.012013247544,0.001195041755,-0.022281119326
0.328406546350,0.012009005810,0.001057752766,-0.012752874524
0.325779293980,0.011985851341,0.000953992926,-0.004980556218
0.323152041610,0.011963816474,0.000991441040,-0.011090653188
0.320524789240,0.012065947447,0.001104269989,-0.066255380802
0.317897536870,0.012275367737,0.001085868974,-0.079666081381
0.315270284500,0.012391940369,0.001166623117,-0.050465101188
0.312643032100,0.012491960308,0.001099945338,-0.064663685961
0.310015779800,0.012654332055,0.001195311342,-0.065479757567
0.307388527400,0.012782569316,0.001198787517,-0.056853424561
0.304761275000,0.012921093134,0.001153555580,-0.045645948776
0.302134022600,0.012995952192,0.001120053106,-0.013436143558
0.299506770300,0.012986323262,0.001107955464,-0.007727558001
0.296879517900,0.013028963348,0.001098704916,-0.037052085808
0.294252265500,0.013161354595,0.001072341959,-0.027624426246
0.291625013200,0.013135504316,0.001184882268,0.009589859489
0.288997760800,0.013124514921,0.001296264307,0.004342001820
0.286370508400,0.013154147348,0.001376833779,-0.018553568169
0.283743256000,0.013205441706,0.001479237434,-0.017736971869
0.281116003700,0.013251808552,0.001604584966,-0.000646397734
0.278488751300,0.013238705731,0.001764500542,0.018187623343
0.275861498900,0.013190569995,0.001968019555,0.033682363298
0.273234246600,0.013061801099,0.002155880757,0.035920683038
0.270606994200,0.012960200508,0.002429473215,-0.004241086397
0.267979741800,0.013031296419,0.002624427559,-0.048451835973
0.265352489400,0.013092209117,0.002785389275,-0.033438370919
0.262725237100,0.013153269730,0.002960507864,-0.038849341139
0.260097984700,0.013269460598,0.003129607666,-0.055199053871
0.257470732300,0.013366054220,0.003167685017,-0.065066787763
0.254843480000,0.013461250638,0.003375908406,-0.051366548500
0.252216227600,0.013514747349,0.003562120984,-0.026268709823
0.249588975200,0.013465896500,0.003762814164,0.002915374565
0.246961722900,0.013384208110,0.004032759584,0.015398161535
0.244334470500,0.013302846852,0.004263339381,0.017809804062
0.241707218100,0.013172513698,0.004403708123,0.045547993679
0.239079965700,0.012944752257,0.004505002560,0.076917974743
0.236452713400,0.012708229301,0.004691344748,0.106151036663
0.233825461000,0.012330089530,0.004776934974,0.117424348759
0.231198208600,0.011987623865,0.004865433131,0.091014962031
0.228570956300,0.011740833067,0.004953045032,0.081578343238
0.225943703900,0.011502007202,0.004849570525,0.064438625270
0.223316451500,0.011398118351,0.004795222371,0.025784432437
0.220689199100,0.011338431809,0.004714710267,0.014289975967
0.218061946800,0.011312250839,0.004725907153,0.021592524788
0.215434694400,0.011241711810,0.004773847336,0.038619058126
0.212807442000,0.011163856424,0.004717385638,0.034066900474
0.210180189700,0.011140752628,0.004631899061,0.030637517408
0.207552937300,0.011100248827,0.004520176419,0.034494070027
0.204925684900,0.011000877485,0.004523761669,0.079187935714
0.202298432500,0.010836947985,0.004381370722,0.088837266736
0.199671180200,0.010732226413,0.004263457651,0.109396675311
0.197043927800,0.010531694218,0.004187370132,0.138895761116
0.194416675400,0.010260456542,0.004079104451,0.130773601140
0.191789423100,0.010097343012,0.003908613856,0.096613441829
0.189162170700,0.010014995670,0.003813716746,0.105136707456
0.186534918300,0.009827205012,0.003644286064,0.160009435447
0.183907666000,0.009515124813,0.003391355364,0.190529542374
0.181280413600,0.009150253460,0.003157474957,0.186460975170
0.178653161200,0.008800004406,0.002941566111,0.175573213057
0.176025908800,0.008545375118,0.002631650158,0.155025550131
0.173398656500,0.008412313962,0.002351415014,0.077271464853
0.170771404100,0.008438109925,0.002137996707,0.028462425602
0.168144151700,0.008450364030,0.001936446359,0.032739695111
0.165516899400,0.008430697512,0.001747016416,0.033191057561
0.162889647000,0.008523467169,0.001616625998,-0.005953911046
0.160262394600,0.008646308111,0.001461735992,0.038699689054
0.157635142200,0.008563848527,0.001302454995,0.145985706231
0.155007889900,0.008100374561,0.001000905125,0.303006065046
0.152380637500,0.007224095606,0.000847911609,0.404460820443
0.149753385100,0.006252759636,0.000543237980,0.364458035169
0.147126132800,0.005524358239,0.000168793606,0.224349855015
0.144498880400,0.005251470586,0.000074380577,0.122199942905
0.141871628000,0.005127593563,-0.000096805116,0.105178472365
0.139244375600,0.004949011036,-0.000349039238,0.106126603948
0.136617123300,0.004648048794,-0.000447581143,0.147879986064
0.133989870900,0.004171591836,-0.000428689804,0.215738767249
0.131362618500,0.003608556815,-0.000322063610,0.235875384548
0.128735366200,0.003017072455,-0.000386179170,0.203935783460
0.126108113800,0.002600492357,-0.000241533617,0.168844493226
0.123480861400,0.002183712905,0.000054992066,0.148996173849
0.120853609000,0.001829102486,0.000449230986,0.127706862234
0.118226356700,0.001542468293,0.000690675734,0.082300871984
0.115599104300,0.001441253649,0.000983826990,0.044799648032
0.112971851900,0.001294320426,0.001413253105,0.044615704852
0.110344599600,0.001146665035,0.001769075370,-0.009868874970
0.107717347200,0.001270172350,0.002059189093,-0.130535652007
0.105090094800,0.001764458726,0.002297904273,-0.210639524496
0.102462842500,0.002303399794,0.002508470599,-0.286260249663
0.099835590100,0.003114874039,0.002476906078,-0.307594273540
0.097208337700,0.003850371872,0.002506613365,-0.244965573640
0.094581085300,0.004414284805,0.002500682787,-0.168651283202
0.091953833000,0.004750525898,0.002558202786,-0.079253944655
0.089326580600,0.004796726385,0.002573305416,0.022197624211
0.086699328200,0.004554412065,0.002602637500,0.077162881748
0.084072075900,0.004312247963,0.002737008215,0.067736454032
0.081444823500,0.004227282501,0.002838643967,0.059247565786
0.078817571100,0.003983398842,0.002892772233,0.103278353478
0.076190318700,0.003618026420,0.002928619327,0.056632906398
0.073563066400,0.003607983927,0.002993746666,-0.025278499774
0.070935814000,0.003773771976,0.002944220565,0.025291497281
0.068308561600,0.003627863881,0.003109603660,0.069456693361
0.065681309300,0.003491545085,0.003338209738,0.042484715915
0.063054056900,0.003406430244,0.003691541331,0.037984120276
0.060426804500,0.003309902186,0.003990266014,0.058352305235
0.057799552100,0.003192558777,0.004138953436,0.085051181411
0.055172299800,0.002996040953,0.004269211392,0.097200835367
0.052545047400,0.002777600019,0.004285101357,0.069989341190
0.049917795000,0.002681755286,0.004378628572,0.063767445695
0.047290542700,0.002428402060,0.004470610706,0.089626734265
0.044663290300,0.002215609518,0.004284614012,0.069841033289
0.042036037900,0.002125278455,0.004096814265,0.065576882009
0.039408785500,0.001984330951,0.003856407251,0.076507280630
0.036781533200,0.001859497141,0.003498672763,0.109585804134
0.034154280800,0.001622305170,0.003247949417,0.127819072339
0.031527028400,0.001322720546,0.003135326193,0.130504997778
0.028899776100,0.001029379459,0.002888377380,0.107819214031
0.026272523700,0.000841360825,0.002551522378,0.112391608768
0.023645271300,0.000566629638,0.001808466330,0.111132179897
0.021018019000,0.000289848525,0.001705857890,0.042393042992
0.018390766600,0.000346852279,0.002201660886,-0.028664582201
0.015763514200,0.000402139569,0.002136577649,-0.014281925178
0.013136261800,0.000409670383,0.002087395272,-0.025337188421
0.010509009500,0.000475464128,0.001993334590,-0.084418544297
0.007881757100,0.000759511140,0.001779228277,-0.183226049026
0.005254504700,0.001388349630,0.001347732441,-0.216859848597
0.002627252400,0.001873931027,0.000986322884,-0.155157966399
0.000000000000,0.002267680074,0.000725009899,-0.133763820771
