0.391460603250,0.019263602229,0.000145757236,0.426908269451
0.388833350880,0.018100268254,0.000527682670,-0.252315343957
0.386206098510,0.020401056854,0.000773811457,-0.712119923849
0.383578846140,0.021986120849,0.000851562982,-0.178561869888
0.380951593770,0.021421855728,0.000874255768,0.184647889316
0.378324341400,0.021071167062,0.000972944547,0.124006268139
0.375697089030,0.020775621553,0.000972100409,0.042587396458
0.373069836660,0.020796864746,0.001014361652,-0.153945047751
0.370442584290,0.021514128008,0.001155536918,-0.236481844582
0.367815331920,0.022061214203,0.001166780975,-0.278669410112
0.365188079550,0.023075414438,0.001195296384,-0.137890072538
0.362560827170,0.022987546730,0.001274457598,0.045572639682
0.359933574800,0.022911977627,0.001280444207,-0.013065165758
0.357306322430,0.023000587625,0.001264354991,-0.061160124846
0.354679070060,0.022902255591,0.001421005879,0.036208076461
0.352051817690,0.022891144525,0.001458084728,-0.013723399273
0.349424565320,0.022999410933,0.001590575453,-0.035277603587
0.346797312950,0.023127907843,0.001695132128,-0.045043517168
0.344170060580,0.023335116278,0.001691069136,-0.067662397077
0.341542808210,0.023525919836,0.001671724397,-0.047772499603
0.338915555840,0.023543031157,0.001636884412,-0.012739084067
0.336288303460,0.023529421035,0.001769292338,-0.028008263510
0.333661051090,0.023632386666,0.001758395373,-0.022778154256
0.331033798720,0.023625647989,0.001727660418,0.001406103104
0.328406546350,0.023620398461,0.001811893992,-0.033206191244
0.325779293980,0.023782317420,0.001807296852,-0.059862909840
0.323152041610,0.023900886487,0.001749393698,-0.016491832778
0.320524789240,0.023843023914,0.001697549306,0.013008150691
0.317897536870,0.023794349228,0.001591699837,-0.018472499732
0.315270284500,0.023871700038,0.001579205632,-0.023731579547
0.312643032100,0.023897120979,0.001647312450,-0.022266013677
0.310015779800,0.023870439261,0.001762990601,-0.030651365940
0.307388527400,0.023915531231,0.001788797787,-0.023417459662
0.304761275000,0.023877351590,0.001764987258,-0.011474366350
0.302134022600,0.023873591072,0.001800546553,-0.002193755058
0.299506770300,0.023777731469,0.001903588439,-0.012256382739
0.296879517900,0.023757339150,0.002061564342,-0.046412977530
0.294252265500,0.023783546049,0.002179761464,-0.032307034780
0.291625013200,0.023721646511,0.002238433009,-0.007871392026
0.288997760800,0.023643152698,0.002234771060,0.014457207037
0.286370508400,0.023525308669,0.002219023901,0.000523345658
0.283743256000,0.023568434884,0.002264883097,-0.032676406947
0.281116003700,0.023591334307,0.002259295081,-0.009512980539
0.278488751300,0.023495480151,0.002283038896,0.008943502315
0.275861498900,0.023424719507,0.002205626767,-0.005609521493
0.273234246600,0.023424583161,0.002152015160,-0.013374135572
0.270606994200,0.023409727128,0.001968044464,0.006303712487
0.267979741800,0.023340390347,0.001778174958,0.027541490914
0.265352489400,0.023165720256,0.001560897862,0.053097763257
0.262725237100,0.022993367505,0.001471759559,0.057798479608
0.260097984700,0.022836676751,0.001452190921,0.037673236370
0.257470732300,0.022769693967,0.001513636141,0.001339810138
0.254843480000,0.022816823385,0.001889957780,-0.029032337251
0.252216227600,0.022845438379,0.002365247919,-0.044995608117
0.249588975200,0.022944015914,0.002625140729,-0.068228464970
0.246961722900,0.023030737297,0.002651971965,-0.069094772164
0.244334470500,0.023116823171,0.002665070101,-0.076563827940
0.241707218100,0.023259378531,0.002771222062,-0.082982771686
0.239079965700,0.023324533501,0.002825481603,-0.055190298032
0.236452713400,0.023351352544,0.002935279148,-0.047618356650
0.233825461000,0.023425381058,0.003007295918,-0.071002664312
0.231198208600,0.023568918024,0.003148335898,-0.079415387158
0.228570956300,0.023715320172,0.003305979912,-0.087047537217
0.225943703900,0.023880994458,0.003424029265,-0.086866597956
0.223316451500,0.024046511640,0.003519512961,-0.077083207199
0.220689199100,0.024174367607,0.003660314312,-0.063201130413
0.218061946800,0.024301998505,0.003760165420,-0.050310953464
0.215434694400,0.024429929846,0.003744438251,-0.017616746496
0.212807442000,0.024434967481,0.003820407778,0.017416162356
0.210180189700,0.024350077737,0.003909369412,0.049825008797
0.207552937300,0.024240410129,0.003884553001,0.057696411787
0.204925684900,0.024211072253,0.003817736151,0.067982941059
0.202298432500,0.024072510868,0.003871343104,0.084168512629
0.199671180200,0.023971643952,0.003906172753,0.061059804130
0.197043927800,0.023894172050,0.003966605289,0.060696688981
0.194416675400,0.023773287315,0.004053760930,0.077439727151
0.191789423100,0.023622446692,0.004129187453,0.076552754242
0.189162170700,0.023573556178,0.004296205484,0.084158950311
0.186534918300,0.023419389720,0.004325419766,0.110641867572
0.183907666000,0.023216791386,0.004420861645,0.125670180385
0.181280413600,0.023006651363,0.004426720500,0.135433329262
0.178653161200,0.022785266415,0.004455791248,0.120193245018
0.176025908800,0.022643999581,0.004531830603,0.108353533657
0.173398656500,0.022451354964,0.004645628069,0.121148149808
0.170771404100,0.022196573498,0.004659164215,0.108548370478
0.168144151700,0.022068732445,0.004683087961,0.039255587362
0.165516899400,0.022140725068,0.004703315496,0.018938739071
0.162889647000,0.022106780600,0.004609360629,0.060858498929
0.160262394600,0.022012073531,0.004444345967,0.138650230421
0.157635142200,0.021611833763,0.004243050050,0.202163743913
0.155007889900,0.021154258352,0.004140401641,0.176653800281
0.152380637500,0.020867796629,0.003894479050,0.032584191591
0.149753385100,0.021011332722,0.003918191438,-0.008877706209
0.147126132800,0.021033235608,0.003844023313,0.043364411382
0.144498880400,0.020947925172,0.003565059323,0.105798799151
0.141871628000,0.020699295470,0.003325092022,0.133321355510
0.139244375600,0.020482117702,0.003187384596,0.114996983672
0.136617123300,0.020312872050,0.003160566205,0.119561466840
0.133989870900,0.020104619470,0.003017191664,0.092376262684
0.131362618500,0.020075897003,0.002826249394,0.042442572788
0.128735366200,0.020170028364,0.002586331857,0.029662041527
0.126108113800,0.020208698187,0.002309478244,0.042178396089
0.123480861400,0.020161343364,0.002340068203,0.080444948038
0.120853609000,0.019948079374,0.002460363153,0.135757280627
0.118226356700,0.019570758804,0.002721366687,0.162351148947
0.115599104300,0.019270362001,0.002847553919,0.099536330911
0.112971851900,0.019212770101,0.002919510321,0.020945738836
0.110344599600,0.019203150431,0.003069981648,0.026853105058
0.107717347200,0.019137072974,0.003094008276,0.088124604966
0.105090094800,0.018793232575,0.003105850315,0.173547491143
0.102462842500,0.018345083716,0.003278420377,0.194512127126
0.099835590100,0.018009547369,0.003324827634,0.157699113030
0.097208337700,0.017683801384,0.003180074253,0.169060645912
0.094581085300,0.017287682403,0.003151332508,0.203232107242
0.091953833000,0.016769981020,0.003055120877,0.255289975768
0.089326580600,0.016112979507,0.003038138426,0.204879749154
0.086699328200,0.015765021088,0.003040670797,0.137323932496
0.084072075900,0.015537312390,0.003159380931,0.134463445661
0.081444823500,0.015200051640,0.003153701594,0.103637110770
0.078817571100,0.015021338137,0.003162022164,0.039451057044
0.076190318700,0.015021859719,0.003275767969,-0.013451612984
0.073563066400,0.015112680592,0.003434399494,-0.060282051748
0.070935814000,0.015343372817,0.003518096367,-0.037930637890
0.068308561600,0.015338139470,0.003609499160,0.004485324864
0.065681309300,0.015381277151,0.003578095839,-0.052286929754
0.063054056900,0.015640372921,0.003715597205,-0.109874260502
0.060426804500,0.015972083427,0.003534163332,-0.121476501319
0.057799552100,0.016255986224,0.003492601806,-0.102314627713
0.055172299800,0.016449489241,0.003531549199,-0.046428132547
0.052545047400,0.016455034594,0.003504363189,0.036912603228
0.049917795000,0.016230437980,0.003330293463,0.119080384724
0.047290542700,0.015791583528,0.003102702085,0.142644325900
0.044663290300,0.015446240723,0.002871876295,0.132679359301
0.042036037900,0.015090036133,0.002725532724,0.118977683502
0.039408785500,0.014787924858,0.002519487567,0.076741503569
0.036781533200,0.014618740170,0.002095637348,0.029901858367
0.034154280800,0.014488691443,0.001868554200,0.042414903852
0.031527028400,0.014270018382,0.001918348400,0.107399153355
0.028899776100,0.013855068073,0.001802745440,0.193037769142
0.026272523700,0.013259797233,0.001704948264,0.264002794078
0.023645271300,0.012503883607,0.001724567032,0.185963250274
0.021018019000,0.012283393894,0.001749669670,0.031698075897
0.018390766600,0.012375765127,0.001723808907,-0.015620031462
0.015763514200,0.012459141870,0.001648614572,0.029597460073
0.013136261800,0.012416280991,0.001557035567,0.069112685674
0.010509009500,0.012337874403,0.001311801170,0.045462897617
0.007881757100,0.012386566031,0.001091807589,-0.023290931715
0.005254504700,0.012634245728,0.000845761685,-0.041599591238
0.002627252400,0.012747136624,0.000630991182,0.152003373656
0.000000000000,0.011903412346,0.000411570921,0.352254863220
