0.391460603250,0.054149677431,0.000709787947,-0.392387659219
0.388833350880,0.055198481708,0.000807318833,0.045231254696
0.386206098510,0.053895613718,0.000998132008,0.296283896176
0.383578846140,0.053647999464,0.001117801817,0.038398417947
0.380951593770,0.053670395971,0.001138323776,-0.295031254023
0.378324341400,0.055116014681,0.001152025191,-0.497160453992
0.375697089030,0.056192512889,0.001316654551,-0.133047805082
0.373069836660,0.055659602417,0.001383381893,0.455970176050
0.370442584290,0.053734976902,0.001173521452,0.550511458383
0.367815331920,0.052789789391,0.001212204696,-0.023751858092
0.365188079550,0.053902216633,0.001293161836,-0.556951360602
0.362560827170,0.055796856339,0.001418957415,-0.608231135940
0.359933574800,0.057138623229,0.001631185061,-0.297898669720
0.357306322430,0.057468635731,0.001638980226,-0.053566113119
0.354679070060,0.057595458851,0.001480282580,0.013453043449
0.352051817690,0.057614848388,0.001599332713,0.012431968727
0.349424565320,0.057673448823,0.001656983298,0.023842720574
0.346797312950,0.057727420799,0.001610904522,0.060652296590
0.344170060580,0.057739588984,0.001568736124,0.032996089075
0.341542808210,0.057780667785,0.001638968307,0.022373972099
0.338915555840,0.057773729315,0.001545804060,0.066546451188
0.336288303460,0.057694827552,0.001478734392,0.061993411468
0.333661051090,0.057659680159,0.001507601018,0.026135613142
0.331033798720,0.057662806189,0.001446762730,-0.002958285470
0.328406546350,0.057728852506,0.001331557247,0.004687532271
0.325779293980,0.057748409080,0.001408062861,0.039026161385
0.323152041610,0.057624034367,0.001422056259,0.029993422174
0.320524789240,0.057673996107,0.001388437101,-0.021738513796
0.317897536870,0.057832040240,0.001311319202,-0.017940108861
0.315270284500,0.057865275686,0.001376589302,-0.010963776804
0.312643032100,0.057931070896,0.001403654958,-0.016183013141
0.310015779800,0.057986583261,0.001526325979,-0.041671346424
0.307388527400,0.058166718418,0.001740042551,-0.053109893143
0.304761275000,0.058302282386,0.001930225196,-0.032825182125
0.302134022600,0.058390046070,0.002220489121,-0.031550243855
0.299506770300,0.058477725422,0.002395711794,-0.016548470908
0.296879517900,0.058463263291,0.002579900214,0.014090490364
0.294252265500,0.058408990162,0.002918199056,-0.002690987462
0.291625013200,0.058418898487,0.003070257124,-0.027210714081
0.288997760800,0.058440343073,0.003137273906,-0.022564411998
0.286370508400,0.058385419475,0.003193230716,-0.002661911314
0.283743256000,0.058277054017,0.003295676719,0.036718537558
0.281116003700,0.058216607507,0.003308056399,0.020677447421
0.278488751300,0.058222734537,0.003236553503,0.020224097230
0.275861498900,0.058092861924,0.003148998640,0.017988040410
0.273234246600,0.058060719899,0.003037136997,-0.006110874839
0.270606994200,0.058051354238,0.002936195073,-0.006154128343
0.267979741800,0.058067073842,0.002876087986,0.012114469688
0.265352489400,0.057983780242,0.002692949630,0.053465764865
0.262725237100,0.057802363222,0.002346642993,0.085065846177
0.260097984700,0.057504186348,0.002064020772,0.073467975815
0.257470732300,0.057366319303,0.001941701271,0.027404406541
0.254843480000,0.057353006787,0.002046437546,0.024095104974
0.252216227600,0.057246158147,0.002387125389,0.035520373833
0.249588975200,0.057135412176,0.002730468734,0.001004599653
0.246961722900,0.057166417385,0.003048794815,-0.054216389774
0.244334470500,0.057353798873,0.003230424560,-0.072694517755
0.241707218100,0.057519668719,0.003249638539,-0.058640118719
0.239079965700,0.057651445418,0.003301892145,-0.041475675969
0.236452713400,0.057742778445,0.003225705277,-0.025474939926
0.233825461000,0.057809772453,0.003146728564,-0.035523762239
0.231198208600,0.057926946593,0.003103630780,-0.039261122876
0.228570956300,0.058032729571,0.003021911424,-0.016969630830
0.225943703900,0.058065313321,0.003030467968,-0.038396156736
0.223316451500,0.058261215952,0.002985585767,-0.064238354130
0.220689199100,0.058392912186,0.002895195300,-0.042401473335
0.218061946800,0.058471987356,0.002997370916,-0.050209940789
0.215434694400,0.058630161666,0.003099164530,-0.008116964303
0.212807442000,0.058594936247,0.002954098370,0.059871071302
0.210180189700,0.058367733306,0.002754833861,0.110133776020
0.207552937300,0.058025856199,0.002557176691,0.112469824756
0.204925684900,0.057783771288,0.002363089476,0.087440893490
0.202298432500,0.057558661274,0.002294772884,0.074386408947
0.199671180200,0.057414883120,0.002271811977,0.061379566734
0.197043927800,0.057278971888,0.002319200056,0.059129925058
0.194416675400,0.057151985305,0.002352390747,0.046509650154
0.191789423100,0.057059668242,0.002374462494,0.044171255646
0.189162170700,0.056962005987,0.002351180912,0.014544660123
0.186534918300,0.057003873941,0.002286580856,-0.018548008477
0.183907666000,0.057055048482,0.002297396989,0.025033750151
0.181280413600,0.056924431667,0.002386160905,0.071558154366
0.178653161200,0.056739068049,0.002294563786,0.064664213952
0.176025908800,0.056611718606,0.002408742261,0.049813019382
0.173398656500,0.056510421359,0.002490403075,0.032870070575
0.170771404100,0.056470783582,0.002457737160,0.018007697757
0.168144151700,0.056456715475,0.002405171614,0.021887153007
0.165516899400,0.056407856915,0.002390878614,0.051371770430
0.162889647000,0.056233785142,0.002248960495,0.094998985812
0.160262394600,0.055980322635,0.002230882941,0.142687303254
0.157635142200,0.055590286277,0.002086010516,0.177335501492
0.155007889900,0.055116874172,0.001846943607,0.166177719891
0.152380637500,0.054785471629,0.001722351774,0.115268662856
0.149753385100,0.054548477103,0.001598586415,0.104849330451
0.147126132800,0.054324778452,0.001386293748,0.081234755821
0.144498880400,0.054180842428,0.001046212738,0.064704156268
0.141871628000,0.053918116341,0.000820982296,0.090930085189
0.139244375600,0.053641259874,0.000614052309,0.141867485106
0.136617123300,0.053155100720,0.000378955848,0.185896361932
0.133989870900,0.052714499324,0.000117640286,0.076686894962
0.131362618500,0.052872284017,-0.000167503516,-0.122998381315
0.128735366200,0.053468520422,-0.000364910267,-0.183014623633
0.126108113800,0.053945954482,-0.000513796761,-0.125133074892
0.123480861400,0.054198298170,-0.000453939820,-0.057074065577
0.120853609000,0.054210575617,-0.000368496361,0.013763343362
0.118226356700,0.054115429819,-0.000228305574,0.006980497445
0.115599104300,0.054180942679,-0.000132677550,-0.050132575609
0.112971851900,0.054396228016,-0.000241182807,-0.065815329958
0.110344599600,0.054607272246,-0.000358507002,-0.018490028569
0.107717347200,0.054583156783,-0.000326560675,0.047149304078
0.105090094800,0.054408604588,-0.000323080716,0.137195638976
0.102462842500,0.053911271887,-0.000273067369,0.214940005190
0.099835590100,0.053388995475,-0.000283387261,0.162177894237
0.097208337700,0.053134264642,-0.000213631611,0.113676405075
0.094581085300,0.052848002119,-0.000065365843,0.086890020257
0.091953833000,0.052752825870,0.000227966639,0.077850700056
0.089326580600,0.052647709392,0.000264925784,0.130280246665
0.086699328200,0.052363483811,0.000487081461,0.116353535026
0.084072075900,0.052234101475,0.000684082162,0.116723811590
0.081444823500,0.051970578177,0.000678164403,0.184551199469
0.078817571100,0.051631176273,0.000730545728,0.156315309465
0.076190318700,0.051411631388,0.000886183714,0.137767135466
0.073563066400,0.051106134964,0.001062897456,0.164629507987
0.070935814000,0.050744710915,0.001070337556,0.152609270215
0.068308561600,0.050475890383,0.001133583162,0.121957719918
0.065681309300,0.050214005103,0.001150756966,0.095982264031
0.063054056900,0.050107731640,0.001153809790,0.072387882291
0.060426804500,0.050019822316,0.001268421415,0.050229141817
0.057799552100,0.050031002748,0.001406679800,0.035225792253
0.055172299800,0.050053706359,0.001341843711,0.043274350639
0.052545047400,0.050035747000,0.001296679966,0.033861127655
0.049917795000,0.050113153235,0.001413155140,0.067909250835
0.047290542700,0.049912693463,0.001302809886,0.124671217420
0.044663290300,0.049662856796,0.001271755025,0.133944925341
0.042036037900,0.049370606272,0.001282240499,0.067659829810
0.039408785500,0.049377484724,0.001175145634,-0.005178221091
0.036781533200,0.049484519792,0.000990335292,-0.034253217885
0.034154280800,0.049624827217,0.000755999077,0.049752235523
0.031527028400,0.049261559001,0.000634182411,0.182629689338
0.028899776100,0.048701786445,0.000614970320,0.242161058295
0.026272523700,0.047995193571,0.000732485285,0.298475318999
0.023645271300,0.047118373370,0.000604674173,0.421634617027
0.021018019000,0.045702064969,0.000660823994,0.073103195446
0.018390766600,0.046709482400,0.000751026979,-0.227883650336
0.015763514200,0.046902968191,0.000725270921,-0.051887036236
0.013136261800,0.046945003989,0.000628410685,-0.054284331167
0.010509009500,0.047174681332,0.000536156215,-0.105325797575
0.007881757100,0.047476372613,0.000541182351,-0.173240235724
0.005254504700,0.048059734461,0.000356101156,-0.258072906022
0.002627252400,0.048814950929,0.000049774701,0.804175899648
0.000000000000,0.043789230042,-0.000630150950,1.953297061781
