0.391460603250,-0.050777560752,0.000270982089,0.351975547809
0.388833350880,-0.051684061360,0.000038457953,0.659023178182
0.386206098510,-0.054172462846,0.000205940090,0.510677797389
0.383578846140,-0.054413470029,0.000259860038,0.037634084158
0.380951593770,-0.054272797822,0.000369813680,-0.293986577861
0.378324341400,-0.052894371126,0.000526023732,0.054059188614
0.375697089030,-0.054593575071,0.000733805690,0.312900596265
0.373069836660,-0.054502432221,0.000878898603,-0.019271668849
0.370442584290,-0.054405479832,0.000908145593,-0.063846608915
0.367815331920,-0.053968119471,0.001078802108,0.193648438965
0.365188079550,-0.054946803424,0.001134817818,0.405127083190
0.362560827170,-0.055780094764,0.001132134132,0.222930550871
0.359933574800,-0.055920612741,0.001201005487,0.061807165854
0.357306322430,-0.056005434841,0.001323643125,0.045559699643
0.354679070060,-0.056086611540,0.001335845204,0.036877020311
0.352051817690,-0.056063801054,0.001319132518,-0.007940911676
0.349424565320,-0.055836515919,0.001371054077,-0.059035631481
0.346797312950,-0.055591996026,0.001425378324,-0.067867245132
0.344170060580,-0.055342237320,0.001432036292,-0.086875011011
0.341542808210,-0.054974672443,0.001511163769,-0.147041859153
0.338915555840,-0.054413252944,0.001526344799,-0.178480911303
0.336288303460,-0.053878774358,0.001483176825,-0.153152536874
0.333661051090,-0.053370778690,0.001444630527,-0.110766110691
0.331033798720,-0.053082876790,0.001367700931,-0.050137269150
0.328406546350,-0.052914868058,0.001374214819,-0.024627611980
0.325779293980,-0.052784438691,0.001317496543,-0.015020968397
0.323152041610,-0.052733651791,0.001495527926,-0.023225349447
0.320524789240,-0.052590749049,0.001626692726,-0.011461596311
0.317897536870,-0.052593968819,0.001713738312,0.015574614290
0.315270284500,-0.052616206072,0.001886552755,0.010161352472
0.312643032100,-0.052570667090,0.001996334040,-0.019464433449
0.310015779800,-0.052434279777,0.001955526813,-0.016413116070
0.307388527400,-0.052386764855,0.001838143163,-0.011284295401
0.304761275000,-0.052357734710,0.001759491415,-0.002359410837
0.302134022600,-0.052339219256,0.001582603110,0.009026397110
0.299506770300,-0.052329885166,0.001559795739,0.000538682301
0.296879517900,-0.052312105838,0.001440095639,-0.008114006949
0.294252265500,-0.052315458351,0.001303992838,0.022424468390
0.291625013200,-0.052431559511,0.001210352627,0.026676746635
0.288997760800,-0.052457606082,0.001052316836,-0.013767459109
0.286370508400,-0.052379616214,0.001109838435,-0.031038201476
0.283743256000,-0.052349048443,0.001217245598,0.000731364470
0.281116003700,-0.052474821353,0.001420501194,0.010675824700
0.278488751300,-0.052479267782,0.001671452238,0.009217552986
0.275861498900,-0.052556850755,0.001935523409,0.012292905546
0.273234246600,-0.052574096948,0.002220999538,-0.006166665525
0.270606994200,-0.052494745940,0.002515933278,-0.016462203033
0.267979741800,-0.052477634018,0.002733425469,-0.008668397692
0.265352489400,-0.052506057720,0.002925100313,-0.000453260697
0.262725237100,-0.052517717212,0.003134503463,-0.001116041854
0.260097984700,-0.052509564256,0.003229110624,-0.028605443166
0.257470732300,-0.052381707670,0.003280017302,-0.071467726423
0.254843480000,-0.052153420186,0.003356001558,-0.059032955673
0.252216227600,-0.052096568801,0.003478658798,-0.024078055353
0.249588975200,-0.052000241194,0.003586017611,-0.043202251709
0.246961722900,-0.051868194183,0.003742013111,-0.043687769639
0.244334470500,-0.051779779471,0.003820459744,-0.037959000434
0.241707218100,-0.051685715227,0.003869517934,-0.054936245200
0.239079965700,-0.051547533922,0.003862760130,-0.029266661000
0.236452713400,-0.051512355212,0.003927480306,0.020316549121
0.233825461000,-0.051545530262,0.004072474209,0.050347353279
0.231198208600,-0.051704192277,0.004248703573,0.111172470630
0.228570956300,-0.052078848785,0.004407863981,0.180969702822
0.225943703900,-0.052559040661,0.004579579906,0.213248003662
0.223316451500,-0.053058271855,0.004752845784,0.199355540903
0.220689199100,-0.053437834858,0.004833174478,0.173236337559
0.218061946800,-0.053844017783,0.004902336242,0.149336245234
0.215434694400,-0.054100315060,0.005070588830,0.070880540094
0.212807442000,-0.054079259220,0.005139864192,0.009310450302
0.210180189700,-0.054003408965,0.005063037099,-0.015508332594
0.207552937300,-0.053844275829,0.005147907950,-0.033735945117
0.204925684900,-0.053680616179,0.005158188661,-0.003694807286
0.202298432500,-0.053710524045,0.004867224957,0.075988410997
0.199671180200,-0.054009292232,0.004519212595,0.150100956845
0.197043927800,-0.054509421736,0.004244660757,0.215536040850
0.194416675400,-0.055004993400,0.003939274432,0.198703607383
0.191789423100,-0.055452184893,0.003547817221,0.187772211399
0.189162170700,-0.055938450138,0.003307626647,0.204602618041
0.186534918300,-0.056419025529,0.003048036984,0.176883863521
0.183907666000,-0.056768125381,0.002756147459,0.113584457997
0.181280413600,-0.056920311715,0.002462085389,0.033140265461
0.178653161200,-0.056795786079,0.002169163721,-0.027823212085
0.176025908800,-0.056568899074,0.001852833696,-0.033643037350
0.173398656500,-0.056390387340,0.001663106905,-0.015582523528
0.170771404100,-0.056235389575,0.001585102730,-0.012357606365
0.168144151700,-0.056180091842,0.001497026028,0.034922042737
0.165516899400,-0.056224019359,0.001480556915,0.071735428578
0.162889647000,-0.056319561756,0.001451848069,0.129896304153
0.160262394600,-0.056634250316,0.001417566754,0.178858651479
0.157635142200,-0.057000395901,0.001538214990,0.166238062720
0.155007889900,-0.057318470728,0.001549431936,0.162756566318
0.152380637500,-0.057698109822,0.001483153599,0.199541138013
0.149753385100,-0.058187831141,0.001349462089,0.243560661217
0.147126132800,-0.058666581332,0.001328043380,0.199907248809
0.144498880400,-0.058998393341,0.001240113206,0.131470955015
0.141871628000,-0.059235973476,0.001204797794,0.076842967994
0.139244375600,-0.059358923568,0.001119579204,0.055094074021
0.136617123300,-0.059494886836,0.000951812018,0.042501111343
0.133989870900,-0.059551885586,0.000882016980,0.031380236053
0.131362618500,-0.059667311694,0.000847438470,0.009905880992
0.128735366200,-0.059630242352,0.000717681899,-0.042506078070
0.126108113800,-0.059454644498,0.000681853019,-0.122548915554
0.123480861400,-0.058952343216,0.000551990310,-0.188419691710
0.120853609000,-0.058483511314,0.000592217839,-0.145081234824
0.118226356700,-0.058281048446,0.000811381802,-0.030827182582
0.115599104300,-0.058370918407,0.000959800454,0.063187613030
0.112971851900,-0.058638354878,0.001196766746,0.212992105260
0.110344599600,-0.059421751955,0.001541394646,0.326274497027
0.107717347200,-0.060279291149,0.001786075652,0.364434138916
0.105090094800,-0.061263087721,0.001995319482,0.337736115579
0.102462842500,-0.061978248183,0.002183981983,0.150651387698
0.099835590100,-0.062028819446,0.002307671686,0.032477953555
0.097208337700,-0.062042591356,0.002528469718,0.028098557734
0.094581085300,-0.061995177724,0.002774747363,-0.036842789209
0.091953833000,-0.061842501866,0.003098416551,-0.055736141808
0.089326580600,-0.061727042243,0.003200235347,-0.037271203561
0.086699328200,-0.061638289086,0.003147565199,-0.025999833762
0.084072075900,-0.061585903819,0.003068367049,0.009782101332
0.081444823500,-0.061713485149,0.003222678571,0.036312056403
0.078817571100,-0.061795630158,0.003298641970,0.004068682449
0.076190318700,-0.061753514795,0.003180066193,-0.030364268757
0.073563066400,-0.061618962311,0.003078370452,-0.016277443819
0.070935814000,-0.061545080684,0.003204565484,0.038849549554
0.068308561600,-0.061529166887,0.003380859114,0.085062217877
0.065681309300,-0.061718892400,0.003501214619,0.109801901789
0.063054056900,-0.061867120761,0.003433698188,0.072078975156
0.060426804500,-0.061983170314,0.003324835625,0.056773716053
0.057799552100,-0.062140579602,0.003427867823,0.051035779835
0.055172299800,-0.062204416943,0.003577226406,-0.031060176888
0.052545047400,-0.061982225945,0.003489288385,-0.049750757618
0.049917795000,-0.061918623979,0.003443525384,0.005409342462
0.047290542700,-0.062035841804,0.003623861058,0.044819670532
0.044663290300,-0.062188475138,0.003796340131,0.083139345296
0.042036037900,-0.062431333935,0.003744638095,0.188277685531
0.039408785500,-0.063102143403,0.003534953526,0.285612498268
0.036781533200,-0.063833957024,0.003380848211,0.267965678736
0.034154280800,-0.064333151833,0.003454021490,0.175358441886
0.031527028400,-0.064584539886,0.003363537560,0.090837323767
0.028899776100,-0.064702890318,0.003304460632,0.042704154812
0.026272523700,-0.064763161126,0.003309384710,0.007663511422
0.023645271300,-0.064755441943,0.003141659176,-0.037627740052
0.021018019000,-0.064656656049,0.003057090967,-0.031742860157
0.018390766600,-0.064668839001,0.003094544582,0.053123964699
0.015763514200,-0.064950951828,0.002910686273,0.106397071793
0.013136261800,-0.065236295349,0.002634113120,0.094634489201
0.010509009500,-0.065446010652,0.002476728349,0.091810166908
0.007881757100,-0.065719589070,0.002228435625,0.028721768606
0.005254504700,-0.065590541868,0.002095732146,-0.155935053214
0.002627252400,-0.064961408698,0.001932408129,-1.848472818523
0.000000000000,-0.055958560931,0.001284404555,-3.421817727337
