0.391460603250,-0.050334595618,0.000101862681,0.116896299206
0.388833350880,-0.050721729350,-0.000173942400,0.760118192299
0.386206098510,-0.054423680474,-0.000411668142,0.730407435033
0.383578846140,-0.054517184247,-0.000174692921,0.130727626884
0.380951593770,-0.054973656869,-0.000024954872,0.627696854724
0.378324341400,-0.057796582843,-0.000312205819,0.624652525691
0.375697089030,-0.058201174916,-0.000261647948,0.148126937194
0.373069836660,-0.058392460216,-0.000119685001,0.088726181101
0.370442584290,-0.058441967457,0.000097116158,0.034369197261
0.367815331920,-0.058423477484,0.000100138447,0.076440802556
0.365188079550,-0.058773835904,0.000142436472,0.075811402689
0.362560827170,-0.058894874243,0.000146274262,0.054518509547
0.359933574800,-0.058958848038,0.000371119966,0.017395220273
0.357306322430,-0.058973225391,0.000444500117,-0.028243103657
0.354679070060,-0.058851289177,0.000541569368,-0.046038111089
0.352051817690,-0.058703219325,0.000587596705,-0.035692905586
0.349424565320,-0.058562628231,0.000672303614,-0.067341881869
0.346797312950,-0.058312774111,0.000745137263,-0.077115163812
0.344170060580,-0.058034726943,0.000817858217,-0.134737629600
0.341542808210,-0.057504582026,0.000882555752,-0.198342909577
0.338915555840,-0.056921601446,0.000940183579,-0.237666746289
0.336288303460,-0.056265223230,0.001015818995,-0.268699842451
0.333661051090,-0.055574745856,0.000954810358,-0.224607086500
0.331033798720,-0.055186964904,0.000982515890,-0.140984929785
0.328406546350,-0.054961368042,0.000863818380,-0.098324146633
0.325779293980,-0.054727777142,0.000774892803,-0.087307822516
0.323152041610,-0.054543237730,0.000905129107,-0.104182840152
0.320524789240,-0.054325522124,0.001063524511,-0.092277221648
0.317897536870,-0.054215355637,0.001361194022,-0.052077549346
0.315270284500,-0.054181573289,0.001436928929,-0.037466656501
0.312643032100,-0.054130816140,0.001572232521,-0.007899589295
0.310015779800,-0.054134610485,0.001663077104,0.012004659005
0.307388527400,-0.054125496397,0.001700312402,-0.012509731080
0.304761275000,-0.054108485000,0.001668468808,0.000296074950
0.302134022600,-0.054174729550,0.001655483960,-0.008021056754
0.299506770300,-0.054132423979,0.001658461912,-0.009947296135
0.296879517900,-0.054152104229,0.001554928634,-0.007083053228
0.294252265500,-0.054156673596,0.001338948829,0.003845119600
0.291625013200,-0.054249985883,0.001306615383,0.037389428494
0.288997760800,-0.054477554517,0.001490534411,0.043138123549
0.286370508400,-0.054604821445,0.001593235337,0.020128058014
0.283743256000,-0.054667956094,0.001775551945,0.023562727656
0.281116003700,-0.054800511889,0.002047079006,0.032678446914
0.278488751300,-0.054929212974,0.002245771992,0.018893525627
0.275861498900,-0.055020923013,0.002482231659,0.000834499891
0.273234246600,-0.055054171267,0.002778332725,-0.002308331170
0.270606994200,-0.055067380579,0.003012068168,-0.016868103221
0.267979741800,-0.055043747889,0.003185192055,0.009410127492
0.265352489400,-0.055091568597,0.003365388262,0.003751926473
0.262725237100,-0.055098026560,0.003363093133,-0.025237504102
0.260097984700,-0.054975392078,0.003374396992,-0.040419187024
0.257470732300,-0.054903346373,0.003510590731,-0.028448558084
0.254843480000,-0.054822974371,0.003618444317,-0.044901236152
0.252216227600,-0.054714277989,0.003614608520,-0.042745551939
0.249588975200,-0.054637953232,0.003637425839,-0.033938458828
0.246961722900,-0.054543710918,0.003757916840,-0.050615030969
0.244334470500,-0.054433347236,0.003794518473,-0.057159872985
0.241707218100,-0.054311165586,0.003774480462,-0.030294771638
0.239079965700,-0.054267608756,0.003664212910,-0.000834317038
0.236452713400,-0.054236280833,0.003722368958,0.039016948972
0.233825461000,-0.054329165129,0.003795300191,0.122131435005
0.231198208600,-0.054733598809,0.003846947147,0.221810154251
0.228570956300,-0.055353705495,0.003952229926,0.258455347221
0.225943703900,-0.055889903788,0.004043166460,0.233003280595
0.223316451500,-0.056367172717,0.004168284269,0.184732010629
0.220689199100,-0.056662699035,0.004247975137,0.095859738276
0.218061946800,-0.056722150540,0.004308936490,0.044985823075
0.215434694400,-0.056726387156,0.004550465411,-0.003298484073
0.212807442000,-0.056560355696,0.004681742157,-0.030727349854
0.210180189700,-0.056456336770,0.004775564342,-0.005585350324
0.207552937300,-0.056365100120,0.004760491340,0.015170323365
0.204925684900,-0.056375180410,0.004747230132,0.089247430937
0.202298432500,-0.056661296630,0.004583694418,0.168046878113
0.199671180200,-0.057170019883,0.004408151313,0.217696586806
0.197043927800,-0.057753075801,0.004136675028,0.226280865525
0.194416675400,-0.058316371669,0.003891096245,0.245447577880
0.191789423100,-0.058995234251,0.003681893529,0.264407392067
0.189162170700,-0.059650133030,0.003423402795,0.234594561807
0.186534918300,-0.060162170754,0.003101770667,0.169584768605
0.183907666000,-0.060522991011,0.002730392552,0.100689285048
0.181280413600,-0.060678195703,0.002151906548,0.075838233043
0.178653161200,-0.060894090393,0.001598645094,0.049556300970
0.176025908800,-0.060904803299,0.001355704022,-0.054229935016
0.173398656500,-0.060557169242,0.001055747322,-0.116380377037
0.170771404100,-0.060204033472,0.000863729290,-0.133604205813
0.168144151700,-0.059818704437,0.000758080633,-0.110923373107
0.165516899400,-0.059580180653,0.000729065242,-0.040890917805
0.162889647000,-0.059523258829,0.000722390330,0.001001431475
0.160262394600,-0.059519124860,0.000737710556,0.023534488153
0.157635142200,-0.059594247981,0.000848322640,0.040677144830
0.155007889900,-0.059734545562,0.000896177466,0.035635144472
0.152380637500,-0.059843941465,0.001023467287,0.022719748178
0.149753385100,-0.059908410739,0.001185666489,-0.009540161365
0.147126132800,-0.059822643554,0.001185106337,-0.048790315929
0.144498880400,-0.059760812169,0.001312112403,-0.061596867475
0.141871628000,-0.059665469050,0.001436953276,-0.054182245147
0.139244375600,-0.059613217575,0.001524482636,-0.010291941129
0.136617123300,-0.059739187167,0.001704556834,0.017536103891
0.133989870900,-0.059822770060,0.001758320213,0.021987220319
0.131362618500,-0.059953399440,0.001760126620,0.001407347509
0.128735366200,-0.060012973451,0.001773668173,-0.084445237227
0.126108113800,-0.059765452351,0.001846810978,-0.201847775403
0.123480861400,-0.059224452773,0.001721045095,-0.264592437349
0.120853609000,-0.058652866578,0.001761699740,-0.191792270664
0.118226356700,-0.058486181382,0.001852464723,-0.040128585946
0.115599104300,-0.058637825349,0.001972615025,0.075738091654
0.112971851900,-0.059090755613,0.002017653212,0.218578840884
0.110344599600,-0.059934828682,0.002167726642,0.297905722673
0.107717347200,-0.060795386318,0.002387008777,0.277646423776
0.105090094800,-0.061479310106,0.002557797218,0.195971847148
0.102462842500,-0.061953325388,0.002624907099,0.041022384996
0.099835590100,-0.061886120105,0.002641131882,-0.073804540544
0.097208337700,-0.061714728147,0.002655518500,-0.114430902393
0.094581085300,-0.061429493918,0.002597514076,-0.082873839100
0.091953833000,-0.061311228801,0.002616802438,-0.005932924530
0.089326580600,-0.061327938476,0.002588970004,0.015767415348
0.086699328200,-0.061337869188,0.002695096001,0.048618673595
0.084072075900,-0.061517641786,0.002734736551,0.126221904721
0.081444823500,-0.061952262065,0.002635131974,0.118985435679
0.078817571100,-0.062143396183,0.002558052621,0.036404847839
0.076190318700,-0.062188800612,0.002628287620,0.051024349963
0.073563066400,-0.062410685213,0.002587887219,0.124080472341
0.070935814000,-0.062806709058,0.002679904915,0.164661692610
0.068308561600,-0.063230528152,0.002537769670,0.187883807535
0.065681309300,-0.063744922380,0.002551620823,0.128768854440
0.063054056900,-0.063834390480,0.002648007188,0.011251621102
0.060426804500,-0.063642721019,0.002747660731,-0.070134915670
0.057799552100,-0.063448765504,0.002860082103,-0.058627873209
0.055172299800,-0.063307018456,0.003025032961,-0.034699106611
0.052545047400,-0.063192775613,0.003075918620,-0.043893594608
0.049917795000,-0.062918997146,0.003161315671,-0.058103638332
0.047290542700,-0.062723270240,0.003321436724,0.007262341417
0.044663290300,-0.062897701008,0.003494951796,0.096077209416
0.042036037900,-0.063210383847,0.003568873381,0.127200772932
0.039408785500,-0.063586602602,0.003564236676,0.142422024543
0.036781533200,-0.063976989460,0.003426380089,0.161224164369
0.034154280800,-0.064426016662,0.003188449793,0.138787722172
0.031527028400,-0.064713884683,0.003083904918,0.096391424973
0.028899776100,-0.064895330183,0.003173993771,0.075038586289
0.026272523700,-0.065005363474,0.003300742396,-0.286239999045
0.023645271300,-0.063296166474,0.003120344210,0.062500784404
0.021018019000,-0.065148361472,0.003148756864,0.503825160516
0.018390766600,-0.065917447746,0.003122615448,0.310962394643
0.015763514200,-0.066718568542,0.003072219267,0.323218312717
0.013136261800,-0.067522522419,0.002926795169,0.290716098451
0.010509009500,-0.068122691689,0.002772214755,0.199163323660
0.007881757100,-0.068451772856,0.002347562332,0.102260066437
0.005254504700,-0.068542006204,0.002048998603,-0.003403274879
0.002627252400,-0.068240409180,0.001943242105,-1.061328405658
0.000000000000,-0.062849085096,0.001699036685,-2.029966105547
