0.391460603250,0.053884263303,0.000643650179,-1.058544253178
0.388833350880,0.056771688352,0.000640120936,-0.767186488605
0.386206098510,0.057863056693,0.000528188104,-0.149017760062
0.383578846140,0.057369100173,0.000759067594,-0.056287334699
0.380951593770,0.058060198954,0.001035327639,0.124004774371
0.378324341400,0.056682078823,0.001300735898,0.106990983724
0.375697089030,0.057531521654,0.001446955411,-0.202682826555
0.373069836660,0.057731203236,0.001454622077,-0.029432773668
0.370442584290,0.057658378134,0.001399892363,-0.163004721634
0.367815331920,0.058499191227,0.001371126785,-0.203623923121
0.365188079550,0.058641570112,0.001496668161,-0.213971256746
0.362560827170,0.059532957340,0.001585098519,-0.118656177014
0.359933574800,0.059154189293,0.001621756836,0.268445396582
0.357306322430,0.057983567810,0.001669944045,-0.195768167514
0.354679070060,0.060074955967,0.001731401395,-0.508357626082
0.352051817690,0.060488337940,0.001746507169,-0.145656466266
0.349424565320,0.060426579451,0.001862615591,0.032015979045
0.346797312950,0.060285927085,0.001951601424,0.063049600333
0.344170060580,0.060408276586,0.001950678216,-0.012507120894
0.341542808210,0.060328340312,0.001934169688,0.010061724012
0.338915555840,0.060371993625,0.001891059620,-0.003242415640
0.336288303460,0.060368123787,0.001940929191,-0.000380098363
0.333661051090,0.060374983510,0.001934452141,0.009827642441
0.331033798720,0.060338866661,0.001895476730,-0.004393425303
0.328406546350,0.060400761793,0.001849322416,0.022499450033
0.325779293980,0.060251690642,0.001693729787,0.030897493025
0.323152041610,0.060310090546,0.001608620962,-0.020466597992
0.320524789240,0.060477927426,0.001628047050,-0.021606372609
0.317897536870,0.060544572866,0.001581477974,-0.011037623717
0.315270284500,0.060610701502,0.001627497410,-0.013984318051
0.312643032100,0.060670793267,0.001751937536,-0.002071028219
0.310015779800,0.060723436403,0.001855864586,-0.011215687874
0.307388527400,0.060798746136,0.002020493949,-0.021330776905
0.304761275000,0.060879601870,0.002212171378,-0.017450019915
0.302134022600,0.060914561489,0.002329996502,-0.012749560797
0.299506770300,0.060965300282,0.002513013808,-0.000816141152
0.296879517900,0.060930270694,0.002625990984,-0.008756578482
0.294252265500,0.060959716867,0.002789692969,-0.008290448612
0.291625013200,0.060931054899,0.002908131881,-0.003363837804
0.288997760800,0.060952613241,0.003071738952,-0.006618192749
0.286370508400,0.060962427910,0.003217897702,0.008164386167
0.283743256000,0.060899230957,0.003264653243,0.027129131222
0.281116003700,0.060825815004,0.003147870756,0.020076868599
0.278488751300,0.060715836939,0.003202226147,0.033139538680
0.275861498900,0.060644031779,0.003090262708,0.008450916328
0.273234246600,0.060661373132,0.002958327872,-0.010676652586
0.270606994200,0.060673779743,0.002986864816,-0.001285936870
0.267979741800,0.060646264143,0.002715414697,0.022318295320
0.265352489400,0.060522041472,0.002393138350,0.064992121235
0.262725237100,0.060276466206,0.002156751352,0.094019673532
0.260097984700,0.060044358487,0.001997529871,0.057310720480
0.257470732300,0.059985187982,0.001823539257,0.010896422660
0.254843480000,0.060008779726,0.002032833252,-0.008044049323
0.252216227600,0.059953869801,0.002416724622,0.005869296356
0.249588975200,0.059959427638,0.002738601967,-0.004845328219
0.246961722900,0.059971301299,0.002948312789,-0.024761033200
0.244334470500,0.060048132217,0.003101380457,-0.069960227987
0.241707218100,0.060330085457,0.003221998839,-0.108114277329
0.239079965700,0.060626706086,0.003187160364,-0.073798273446
0.236452713400,0.060733770874,0.003149980766,-0.034956803283
0.233825461000,0.060835107296,0.003168213326,-0.039554948305
0.231198208600,0.060997121730,0.003160207917,-0.053160702182
0.228570956300,0.061143572444,0.003070434911,-0.028611046954
0.225943703900,0.061182468599,0.003048564479,0.005551819159
0.223316451500,0.061140009074,0.003042743524,-0.005410334200
0.220689199100,0.061271265016,0.003034657062,-0.068088337317
0.218061946800,0.061532147715,0.002999735463,-0.031187231137
0.215434694400,0.061482783843,0.002948881371,0.051623562657
0.212807442000,0.061325797140,0.002932944187,0.071008835392
0.210180189700,0.061121178850,0.002748552442,0.113022263607
0.207552937300,0.060782308316,0.002559958510,0.117300337112
0.204925684900,0.060557626467,0.002420409935,0.088245320828
0.202298432500,0.060342947921,0.002251511851,0.065988808024
0.199671180200,0.060158735908,0.002268909910,0.049758138895
0.197043927800,0.060019401086,0.002346056113,0.033079551326
0.194416675400,0.059997930801,0.002339723971,0.015100161956
0.191789423100,0.059947380217,0.002377388792,0.008781824862
0.189162170700,0.059919074990,0.002424892132,0.042666316378
0.186534918300,0.059757502852,0.002307817823,0.045197298906
0.183907666000,0.059663590019,0.002185408616,0.036584495333
0.181280413600,0.059552997418,0.002293448824,0.041671182392
0.178653161200,0.059432528374,0.002310349665,0.041220410371
0.176025908800,0.059304170187,0.002414907442,0.045064044070
0.173398656500,0.059200451771,0.002429405145,0.071896156042
0.170771404100,0.058973254013,0.002418941213,0.062560303085
0.168144151700,0.058846508023,0.002377351234,0.032677585857
0.165516899400,0.058758613536,0.002306891324,0.037884591334
0.162889647000,0.058624575922,0.002323663645,0.053148859815
0.160262394600,0.058450980959,0.002266783534,0.073512617031
0.157635142200,0.058229044003,0.002139331069,0.114496651313
0.155007889900,0.057837211424,0.001930440200,0.127287820578
0.152380637500,0.057536409437,0.001660452353,0.077207987870
0.149753385100,0.057389948403,0.001431707547,0.057287192453
0.147126132800,0.057271399169,0.001307116579,0.060204622914
0.144498880400,0.057091167633,0.001066275458,0.055348596019
0.141871628000,0.056920732801,0.000748645306,0.071736461621
0.139244375600,0.056768613194,0.000554053882,0.125950411903
0.136617123300,0.056395512335,0.000415409754,0.166592295256
0.133989870900,0.056106340730,0.000118062692,0.082141980924
0.131362618500,0.056065652714,-0.000156100219,0.000914885926
0.128735366200,0.056197661482,-0.000246204166,-0.066788736322
0.126108113800,0.056555429102,-0.000160753535,-0.071313086750
0.123480861400,0.056649181998,-0.000054594998,0.017199512428
0.120853609000,0.056518509347,0.000034140220,0.084434148383
0.118226356700,0.056364913577,-0.000037499766,0.044851083234
0.115599104300,0.056454384561,-0.000003914421,0.041995155104
0.112971851900,0.056415623478,0.000031242885,0.031163091866
0.110344599600,0.056506001082,0.000077823726,0.062414984212
0.107717347200,0.056358592955,0.000108987190,0.126745249709
0.105090094800,0.056098128499,0.000210456250,0.160823675751
0.102462842500,0.055824904660,0.000310989516,0.203907093787
0.099835590100,0.055383110044,0.000354836135,0.228891505659
0.097208337700,0.054935639981,0.000467390533,0.208304730828
0.094581085300,0.054705431581,0.000593931878,0.132042196860
0.091953833000,0.054591659373,0.000864376953,0.144430647133
0.089326580600,0.054347679611,0.001194651657,0.155694714858
0.086699328200,0.054320887999,0.001342960381,0.122384182547
0.084072075900,0.054184013437,0.001421477584,0.126056797906
0.081444823500,0.054072866072,0.001453114706,0.164133020483
0.078817571100,0.053577568022,0.001604163839,0.203389386679
0.076190318700,0.053278820828,0.001649921422,0.158603380680
0.073563066400,0.053053490402,0.001603727755,0.199392123201
0.070935814000,0.052634627196,0.001586691108,0.168598554544
0.068308561600,0.052583983572,0.001657195659,0.127855063698
0.065681309300,0.052414055734,0.001820726124,0.119095409396
0.063054056900,0.052419515463,0.001957660179,0.072603950768
0.060426804500,0.052451378044,0.002046251857,0.024607643053
0.057799552100,0.052688502001,0.002045851831,0.018983548160
0.055172299800,0.052747051698,0.001940372788,0.056631548948
0.052545047400,0.052736085631,0.001712087674,0.062925913936
0.049917795000,0.052716627416,0.001661339049,0.092844547718
0.047290542700,0.052524861563,0.001557242559,0.386245338731
0.044663290300,0.050881293899,0.001416941099,0.386754954892
0.042036037900,0.050799740026,0.001263904882,-0.198376414436
0.039408785500,0.052070466293,0.001031901061,-0.198306199813
0.036781533200,0.051937565161,0.000951172981,0.058356609358
0.034154280800,0.051853152178,0.000789498754,0.120116336551
0.031527028400,0.051397035589,0.000604687558,0.205056125347
0.028899776100,0.050881127021,0.000490389806,0.180131273109
0.026272523700,0.050554455981,0.000307968209,0.468262536756
0.023645271300,0.048509564304,0.000022080947,0.793441539702
0.021018019000,0.046437185577,-0.000063592019,-0.155007172473
0.018390766600,0.049355223598,0.000504325333,-0.557121903374
0.015763514200,0.049385972916,0.000581590159,0.013737545489
0.013136261800,0.049273855217,0.000623362270,-0.014253989579
0.010509009500,0.049358233668,0.000426807219,-0.120669012894
0.007881757100,0.049830644588,0.000272507355,-0.207010976157
0.005254504700,0.050331762868,0.000314786836,-0.129014618621
0.002627252400,0.050450318339,0.000165117773,1.154533498811
0.000000000000,0.044217538942,-0.000095552148,2.354621466411
