0.391460603250,-0.020231612631,-0.000530623088,0.066088248053
0.388833350880,-0.020452250033,-0.000312380877,-0.031729689268
0.386206098510,-0.020236933085,-0.000288999303,0.135646575452
0.383578846140,-0.021227297650,-0.000082432109,0.432195410460
0.380951593770,-0.022466929046,-0.000094839540,0.466765741961
0.378324341400,-0.023615541242,-0.000120554965,0.281925966109
0.375697089030,-0.023858112784,-0.000097505903,0.143394627815
0.373069836660,-0.024327121414,-0.000182970785,0.115320047184
0.370442584290,-0.024505653704,-0.000301246682,0.213228321913
0.367815331920,-0.025396928007,-0.000247148460,0.069745791126
0.365188079550,-0.024943505292,-0.000423172984,-0.068725589732
0.362560827170,-0.025150012379,-0.000535006611,0.008144990697
0.359933574800,-0.025107137971,-0.000510068499,0.059025831743
0.357306322430,-0.025505952548,-0.000464160962,0.141324272840
0.354679070060,-0.025834446167,-0.000376371696,0.073796219540
0.352051817690,-0.025761405106,-0.000045900426,-0.041071646446
0.349424565320,-0.025530334746,0.000245946289,-0.153803478422
0.346797312950,-0.025019956206,0.000140837580,-0.208477457800
0.344170060580,-0.024483931458,0.000312677828,-0.249623323971
0.341542808210,-0.023694188752,0.000525253988,-0.252126138023
0.338915555840,-0.023051917874,0.000594809685,-0.247626067696
0.336288303460,-0.022399500113,0.000783871551,-0.223859986892
0.333661051090,-0.021958820987,0.001058457857,-0.129461810544
0.331033798720,-0.021846912103,0.001169040508,-0.066552079840
0.328406546350,-0.021649219821,0.001207376752,-0.077634946808
0.325779293980,-0.021468324210,0.001321184564,-0.072926029330
0.323152041610,-0.021362593803,0.001503162192,-0.054948272233
0.320524789240,-0.021257367214,0.001633236217,-0.029223703442
0.317897536870,-0.021254323248,0.001670852698,0.011565494299
0.315270284500,-0.021321929789,0.001750493321,0.032683930558
0.312643032100,-0.021394195492,0.001840737607,0.031586595973
0.310015779800,-0.021500017933,0.001870863824,0.038321682203
0.307388527400,-0.021672589937,0.001912299219,0.054630012115
0.304761275000,-0.021911465942,0.002015106245,0.064176969166
0.302134022600,-0.022123258862,0.002174729507,0.056415690670
0.299506770300,-0.022234649517,0.002186981165,0.028632672472
0.296879517900,-0.022302744047,0.002184435143,0.010814247339
0.294252265500,-0.022330484721,0.002180499564,-0.013193736526
0.291625013200,-0.022273347095,0.002229400092,-0.036407785033
0.288997760800,-0.022155576060,0.002416021752,-0.061797342385
0.286370508400,-0.021934386146,0.002358583151,-0.044888968354
0.283743256000,-0.021836183118,0.002438199458,-0.011307704179
0.281116003700,-0.021811231051,0.002445015647,-0.016758354951
0.278488751300,-0.021683778627,0.002347424590,-0.025243812531
0.275861498900,-0.021580355077,0.002270763767,0.005271205502
0.273234246600,-0.021544558636,0.002177205423,0.019714923238
0.270606994200,-0.021477270349,0.002033802011,0.018068794068
0.267979741800,-0.021442588770,0.001983025922,0.031586504547
0.265352489400,-0.021464102306,0.001786103301,0.035553326242
0.262725237100,-0.021440084482,0.001596326050,0.023545450888
0.260097984700,-0.021347925788,0.001304577806,0.027161173085
0.257470732300,-0.021322195570,0.001136980220,0.026781157503
0.254843480000,-0.021254648864,0.000971692430,0.054036211440
0.252216227600,-0.021312897346,0.000870265237,0.114021227966
0.249588975200,-0.021497780373,0.000938895640,0.168564057289
0.246961722900,-0.021833830859,0.001138611104,0.213360007463
0.244334470500,-0.022228794696,0.001436388975,0.208091708355
0.241707218100,-0.022577972971,0.001758635433,0.199572408433
0.239079965700,-0.022968429511,0.002130336059,0.197557918165
0.236452713400,-0.023288093104,0.002475847208,0.160025932910
0.233825461000,-0.023504998438,0.002802463820,0.125692168820
0.231198208600,-0.023653750988,0.002981118017,0.112149208445
0.228570956300,-0.023846168624,0.003221214190,0.127741908714
0.225943703900,-0.024127907966,0.003428613362,0.178324460471
0.223316451500,-0.024619896615,0.003636312180,0.215315243392
0.220689199100,-0.025124006173,0.003795078446,0.202156231715
0.218061946800,-0.025574425621,0.003903816284,0.179215550976
0.215434694400,-0.025925279670,0.004076216921,0.124521208417
0.212807442000,-0.026125884614,0.004059584356,0.101517082071
0.210180189700,-0.026431382230,0.004012724404,0.144092996021
0.207552937300,-0.026851008588,0.003791575947,0.129874076620
0.204925684900,-0.027078294701,0.003411984547,0.069294091816
0.202298432500,-0.027238128988,0.002951180185,0.071122371556
0.199671180200,-0.027514412085,0.002625925151,0.096029500006
0.197043927800,-0.027788072785,0.002415142891,0.098628785515
0.194416675400,-0.028151349329,0.002291421512,0.087392979532
0.191789423100,-0.028382285610,0.002166027313,0.027097828629
0.189162170700,-0.028459313750,0.002065795890,-0.034784165492
0.186534918300,-0.028431717374,0.002087784227,-0.091243152332
0.183907666000,-0.028261295705,0.002152197883,-0.130846790293
0.181280413600,-0.028039050497,0.002311058848,-0.122509556206
0.178653161200,-0.027925757999,0.002320702585,-0.118884532367
0.176025908800,-0.027800186572,0.002305662422,-0.123066171161
0.173398656500,-0.027698353245,0.002333899402,-0.111850032407
0.170771404100,-0.027599079993,0.002447560336,-0.084531547453
0.168144151700,-0.027532872201,0.002483304182,-0.075951135373
0.165516899400,-0.027465868773,0.002428813661,-0.107344753077
0.162889647000,-0.027228836709,0.002417866711,-0.145455389911
0.160262394600,-0.026941903626,0.002288193074,-0.135143069435
0.157635142200,-0.026752468500,0.002251455684,-0.109963856510
0.155007889900,-0.026581960035,0.002219628599,-0.130547332109
0.152380637500,-0.026289479589,0.002251912194,-0.139679049184
0.149753385100,-0.026087509457,0.002276328232,-0.155516812685
0.147126132800,-0.025669586974,0.002345547037,-0.232150155809
0.144498880400,-0.025027109162,0.002586883679,-0.279116734703
0.141871628000,-0.024411910532,0.002636167378,-0.213399048809
0.139244375600,-0.024094184163,0.002553122647,-0.122979626862
0.136617123300,-0.023928094116,0.002606278106,-0.066001511678
0.133989870900,-0.023904171726,0.002680527132,-0.016222790398
0.131362618500,-0.023922920840,0.002639410322,0.015988061116
0.128735366200,-0.024082293296,0.002501194403,0.051535941148
0.126108113800,-0.024287937338,0.002408632007,0.045915517778
0.123480861400,-0.024419177103,0.002382284791,0.059063238672
0.120853609000,-0.024683838371,0.002185180311,0.088024753227
0.118226356700,-0.024955782269,0.002001327191,0.116160225316
0.115599104300,-0.025250488042,0.001913005781,0.129481525103
0.112971851900,-0.025602327765,0.001812141665,0.083864643245
0.110344599600,-0.025677964133,0.001668404834,0.055094009197
0.107717347200,-0.025841164800,0.001521376456,0.091313275092
0.105090094800,-0.026117936599,0.001547252084,0.113189773736
0.102462842500,-0.026370911902,0.001449008093,0.114160638383
0.099835590100,-0.026602242039,0.001149512488,0.129028821137
0.097208337700,-0.026889211826,0.000923623100,0.132555517147
0.094581085300,-0.027153300062,0.000663187388,0.198388458470
0.091953833000,-0.027702986618,0.000342239879,0.224169747338
0.089326580600,-0.028210856461,0.000191626290,0.212506918676
0.086699328200,-0.028562196809,0.000137773389,0.139115690073
0.084072075900,-0.028617710178,0.000037394640,0.021235529229
0.081444823500,-0.028425524552,-0.000068312646,-0.026534810597
0.078817571100,-0.028278740438,-0.000125952080,-0.000775295117
0.076190318700,-0.028235870110,-0.000031957799,0.071048592890
0.073563066400,-0.028425949390,0.000047840175,0.119282317561
0.070935814000,-0.028625780678,0.000165746608,0.071526465532
0.068308561600,-0.028595506182,0.000450314609,0.036674143980
0.065681309300,-0.028655123666,0.000521751290,0.031188140291
0.063054056900,-0.028648724436,0.000618436847,-0.034063572358
0.060426804500,-0.028441071037,0.000601266916,-0.038121715210
0.057799552100,-0.028433601544,0.000700265977,0.008093853727
0.055172299800,-0.028537513913,0.000726664734,0.035936828146
0.052545047400,-0.028716196486,0.000873413620,0.043836000053
0.049917795000,-0.028824806915,0.001011418744,0.052381045584
0.047290542700,-0.028951365892,0.001193329003,0.065628723375
0.044663290300,-0.029147156481,0.001383764406,0.111993961005
0.042036037900,-0.029539719360,0.001464173830,0.188689809898
0.039408785500,-0.030060873033,0.001436492331,0.199787364986
0.036781533200,-0.030468094915,0.001400591363,0.188504771326
0.034154280800,-0.030859640099,0.001362492990,0.202782216590
0.031527028400,-0.031334159835,0.001181976006,0.213514258152
0.028899776100,-0.031820999110,0.001146702385,0.267779278085
0.026272523700,-0.032533036443,0.000942100992,0.160897583750
0.023645271300,-0.032418241191,0.000966398567,0.195214532468
0.021018019000,-0.033517205575,0.001196581073,0.298612021094
0.018390766600,-0.033840211587,0.001195366657,0.181409146967
0.015763514200,-0.034341772922,0.001176314593,0.198269661465
0.013136261800,-0.034753429965,0.001013757794,0.078567622249
0.010509009500,-0.034764174909,0.000844318213,-0.016336875221
0.007881757100,-0.034671656663,0.000698477309,-0.046961945633
0.005254504700,-0.034580196301,0.000790217320,-0.180250447431
0.002627252400,-0.033727489556,0.000830126827,-0.920065165885
0.000000000000,-0.029655194202,0.000413053968,-1.538123866467
