0.391460603250,0.035286677148,0.000569055458,-0.300771508462
0.388833350880,0.035894925140,0.001116722806,-0.583721204920
0.386206098510,0.038219432510,0.001235777503,-0.455972097660
0.383578846140,0.038200056479,0.001424105643,0.197617853976
0.380951593770,0.037132133308,0.001493419974,0.136510855194
0.378324341400,0.037425939601,0.001455738844,0.108324652044
0.375697089030,0.036552407232,0.001438736895,-0.106120960846
0.373069836660,0.037999604813,0.001492934186,-0.133643007901
0.370442584290,0.037283473913,0.001563745628,0.154147484326
0.367815331920,0.037242971760,0.001559623726,0.047435745574
0.365188079550,0.037121769433,0.001572446185,-0.070643054477
0.362560827170,0.037663896640,0.001722111340,-0.142701632013
0.359933574800,0.037903242790,0.001825432951,-0.069911120697
0.357306322430,0.038029755015,0.001894582079,-0.079796488445
0.354679070060,0.038358720585,0.001953959522,-0.081687418325
0.352051817690,0.038557027629,0.001931656609,-0.039709269747
0.349424565320,0.038698777456,0.001734606574,-0.065809390089
0.346797312950,0.039009564279,0.001652718545,-0.111194267191
0.344170060580,0.039449915175,0.001685284100,-0.169840819998
0.341542808210,0.040029749127,0.001531047573,-0.202797663669
0.338915555840,0.040592449122,0.001479286089,-0.181350708463
0.336288303460,0.041042759101,0.001451276025,-0.117281794393
0.333661051090,0.041249674948,0.001305456278,-0.059455152048
0.331033798720,0.041368110066,0.001196642858,-0.058868446361
0.328406546350,0.041550657745,0.001039096838,-0.041168855782
0.325779293980,0.041570815968,0.000986522236,-0.008798339501
0.323152041610,0.041562077493,0.001008162768,-0.026699256628
0.320524789240,0.041655848347,0.001128087385,-0.029322647191
0.317897536870,0.041644881003,0.001159655732,-0.019035000298
0.315270284500,0.041677352276,0.001154817449,-0.039970032276
0.312643032100,0.041803192712,0.001201836414,-0.068061184380
0.310015779800,0.041942282400,0.001246551756,-0.063481626062
0.307388527400,0.042083826646,0.001225302566,-0.077807442682
0.304761275000,0.042293440980,0.001184678240,-0.063045673491
0.302134022600,0.042374053736,0.001173835144,-0.014263509979
0.299506770300,0.042355286591,0.001095148213,-0.006061308883
0.296879517900,0.042381775857,0.001049141463,-0.022418500507
0.294252265500,0.042417883579,0.001003262047,-0.039501055082
0.291625013200,0.042511365714,0.000935811780,-0.043650345738
0.288997760800,0.042606486211,0.001059801400,-0.035760976763
0.286370508400,0.042667093016,0.001238174933,-0.022485848249
0.283743256000,0.042700158984,0.001431525282,-0.002824482762
0.281116003700,0.042638312361,0.001541518767,0.032119003559
0.278488751300,0.042466297624,0.001696320516,0.026267328219
0.275861498900,0.042490319515,0.001843607377,-0.031673400416
0.273234246600,0.042565489116,0.001949531609,-0.041577691464
0.270606994200,0.042577670654,0.002220869099,-0.037464983353
0.267979741800,0.042648000281,0.002353857634,-0.027942675916
0.265352489400,0.042645119679,0.002457153614,-0.006126836871
0.262725237100,0.042602621004,0.002644979327,-0.026436536579
0.260097984700,0.042688886612,0.002798842002,-0.063635532237
0.257470732300,0.042865253996,0.003075096626,-0.073979641057
0.254843480000,0.043023381426,0.003328814836,-0.059947229970
0.252216227600,0.043142084736,0.003498930595,-0.020875252061
0.249588975200,0.043115589151,0.003565976922,0.022341335587
0.246961722900,0.042990736665,0.003678536354,0.032629285154
0.244334470500,0.042882309776,0.003943286702,0.061180563483
0.241707218100,0.042706574829,0.004080691707,0.095353442735
0.239079965700,0.042430999550,0.004261813547,0.118895696753
0.236452713400,0.042103874826,0.004412929212,0.140103644826
0.233825461000,0.041716367182,0.004517620795,0.147089852583
0.231198208600,0.041310761877,0.004626100817,0.123516184855
0.228570956300,0.041036996159,0.004648769891,0.069299611922
0.225943703900,0.040875220610,0.004650964599,0.021903139717
0.223316451500,0.040825915498,0.004555525860,-0.026253300139
0.220689199100,0.040877185111,0.004548385049,-0.036640850544
0.218061946800,0.040912575724,0.004435275975,-0.003248609572
0.215434694400,0.040818740812,0.004229341012,0.024977056654
0.212807442000,0.040757561420,0.004156024816,0.030650347371
0.210180189700,0.040710645004,0.004011685609,0.035199433701
0.207552937300,0.040627607215,0.003887306184,0.064615576430
0.204925684900,0.040479135738,0.003745362117,0.086710805756
0.202298432500,0.040274363983,0.003498396345,0.106871140127
0.199671180200,0.040043753590,0.003285649707,0.148753057715
0.197043927800,0.039663753856,0.003153831250,0.171243190879
0.194416675400,0.039381371709,0.002984979168,0.141434096610
0.191789423100,0.039143123303,0.002808820034,0.116731777155
0.189162170700,0.038944879880,0.002592964102,0.107891899323
0.186534918300,0.038790790907,0.002456098590,0.134839052513
0.183907666000,0.038490113278,0.002272516263,0.174332303360
0.181280413600,0.038140018682,0.002098186103,0.153272395976
0.178653161200,0.037880789295,0.001744554502,0.126067200572
0.176025908800,0.037676988323,0.001488965109,0.108314811017
0.173398656500,0.037551584491,0.001397253016,0.109655201250
0.170771404100,0.037435129724,0.001102946110,0.087294935834
0.168144151700,0.037445085563,0.000923831390,0.051655573576
0.165516899400,0.037495925034,0.000758249104,0.027943882033
0.162889647000,0.037608457917,0.000550782647,0.036597224709
0.160262394600,0.037559193422,0.000368620398,0.101209226388
0.157635142200,0.037393836834,0.000240698012,0.159420538650
0.155007889900,0.037026528777,-0.000066755987,0.222723935904
0.152380637500,0.036488915521,-0.000259856888,0.270078536202
0.149753385100,0.035825447559,-0.000478978877,0.276662689689
0.147126132800,0.035206008191,-0.000603177588,0.229625496910
0.144498880400,0.034883036460,-0.000795937843,0.123527936735
0.141871628000,0.034707795387,-0.000926907992,0.078371512728
0.139244375600,0.034557768103,-0.001022925540,0.086746433701
0.136617123300,0.034326181664,-0.000962778257,0.107188452915
0.133989870900,0.034056618374,-0.001069796168,0.160807024108
0.131362618500,0.033533930014,-0.001224455324,0.197081201878
0.128735366200,0.033068323247,-0.001096521281,0.159641067090
0.126108113800,0.032688130388,-0.001032763757,0.150495247772
0.123480861400,0.032254078332,-0.000914007104,0.148606539547
0.120853609000,0.031915883869,-0.000607000256,0.109749669910
0.118226356700,0.031677582324,-0.000149516748,0.094153638497
0.115599104300,0.031393747817,0.000120447157,0.097081781230
0.112971851900,0.031104873369,0.000433565517,0.090925673616
0.110344599600,0.030847316189,0.000704447032,0.066108323227
0.107717347200,0.030700920696,0.001112078692,-0.035392342916
0.105090094800,0.030974601999,0.001559579105,-0.159445384687
0.102462842500,0.031485040376,0.001767102052,-0.253065596888
0.099835590100,0.032211293073,0.001937098112,-0.327406227293
0.097208337700,0.033093623574,0.001899634910,-0.309400455015
0.094581085300,0.033748805755,0.001708765225,-0.219721122805
0.091953833000,0.034201349880,0.001745101714,-0.148265611183
0.089326580600,0.034510166319,0.001764644007,-0.066502428189
0.086699328200,0.034598714632,0.001845036476,0.012633556020
0.084072075900,0.034484280299,0.001884693086,0.093534060421
0.081444823500,0.034201530301,0.002015123537,0.145140095943
0.078817571100,0.033868952676,0.002065023250,0.164292563656
0.076190318700,0.033453862250,0.002011589532,0.157061867090
0.073563066400,0.033142059206,0.002043031564,0.064267813307
0.070935814000,0.033261956771,0.002115111124,-0.059935651626
0.068308561600,0.033528410823,0.002051808850,-0.040950670656
0.065681309300,0.033544143241,0.002170414084,0.045555243235
0.063054056900,0.033297409928,0.002405360916,0.081368948526
0.060426804500,0.033149732806,0.002680275766,0.043808291148
0.057799552100,0.033132740096,0.002932755693,0.066629294278
0.055172299800,0.032921797736,0.003210500166,0.110698428073
0.052545047400,0.032671305597,0.003416052081,0.122161534459
0.049917795000,0.032443643249,0.003307423154,0.111734488625
0.047290542700,0.032263365837,0.003324975102,0.126278937065
0.044663290300,0.031951648098,0.003168475002,0.125769468451
0.042036037900,0.031762036266,0.002954909663,0.095682451531
0.039408785500,0.031563187908,0.002895475058,0.071130624843
0.036781533200,0.031412493317,0.002772309378,0.048995605221
0.034154280800,0.031389463982,0.002471603488,0.042914601874
0.031527028400,0.031245968687,0.002209607290,0.078050190653
0.028899776100,0.030944646950,0.002193717813,0.117705489047
0.026272523700,0.030561292644,0.002134205355,0.242471227057
0.023645271300,0.029563230194,0.001924964124,0.294588247459
0.021018019000,0.029047522654,0.001934229968,-0.071305486583
0.018390766600,0.029927804992,0.001897663500,-0.145445406680
0.015763514200,0.029859875919,0.001701799378,-0.002369853271
0.013136261800,0.029877232650,0.001591127930,-0.033645781062
0.010509009500,0.030004043419,0.001472089621,-0.087114978419
0.007881757100,0.030347479081,0.001236589413,-0.124131249238
0.005254504700,0.030648765735,0.000964215446,-0.144449463191
0.002627252400,0.031118904674,0.000514162950,0.298662999141
0.000000000000,0.029169949040,0.000476112296,0.739249814053
