0.391460603250,0.027708829571,0.000229619790,0.069524255744
0.388833350880,0.027527560815,0.000498841759,-0.202316890666
0.386206098510,0.028676043749,0.000538803802,-0.570418136636
0.383578846140,0.030497057668,0.000648502716,-0.408744492987
0.380951593770,0.030856097662,0.000729339788,0.104082994187
0.378324341400,0.030014068133,0.000793104866,0.078672064658
0.375697089030,0.030416160557,0.000931446064,-0.040940373726
0.373069836660,0.030183253247,0.000949651849,-0.243229229434
0.370442584290,0.031524383046,0.000993192162,-0.413281461022
0.367815331920,0.032353276071,0.001122852375,-0.159306591749
0.365188079550,0.032415782912,0.001145891359,-0.013978106380
0.362560827170,0.032485110477,0.001243351250,-0.027015543728
0.359933574800,0.032592816015,0.001311054241,-0.047664296513
0.357306322430,0.032745486833,0.001285348185,-0.037654957904
0.354679070060,0.032764563881,0.001334579503,0.005580783237
0.352051817690,0.032686817831,0.001463977013,-0.012851169272
0.349424565320,0.032822559682,0.001488011876,-0.044756770996
0.346797312950,0.032893500308,0.001616098724,-0.000311950738
0.344170060580,0.032889694589,0.001656851988,-0.007103394387
0.341542808210,0.033057906278,0.001644927789,-0.030890068246
0.338915555840,0.033159862221,0.001670174506,-0.039768574779
0.336288303460,0.033300491852,0.001714942790,-0.042430708309
0.333661051090,0.033386134484,0.001645054941,-0.014581647107
0.331033798720,0.033368655762,0.001607153597,0.002130348528
0.328406546350,0.033359185336,0.001652522254,-0.009742508197
0.325779293980,0.033371281339,0.001637458709,-0.009145937699
0.323152041610,0.033413066151,0.001577813430,-0.013507219162
0.320524789240,0.033496192393,0.001599751385,-0.025277220102
0.317897536870,0.033550872912,0.001615415615,-0.026039080404
0.315270284500,0.033570619956,0.001589142516,-0.025984870425
0.312643032100,0.033617256871,0.001646354194,-0.028339922266
0.310015779800,0.033633647137,0.001661901868,-0.006402121103
0.307388527400,0.033572997137,0.001726742633,0.005080937958
0.304761275000,0.033508556887,0.001811107718,-0.014973984719
0.302134022600,0.033511489275,0.001850342525,-0.011289582711
0.299506770300,0.033401175340,0.001913752828,-0.013736093504
0.296879517900,0.033429895803,0.002074684564,-0.044097541252
0.294252265500,0.033472125876,0.002116584613,-0.030304584708
0.291625013200,0.033460799526,0.002153216447,-0.021189562156
0.288997760800,0.033447236948,0.002173240082,-0.002113740249
0.286370508400,0.033353045289,0.002130681002,0.028167857044
0.283743256000,0.033212017496,0.002193288015,0.008056469504
0.281116003700,0.033204714484,0.002273697264,-0.019109148752
0.278488751300,0.033198657477,0.002245051519,-0.024808519723
0.275861498900,0.033206021533,0.002142601265,-0.019827016409
0.273234246600,0.033207992411,0.002127376059,0.009691135464
0.270606994200,0.033080822624,0.002027193555,0.036417682036
0.267979741800,0.032957305356,0.001735420798,0.054687624632
0.265352489400,0.032774060136,0.001456122026,0.064795638990
0.262725237100,0.032569894089,0.001293066672,0.052329788190
0.260097984700,0.032412481325,0.001273594425,0.020281278771
0.257470732300,0.032374008143,0.001389251198,-0.007852435386
0.254843480000,0.032370878507,0.001747261459,-0.042372251250
0.252216227600,0.032468014974,0.002146060348,-0.057837592203
0.249588975200,0.032528796162,0.002369617251,-0.055908170777
0.246961722900,0.032604360169,0.002521451174,-0.052670575684
0.244334470500,0.032676152220,0.002684336112,-0.072384763854
0.241707218100,0.032848154171,0.002732952868,-0.098240121139
0.239079965700,0.033043610491,0.002793195327,-0.067094066224
0.236452713400,0.033054304116,0.002936088729,-0.050044452941
0.233825461000,0.033151419224,0.003014619762,-0.071547590361
0.231198208600,0.033287097002,0.003078347268,-0.068603761218
0.228570956300,0.033379964273,0.003148373671,-0.082006755230
0.225943703900,0.033549091879,0.003182629495,-0.092417629264
0.223316451500,0.033715045210,0.003296208290,-0.075952783216
0.220689199100,0.033885803048,0.003473047438,-0.080335287212
0.218061946800,0.034068167240,0.003505857208,-0.055180021375
0.215434694400,0.034120344718,0.003521915058,-0.017087383704
0.212807442000,0.034138811204,0.003464468106,0.009943405068
0.210180189700,0.034152299414,0.003383993671,0.040554825997
0.207552937300,0.034063894427,0.003505121815,0.078728178451
0.204925684900,0.033904796916,0.003443476918,0.093509748614
0.202298432500,0.033750642361,0.003387358204,0.086618848375
0.199671180200,0.033641257595,0.003406159899,0.088888236321
0.197043927800,0.033507686825,0.003458425151,0.095457145586
0.194416675400,0.033403019554,0.003455266045,0.074601173174
0.191789423100,0.033343767348,0.003378098147,0.084336697362
0.189162170700,0.033223704887,0.003581980126,0.129456941585
0.186534918300,0.033034445764,0.003766637772,0.129640981026
0.183907666000,0.032910971918,0.003838119538,0.113334916809
0.181280413600,0.032794333685,0.003917747574,0.128610867079
0.178653161200,0.032573210653,0.003965384319,0.152598203568
0.176025908800,0.032310431760,0.003990969847,0.151112623391
0.173398656500,0.032075538486,0.004117150353,0.119573822342
0.170771404100,0.031917488048,0.004174670238,0.085577664278
0.168144151700,0.031813924973,0.004144512871,0.060553746419
0.165516899400,0.031784934194,0.004053422724,0.050224891774
0.162889647000,0.031761506969,0.004064714792,0.064410594518
0.160262394600,0.031640923141,0.003969050571,0.103409803642
0.157635142200,0.031377919794,0.003768541748,0.147554429332
0.155007889900,0.031037410730,0.003551536033,0.153791772843
0.152380637500,0.030798512969,0.003415353663,0.111367649983
0.149753385100,0.030655857911,0.003331198962,0.090354533021
0.147126132800,0.030510731484,0.003175951087,0.077346946694
0.144498880400,0.030462244121,0.003004398224,0.055821530319
0.141871628000,0.030415290062,0.002925307347,0.073750950643
0.139244375600,0.030261166247,0.002743228869,0.112136301649
0.136617123300,0.030032090032,0.002464752333,0.131285028625
0.133989870900,0.029799300499,0.002275272830,0.115061112415
0.131362618500,0.029656924486,0.002075140135,0.039507678808
0.128735366200,0.029817061520,0.001893030047,-0.012730015023
0.126108113800,0.029943016342,0.001800095523,0.044852529361
0.123480861400,0.029795677376,0.001915176438,0.115893546735
0.120853609000,0.029497375080,0.002108313803,0.137975900000
0.118226356700,0.029227625951,0.002150989259,0.094124878180
0.115599104300,0.029084267907,0.002337020382,0.029948411107
0.112971851900,0.029088480206,0.002490140503,0.031664622639
0.110344599600,0.028968591066,0.002659369996,0.106251088965
0.107717347200,0.028597647520,0.002638187113,0.150331399787
0.105090094800,0.028336576438,0.002576657234,0.146044274379
0.102462842500,0.028017900294,0.002580927617,0.146289048352
0.099835590100,0.027721572310,0.002689764848,0.153598576810
0.097208337700,0.027347309783,0.002804088198,0.191454819187
0.094581085300,0.026896930851,0.002621777267,0.217676093274
0.091953833000,0.026435053768,0.002556769182,0.194726862765
0.089326580600,0.026045391280,0.002606350769,0.213572235978
0.086699328200,0.025445270422,0.002555671669,0.213046802307
0.084072075900,0.025007022867,0.002564182243,0.137999058773
0.081444823500,0.024764223534,0.002645962839,0.069944545043
0.078817571100,0.024672864463,0.002649474720,0.014915553829
0.076190318700,0.024705580824,0.002746885765,-0.032839209646
0.073563066400,0.024893171066,0.002991083026,-0.017807217213
0.070935814000,0.024886120199,0.003285585197,-0.002527999691
0.068308561600,0.024970026963,0.003273731015,-0.024518753840
0.065681309300,0.025053925308,0.003204691923,-0.053740943309
0.063054056900,0.025322762022,0.003227342408,-0.112874046423
0.060426804500,0.025716642132,0.003276178224,-0.124113928765
0.057799552100,0.026011270551,0.003412295706,-0.090073532830
0.055172299800,0.026199235902,0.003335419903,-0.060864023155
0.052545047400,0.026310991056,0.003116186875,-0.003476300794
0.049917795000,0.026176320447,0.002860615879,0.102813713501
0.047290542700,0.025719149776,0.002601006979,0.154668767209
0.044663290300,0.025359577555,0.002370644408,0.110173265390
0.042036037900,0.025168903064,0.002086576249,0.113233189517
0.039408785500,0.024819848378,0.002094794726,0.108340589560
0.036781533200,0.024665193886,0.001831748995,0.071700718357
0.034154280800,0.024471932391,0.001682753386,0.115127154123
0.031527028400,0.024051937326,0.001609915403,0.141864740191
0.028899776100,0.023791477972,0.001531099976,0.167466649774
0.026272523700,0.023286959035,0.001475178758,0.343479985807
0.023645271300,0.022112365514,0.001416718102,0.120867614067
0.021018019000,0.022638199466,0.001505270829,-0.032942359590
0.018390766600,0.022403791237,0.001380907844,0.107992009343
0.015763514200,0.022248259962,0.001330487884,0.076558259429
0.013136261800,0.022195030009,0.001187441764,0.098917359884
0.010509009500,0.021945627769,0.000971816477,0.092154479479
0.007881757100,0.021898888145,0.000842223571,0.015179216776
0.005254504700,0.022022675596,0.000568411216,-0.078207112084
0.002627252400,0.022413435934,0.000429155455,0.238999710373
0.000000000000,0.020894703127,0.000338555958,0.607062624058
