0.391460603250,-0.030554859503,0.000031222295,0.784549801811
0.388833350880,-0.032594549884,0.000253498332,0.674069078951
0.386206098510,-0.033947067839,0.000313692374,0.113345171953
0.383578846140,-0.033206817018,0.000682268253,-0.209324933023
0.380951593770,-0.032497942965,0.000708378483,-0.128327002264
0.378324341400,-0.032352253597,0.000633465349,0.203465785519
0.375697089030,-0.033490568394,0.000551536041,0.227769598115
0.373069836660,-0.033521495866,0.000383364866,-0.075504378950
0.370442584290,-0.033084627679,0.000317315240,-0.185611612450
0.367815331920,-0.032545958127,0.000358079494,-0.012120843942
0.365188079550,-0.033004471529,0.000285394394,0.030461282705
0.362560827170,-0.032696596302,0.000246792463,0.096493612107
0.359933574800,-0.033495172192,0.000238025191,0.193936049047
0.357306322430,-0.033687985816,0.000280809376,0.022566130068
0.354679070060,-0.033595719838,0.000346699514,-0.051358847215
0.352051817690,-0.033404074134,0.000529578279,-0.042484994652
0.349424565320,-0.033304689806,0.000677827340,-0.029344217357
0.346797312950,-0.033102385877,0.000783469200,-0.295514735314
0.344170060580,-0.031596585847,0.000941442578,-0.218597444361
0.341542808210,-0.031548883817,0.001118626629,0.303443644721
0.338915555840,-0.032822862611,0.001123490566,0.257952329581
0.336288303460,-0.032828485407,0.001090408953,0.039029060267
0.333661051090,-0.032923879477,0.000992130488,0.033916007521
0.331033798720,-0.032889083196,0.000934531077,-0.000535849059
0.328406546350,-0.032754007227,0.000901959151,0.166863095575
0.325779293980,-0.033489931007,0.001137349600,-0.068192265115
0.323152041610,-0.032535042081,0.001190370145,-0.158180374587
0.320524789240,-0.032483166480,0.001199356179,0.004011013916
0.317897536870,-0.032442770772,0.001221045846,0.007527841395
0.315270284500,-0.032351690085,0.001409241817,0.008094946861
0.312643032100,-0.032272409256,0.001682840345,-0.015898722405
0.310015779800,-0.032252134960,0.001988509038,-0.029845021487
0.307388527400,-0.032191900108,0.002277953296,-0.073655124744
0.304761275000,-0.032030565297,0.002477559338,-0.079727089510
0.302134022600,-0.031987364058,0.002707136184,-0.063094188347
0.299506770300,-0.031826381744,0.003081375944,-0.088486456662
0.296879517900,-0.031655703759,0.003378680705,-0.047129046962
0.294252265500,-0.031720374311,0.003603433377,0.014096147986
0.291625013200,-0.031829940475,0.003685506045,0.035257217435
0.288997760800,-0.031899386172,0.003774642080,0.054626477183
0.286370508400,-0.032012580620,0.003921066118,0.018943349324
0.283743256000,-0.031971636574,0.003877821297,-0.014143736649
0.281116003700,-0.031849073968,0.003761678001,0.012589172062
0.278488751300,-0.031928558060,0.003670521491,0.051994052497
0.275861498900,-0.031993129910,0.003616905461,-0.031948472514
0.273234246600,-0.031615222546,0.003562444617,0.054146725808
0.270606994200,-0.032070273124,0.003504524975,0.115880976903
0.267979741800,-0.032142631573,0.003339232633,0.053061460601
0.265352489400,-0.032219675602,0.003156764536,0.073655333240
0.262725237100,-0.032404583440,0.003045988896,0.067287474711
0.260097984700,-0.032493029976,0.002905889412,0.032013093725
0.257470732300,-0.032575190992,0.002789551659,0.038051810336
0.254843480000,-0.032732472233,0.002608922314,0.070687741785
0.252216227600,-0.032944139781,0.002523208309,0.059392236385
0.249588975200,-0.033013816936,0.002531588004,0.018593850945
0.246961722900,-0.033034077607,0.002646341110,0.010551765787
0.244334470500,-0.033072662627,0.002896637357,-0.002609733591
0.241707218100,-0.033112687353,0.003131873597,-0.022185961938
0.239079965700,-0.033056091049,0.003375017026,-0.030664210338
0.236452713400,-0.032928032049,0.003479529401,-0.024985883700
0.233825461000,-0.032867845094,0.003513939050,-0.034167267550
0.231198208600,-0.032692772426,0.003511971892,-0.053300671600
0.228570956300,-0.032588898975,0.003486620453,-0.008860142768
0.225943703900,-0.032610498997,0.003358524142,0.009917876872
0.223316451500,-0.032640540367,0.003325224183,0.021586294589
0.220689199100,-0.032763318629,0.003260255303,0.019432739455
0.218061946800,-0.032787835023,0.003189789706,-0.009174513951
0.215434694400,-0.032698634226,0.003158379393,-0.025353678271
0.212807442000,-0.032656724052,0.003193796463,0.031435719749
0.210180189700,-0.032865059572,0.003086306411,0.115122359771
0.207552937300,-0.033251141240,0.002863963077,0.144703531051
0.204925684900,-0.033615857656,0.002644578669,0.138745617178
0.202298432500,-0.033928695049,0.002471610906,0.081576318836
0.199671180200,-0.034003234040,0.002528944710,0.014888014190
0.197043927800,-0.034002194053,0.002469626985,0.001178124659
0.194416675400,-0.034018419451,0.002467696591,-0.027882217779
0.191789423100,-0.033906439258,0.002546213237,-0.049397026615
0.189162170700,-0.033829175758,0.002607392318,-0.019094514067
0.186534918300,-0.033854729972,0.002566820052,-0.012857502494
0.183907666000,-0.033826753162,0.002726339347,0.009742094921
0.181280413600,-0.033951070710,0.002869319449,0.042293005374
0.178653161200,-0.034094514662,0.002941961400,0.035656982641
0.176025908800,-0.034196588153,0.003057110346,0.026210959026
0.173398656500,-0.034278631175,0.003210604855,0.016436133907
0.170771404100,-0.034320183149,0.003303248315,0.011180816120
0.168144151700,-0.034352903631,0.003304564536,0.023059409887
0.165516899400,-0.034429473220,0.003398237584,0.046284382943
0.162889647000,-0.034605621624,0.003367355732,0.068262613813
0.160262394600,-0.034820881621,0.003262476693,0.082001514411
0.157635142200,-0.035068433171,0.003018234846,0.123103318144
0.155007889900,-0.035457399430,0.002869103633,0.149100381189
0.152380637500,-0.035850683859,0.002865996978,0.148612060393
0.149753385100,-0.036206681779,0.002667832235,0.112953373651
0.147126132800,-0.036393296364,0.002477661418,0.073829970480
0.144498880400,-0.036594606330,0.002331007663,0.045225730664
0.141871628000,-0.036642847594,0.002115357333,0.021634336340
0.139244375600,-0.036701702280,0.002037445340,0.065274171626
0.136617123300,-0.037006574021,0.001915524026,0.109056826556
0.133989870900,-0.037294485954,0.001812600947,0.076384369860
0.131362618500,-0.037377179455,0.001671536875,-0.012915334984
0.128735366200,-0.037232943737,0.001369980818,-0.087929187688
0.126108113800,-0.036989675502,0.001319872790,-0.147975409730
0.123480861400,-0.036589846667,0.001495633889,-0.171885293380
0.120853609000,-0.036236102837,0.001558789467,-0.176927933171
0.118226356700,-0.035786505857,0.001613943218,-0.215370520335
0.115599104300,-0.035207638098,0.001558916303,-0.220395677793
0.112971851900,-0.034713902716,0.001647328289,-0.191463808229
0.110344599600,-0.034327376627,0.001758145057,-0.107465065558
0.107717347200,-0.034153409938,0.001742912952,-0.045666513338
0.105090094800,-0.034119045829,0.001762399429,0.039342133383
0.102462842500,-0.034368089229,0.001793979448,0.121287537107
0.099835590100,-0.034789268800,0.001790159299,0.149836455402
0.097208337700,-0.035210296386,0.001761136773,0.167517131565
0.094581085300,-0.035683836787,0.001804260303,0.127087173044
0.091953833000,-0.035849457469,0.001837312374,-0.003269913745
0.089326580600,-0.035652976341,0.001828363779,-0.029892165354
0.086699328200,-0.035666767463,0.001833834861,0.063049466895
0.084072075900,-0.035877110577,0.001926807684,0.106137878132
0.081444823500,-0.036034392737,0.002078125471,0.135584490003
0.078817571100,-0.036353611929,0.002072989419,0.205029758241
0.076190318700,-0.036787520422,0.002100246073,0.267982797472
0.073563066400,-0.037362087014,0.002259030728,0.293339349822
0.070935814000,-0.037929040972,0.002293112283,0.251772526747
0.068308561600,-0.038312315535,0.002252598525,0.253954599347
0.065681309300,-0.038924718285,0.002178983724,0.269420063503
0.063054056900,-0.039457022755,0.002229450875,0.282121611832
0.060426804500,-0.040124935176,0.002246548586,0.252278702035
0.057799552100,-0.040566589053,0.002262743510,0.170335932748
0.055172299800,-0.040848129067,0.002314769355,0.124447674059
0.052545047400,-0.041094123995,0.002256653921,0.076324905901
0.049917795000,-0.041164201687,0.002311240264,0.023136477220
0.047290542700,-0.041175169245,0.002339622049,0.031553025347
0.044663290300,-0.041218923067,0.002248111348,0.020950496697
0.042036037900,-0.041200626314,0.002130157667,0.000815982084
0.039408785500,-0.041139967385,0.002057162859,-0.001039749098
0.036781533200,-0.041159628898,0.002071279966,0.088168074154
0.034154280800,-0.041507673102,0.002165279412,0.142029157915
0.031527028400,-0.041826133020,0.002182485634,0.104687015303
0.028899776100,-0.041996748230,0.001995541394,0.089961565228
0.026272523700,-0.042168810265,0.001968118550,-0.107924471622
0.023645271300,-0.041294539207,0.002116705345,-0.014436933358
0.021018019000,-0.042043024123,0.002200942714,0.340375959236
0.018390766600,-0.043120153266,0.002202332647,0.199994810271
0.015763514200,-0.043152355682,0.002077906145,-0.009568587642
0.013136261800,-0.043092556711,0.001921238845,-0.032724957589
0.010509009500,-0.042934418719,0.001867544399,-0.034216280845
0.007881757100,-0.042839235605,0.001832678365,-0.026689766307
0.005254504700,-0.042743961194,0.001595572006,-0.089522430927
0.002627252400,-0.042298721408,0.001235936341,-1.785600753012
0.000000000000,-0.033276589241,0.000882989613,-3.421690136614
