0.391460603250,-0.047964071794,0.000042081728,-0.820404919539
0.388833350880,-0.045733276448,0.000463803854,-0.083581507625
0.386206098510,-0.047616599054,0.000509830073,0.476979482318
0.383578846140,-0.048237877196,0.000958532073,0.180473476351
0.380951593770,-0.048504709202,0.000990095604,0.313999696994
0.378324341400,-0.049764160027,0.000993320430,0.013195897252
0.375697089030,-0.048664013280,0.000924638610,-0.298555868977
0.373069836660,-0.048229191723,0.000713984906,0.312510986116
0.370442584290,-0.050306106680,0.000811468317,0.488128217156
0.367815331920,-0.050774819683,0.000961814889,0.109836506946
0.365188079550,-0.050858729314,0.000804636687,0.140739954071
0.362560827170,-0.051403662838,0.000890405755,0.133809114143
0.359933574800,-0.051390284926,0.000974748648,0.010544870210
0.357306322430,-0.051314493247,0.000998304764,-0.043408986604
0.354679070060,-0.051018928438,0.000979660921,-0.377586883674
0.352051817690,-0.049177617210,0.001153665641,-0.073493714039
0.349424565320,-0.050359403981,0.001271505027,0.209013150792
0.346797312950,-0.050118166891,0.001370781507,-0.073956104001
0.344170060580,-0.049816358489,0.001306147904,-0.178855331618
0.341542808210,-0.049081430810,0.001209864386,-0.276244144292
0.338915555840,-0.048365810838,0.001201263679,-0.225768870975
0.336288303460,-0.047907524539,0.001157638681,-0.182413272028
0.333661051090,-0.047608859963,0.001096525289,-0.127108212344
0.331033798720,-0.047384633013,0.000981384029,-0.113573664533
0.328406546350,-0.047189953739,0.000969032871,-0.081853191389
0.325779293980,-0.047130178209,0.000962830963,-0.032458741333
0.323152041610,-0.047124321212,0.001021858968,-0.020645879443
0.320524789240,-0.047114005999,0.000956488164,-0.037501114197
0.317897536870,-0.047041585076,0.001024766810,-0.039029270040
0.315270284500,-0.047053242654,0.001144810681,-0.022957026357
0.312643032100,-0.046947956644,0.001177059259,-0.015765346804
0.310015779800,-0.046952549616,0.001242002394,0.008061816325
0.307388527400,-0.046975758192,0.001289634958,-0.019236348562
0.304761275000,-0.046838152750,0.001265554827,-0.049621521095
0.302134022600,-0.046768256513,0.001240130147,-0.030759948860
0.299506770300,-0.046728672760,0.001304004916,-0.011475349717
0.296879517900,-0.046723267886,0.001342050487,-0.015720281123
0.294252265500,-0.046651615284,0.001321791850,-0.039760254262
0.291625013200,-0.046548503670,0.001361468805,-0.029093246169
0.288997760800,-0.046584766315,0.001537551589,-0.018103996731
0.286370508400,-0.046490824922,0.001637290598,-0.041053988948
0.283743256000,-0.046393414287,0.001767474439,-0.034671656663
0.281116003700,-0.046364014598,0.001923791559,-0.025353498790
0.278488751300,-0.046280982000,0.002119439014,-0.034275947856
0.275861498900,-0.046200966700,0.002314557185,-0.043062083021
0.273234246600,-0.046106840425,0.002477117699,-0.042780356079
0.270606994200,-0.046016812131,0.002664854935,-0.029803449832
0.267979741800,-0.045980729867,0.002925169801,-0.011905257386
0.265352489400,-0.045947859004,0.003106354006,-0.007250566571
0.262725237100,-0.045931411712,0.003296495801,-0.013195363912
0.260097984700,-0.045889558648,0.003502327382,-0.013454141749
0.257470732300,-0.045889523468,0.003651169915,0.017937873344
0.254843480000,-0.045948961300,0.003725344002,0.026257874549
0.252216227600,-0.045984689320,0.003880921823,0.045147688222
0.249588975200,-0.046115119371,0.004069760320,0.095960002918
0.246961722900,-0.046390467271,0.004286782413,0.144362834187
0.244334470500,-0.046790169561,0.004463685614,0.176239447925
0.241707218100,-0.047233450260,0.004663868591,0.172596166438
0.239079965700,-0.047683442028,0.004748992585,0.188757745103
0.236452713400,-0.048199833015,0.004869191059,0.197835039550
0.233825461000,-0.048708929784,0.005070159717,0.135481415362
0.231198208600,-0.048955066074,0.005209639723,0.048899689155
0.228570956300,-0.049002732229,0.005224930248,0.024608595361
0.225943703900,-0.049097620376,0.005218529263,0.002347889599
0.223316451500,-0.049045000797,0.005166917909,-0.030092636773
0.220689199100,-0.048966889321,0.005107423594,-0.024583989987
0.218061946800,-0.048933559769,0.005054735002,-0.014764092263
0.215434694400,-0.048891812511,0.004915450588,0.010520637572
0.212807442000,-0.049016595997,0.004726377958,0.048321534117
0.210180189700,-0.049150621042,0.004461018918,0.048239540950
0.207552937300,-0.049215493705,0.004249226703,0.076050750238
0.204925684900,-0.049481993030,0.004097903722,0.141789043450
0.202298432500,-0.049887134913,0.003854982412,0.180596448225
0.199671180200,-0.050332575911,0.003599171340,0.209396091061
0.197043927800,-0.050822879016,0.003398336744,0.188511886191
0.194416675400,-0.051154494738,0.003213094222,0.144061403410
0.191789423100,-0.051450321756,0.003013350239,0.160011013934
0.189162170700,-0.051843589554,0.002807526176,0.160495296900
0.186534918300,-0.052130622583,0.002573196563,0.151749602520
0.183907666000,-0.052422499098,0.002492908859,0.166756816944
0.181280413600,-0.052760439906,0.002218537555,0.159086955745
0.178653161200,-0.053031883503,0.001883096204,0.112864423891
0.176025908800,-0.053166298397,0.001625243649,0.063254724786
0.173398656500,-0.053188008645,0.001335451454,0.047805717305
0.170771404100,-0.053242991162,0.001117703567,0.061882197718
0.168144151700,-0.053356515250,0.001027170037,0.075534957125
0.165516899400,-0.053409468909,0.000756133630,0.052547920573
0.162889647000,-0.053365651639,0.000535882436,0.048683549381
0.160262394600,-0.053393616248,0.000432258125,0.093170250777
0.157635142200,-0.053625300478,0.000314607258,0.137666538683
0.155007889900,-0.053913003482,0.000075862593,0.139089845284
0.152380637500,-0.054245168099,0.000013254360,0.130735616381
0.149753385100,-0.054522454948,0.000081959489,0.046814179146
0.147126132800,-0.054524415163,0.000063479544,0.003388413169
0.144498880400,-0.054614510269,0.000083042020,0.034319962405
0.141871628000,-0.054730751190,0.000165379507,0.053816894527
0.139244375600,-0.054929281355,0.000236499390,0.093927384400
0.136617123300,-0.055214104393,0.000473388161,0.127074632075
0.133989870900,-0.055583771646,0.000497360136,0.154360775408
0.131362618500,-0.056014997044,0.000703850139,0.147700392138
0.128735366200,-0.056351883235,0.001098340439,0.112574640273
0.126108113800,-0.056587308496,0.001377654380,0.066210504695
0.123480861400,-0.056740106974,0.001518169673,0.064713097523
0.120853609000,-0.056963980843,0.001988641220,0.076700473950
0.118226356700,-0.057075949337,0.002300692703,0.051171722952
0.115599104300,-0.057203564412,0.002659751736,0.049614029445
0.112971851900,-0.057331501401,0.002981256069,-0.009812911716
0.110344599600,-0.057184779786,0.003297204071,-0.105697263127
0.107717347200,-0.056825792930,0.003560678687,-0.149006876553
0.105090094800,-0.056434852770,0.003670505513,-0.187838492388
0.102462842500,-0.055846778391,0.003727718843,-0.223292000001
0.099835590100,-0.055321373734,0.003728352435,-0.173885809995
0.097208337700,-0.055041395891,0.003829160407,-0.104150715271
0.094581085300,-0.054862533169,0.003767096459,-0.014219769791
0.091953833000,-0.055058116908,0.003720041208,0.109259929375
0.089326580600,-0.055509857687,0.003617563846,0.179218899395
0.086699328200,-0.056046240093,0.003599014423,0.200605417038
0.084072075900,-0.056513675089,0.003557559978,0.168946272659
0.081444823500,-0.056899741799,0.003474839908,0.127878824698
0.078817571100,-0.057088799531,0.003466813576,0.012844341878
0.076190318700,-0.056802401856,0.003590775731,-0.082001278398
0.073563066400,-0.056478206494,0.003743939568,-0.054019954670
0.070935814000,-0.056391909525,0.003738717830,0.000587657890
0.068308561600,-0.056402850467,0.003864156938,0.026536964398
0.065681309300,-0.056458152025,0.004156549916,0.040651524914
0.063054056900,-0.056490701213,0.004138638749,0.051010840273
0.060426804500,-0.056622184986,0.004215961902,0.084667971151
0.057799552100,-0.056869718020,0.004458420075,0.122689222888
0.055172299800,-0.057166144481,0.004546415330,0.112996663805
0.052545047400,-0.057330937301,0.004666011620,0.079186360029
0.049917795000,-0.057473458831,0.004791105753,0.052784134775
0.047290542700,-0.057479795175,0.004917039101,0.041122793338
0.044663290300,-0.057567299695,0.004770353928,0.110406999407
0.042036037900,-0.057850055088,0.004461775659,0.140858552588
0.039408785500,-0.058077111593,0.004230511069,0.145470178579
0.036781533200,-0.058425246286,0.004136709174,0.161981523361
0.034154280800,-0.058868346053,0.004125123127,0.153076915339
0.031527028400,-0.059254907802,0.004083524231,0.167063818215
0.028899776100,-0.059643853209,0.003993549043,0.167838093635
0.026272523700,-0.060008275878,0.003905964070,0.156597219314
0.023645271300,-0.060399704299,0.003816222872,0.145561860202
0.021018019000,-0.060723467348,0.003767938456,0.130336415998
0.018390766600,-0.061112228150,0.003549091212,0.119939795466
0.015763514200,-0.061421770112,0.003288511751,0.047624021981
0.013136261800,-0.061461398243,0.003105381288,-0.084098916946
0.010509009500,-0.061067640154,0.002720838000,-0.425553921318
0.007881757100,-0.059340778534,0.002515534255,-0.311973869835
0.005254504700,-0.059927209570,0.002056614234,-0.074328981492
0.002627252400,-0.059058712827,0.001775322494,-1.604109486598
0.000000000000,-0.051608636678,0.001088018686,-2.845002732154
