0.391460603250,0.001430107926,0.000062970277,-0.571726456425
0.388833350880,0.002943423993,0.000489819023,-0.155921938172
0.386206098510,0.002023485435,0.000934722735,-0.047738139915
0.383578846140,0.002999759915,0.001166155563,-0.242016762558
0.380951593770,0.003184562993,0.001236431244,-0.027653523653
0.378324341400,0.003028309213,0.001311549081,0.081064782475
0.375697089030,0.002722077431,0.001237521881,0.103028485648
0.373069836660,0.002509274154,0.001309463050,0.078338303684
0.370442584290,0.002343638868,0.001582239254,0.056132713245
0.367815331920,0.002225505199,0.001651780850,0.061667178276
0.365188079550,0.002167353914,0.001701689150,-0.000003583052
0.362560827170,0.002245640052,0.001856004408,-0.039817790126
0.359933574800,0.002464992984,0.002022904355,-0.035695183467
0.357306322430,0.002577241745,0.002131840337,-0.035029384482
0.354679070060,0.002824888498,0.002037450211,-0.064828957914
0.352051817690,0.003124075087,0.001955416197,-0.042706326535
0.349424565320,0.003285455632,0.001930584320,-0.055694719654
0.346797312950,0.003553590510,0.001882503304,-0.119545791117
0.344170060580,0.003889889192,0.001752834107,-0.157194228501
0.341542808210,0.004413161437,0.001629511576,-0.190031431644
0.338915555840,0.004895106829,0.001550079198,-0.154541663986
0.336288303460,0.005252630345,0.001449027385,-0.124079340972
0.333661051090,0.005536826586,0.001316277107,-0.064005043259
0.331033798720,0.005571780102,0.001152787201,-0.017927474485
0.328406546350,0.005588099278,0.000979575644,-0.018277796853
0.325779293980,0.005618454849,0.000990837302,-0.023966895249
0.323152041610,0.005683839924,0.000943840822,-0.045907272056
0.320524789240,0.005820258136,0.000950803635,-0.052792972893
0.317897536870,0.005904597165,0.001004329756,-0.051881707958
0.315270284500,0.006041941360,0.001019455970,-0.039152768216
0.312643032100,0.006090868331,0.001107742193,-0.013038162458
0.310015779800,0.006066555525,0.001104115521,-0.031552631729
0.307388527400,0.006178549685,0.001122034290,-0.060063925984
0.304761275000,0.006298642732,0.001078816027,-0.057325349202
0.302134022600,0.006457470532,0.000995933242,-0.060793739237
0.299506770300,0.006555283046,0.001003686259,-0.042531429365
0.296879517900,0.006635892570,0.001100470121,-0.042234364937
0.294252265500,0.006733437616,0.001113102489,-0.024559982034
0.291625013200,0.006709869917,0.001124106952,-0.009193580770
0.288997760800,0.006718341042,0.001238456749,-0.026383378535
0.286370508400,0.006775556112,0.001511483092,-0.029475012008
0.283743256000,0.006827349235,0.001619850831,-0.015876054826
0.281116003700,0.006838486939,0.001668278083,0.015296566358
0.278488751300,0.006779309458,0.001827493973,0.022603691341
0.275861498900,0.006768327472,0.002007128666,0.026886835560
0.273234246600,0.006653941252,0.002200096883,0.021596364060
0.270606994200,0.006639076565,0.002460101322,-0.011078281053
0.267979741800,0.006700168473,0.002575853260,-0.013420049263
0.265352489400,0.006689417876,0.002658397662,-0.021426515773
0.262725237100,0.006781981865,0.002916614792,-0.041738727403
0.260097984700,0.006851348842,0.003160867673,-0.035743089764
0.257470732300,0.006898663785,0.003368270516,-0.035234475290
0.254843480000,0.006930842627,0.003566918325,-0.035506428546
0.252216227600,0.006979102836,0.003702719747,-0.015878288562
0.249588975200,0.006977345595,0.003867622343,0.015156964409
0.246961722900,0.006845515184,0.004140257429,0.015435499286
0.244334470500,0.006803789072,0.004357207105,0.014149304496
0.241707218100,0.006716075581,0.004553868379,0.046875728109
0.239079965700,0.006505355567,0.004626681662,0.093100423616
0.236452713400,0.006174826395,0.004772103844,0.120279378397
0.233825461000,0.005789353437,0.004857441444,0.109055557336
0.231198208600,0.005506307362,0.004905237431,0.080672505807
0.228570956300,0.005286848064,0.004975543533,0.070699554963
0.225943703900,0.004989285955,0.004971136654,0.072710000096
0.223316451500,0.004831283296,0.004832752035,0.021122664964
0.220689199100,0.004870885397,0.004717086332,-0.003642978202
0.218061946800,0.004848181100,0.004756657065,0.006104849666
0.215434694400,0.004786578795,0.004757783625,0.011411336605
0.212807442000,0.004790908221,0.004631290295,0.025493487357
0.210180189700,0.004696255247,0.004649151853,0.058306616585
0.207552937300,0.004535971212,0.004646057706,0.062775862633
0.204925684900,0.004447002651,0.004663351972,0.056002036740
0.202298432500,0.004314932479,0.004594554764,0.068938481871
0.199671180200,0.004223874489,0.004345646140,0.092332566915
0.197043927800,0.004083495869,0.004207340857,0.133075482918
0.194416675400,0.003783138706,0.004066353939,0.165180525713
0.191789423100,0.003506768564,0.003952964430,0.144358096431
0.189162170700,0.003332715022,0.003824035618,0.122816368583
0.186534918300,0.003169601708,0.003628495324,0.145689691254
0.183907666000,0.002861292850,0.003492443568,0.172926099195
0.181280413600,0.002537289585,0.003276147616,0.158914723583
0.178653161200,0.002231906609,0.002970102058,0.149959193907
0.176025908800,0.001952845352,0.002769636488,0.131556610735
0.173398656500,0.001819795586,0.002601594280,0.061278196279
0.170771404100,0.001861556515,0.002327370996,0.021021344204
0.168144151700,0.001920635354,0.002060944144,0.015912662158
0.165516899400,0.002006790408,0.001865183753,0.017845008433
0.162889647000,0.002017339912,0.001717688533,0.030045268924
0.160262394600,0.002073214175,0.001634388506,0.044429108002
0.157635142200,0.002041669191,0.001379321730,0.142041074459
0.155007889900,0.001575858624,0.001083730138,0.309588573057
0.152380637500,0.000670576569,0.000826075829,0.396052437480
0.149753385100,-0.000234734327,0.000700146907,0.358565504246
0.147126132800,-0.000951778813,0.000331995784,0.260229194742
0.144498880400,-0.001408082134,-0.000015233339,0.180088516405
0.141871628000,-0.001708065782,-0.000204400206,0.101784602683
0.139244375600,-0.001758711100,-0.000342951149,0.053844708189
0.136617123300,-0.001908478606,-0.000381855709,0.112069931743
0.133989870900,-0.002288758198,-0.000280168177,0.182642321476
0.131362618500,-0.002806260641,-0.000242282948,0.220792561553
0.128735366200,-0.003397647657,-0.000151282023,0.233091591123
0.126108113800,-0.003965149736,0.000035260663,0.186600908043
0.123480861400,-0.004360214391,0.000325050138,0.141671562354
0.120853609000,-0.004681301843,0.000658102097,0.123771955092
0.118226356700,-0.004949825771,0.000974060363,0.081016558188
0.115599104300,-0.005042946510,0.001334051949,0.049641950760
0.112971851900,-0.005164115434,0.001760254064,0.051554783025
0.110344599600,-0.005281400011,0.002039612472,0.008272177524
0.107717347200,-0.005201751979,0.002271678586,-0.121744947646
0.105090094800,-0.004690311927,0.002477624861,-0.252284989887
0.102462842500,-0.003968557401,0.002651221920,-0.317402132863
0.099835590100,-0.003128061436,0.002615751977,-0.334752592453
0.097208337700,-0.002341253784,0.002572597684,-0.244453393633
0.094581085300,-0.001886106513,0.002594047677,-0.133002125402
0.091953833000,-0.001700226004,0.002563220749,-0.043376574974
0.089326580600,-0.001667810686,0.002649342096,0.022680086865
0.086699328200,-0.001844666698,0.002866639678,0.047360293935
0.084072075900,-0.001934654305,0.002924269764,0.049414811593
0.081444823500,-0.002119016446,0.002976114678,0.080609307525
0.078817571100,-0.002397241529,0.003002924481,0.086394166281
0.076190318700,-0.002656263185,0.003031013274,0.063150348078
0.073563066400,-0.002780847395,0.003031844276,0.005717417530
0.070935814000,-0.002723979736,0.003102147077,-0.000859174481
0.068308561600,-0.002805807109,0.003270547962,0.040260302986
0.065681309300,-0.002921414982,0.003566039199,0.060793787423
0.063054056900,-0.003052385551,0.003858033318,0.039232266257
0.060426804500,-0.003099282184,0.004032941981,0.031973423006
0.057799552100,-0.003233834971,0.004171656156,0.097667162512
0.055172299800,-0.003583671768,0.004357501131,0.132258103219
0.052545047400,-0.003856664730,0.004484811748,0.096157908589
0.049917795000,-0.003958441061,0.004668070321,0.043951167803
0.047290542700,-0.004003005167,0.004652207932,0.026851863601
0.044663290300,-0.004037975198,0.004544365585,0.062514259988
0.042036037900,-0.004205429139,0.004400191073,0.118657742342
0.039408785500,-0.004497027164,0.004127892277,0.133454289295
0.036781533200,-0.004748027910,0.003791232658,0.111786529206
0.034154280800,-0.004972684268,0.003440982619,0.095162513157
0.031527028400,-0.005170250743,0.003242704754,0.092321536666
0.028899776100,-0.005403817800,0.003115702927,0.083801727619
0.026272523700,-0.005524027491,0.002835305617,-0.083742543992
0.023645271300,-0.004870417606,0.002392643693,-0.131910369141
0.021018019000,-0.004747095303,0.002219716001,0.147068714140
0.018390766600,-0.005603168096,0.002391169835,0.224884409356
0.015763514200,-0.005900754575,0.002397211447,0.065140168022
0.013136261800,-0.005983791716,0.002359871093,0.015645123653
0.010509009500,-0.005949133651,0.002197426852,-0.073619868145
0.007881757100,-0.005577529916,0.001801986563,-0.226583053029
0.005254504700,-0.004843820740,0.001410610091,-0.313084654055
0.002627252400,-0.004048986219,0.001059558615,-0.343631927794
0.000000000000,-0.003057410378,0.000598691347,-0.360414398618
