0.391460603250,0.053036813048,0.000393877762,-0.032472189310
0.388833350880,0.053244317386,0.000537668928,-0.388917108053
0.386206098510,0.055343111651,0.000518607529,-0.429132957807
0.383578846140,0.055815138279,0.000406041796,0.241220895165
0.380951593770,0.054445464486,0.000375556680,0.621380463052
0.378324341400,0.052884065287,0.000425812525,0.334744813030
0.375697089030,0.053188695579,0.000227422833,0.052488897310
0.373069836660,0.052918922680,0.000062552517,0.202692892026
0.370442584290,0.052158912544,0.000087513515,0.024025700392
0.367815331920,0.052803614437,0.000131959073,-0.252447069828
0.365188079550,0.053166543862,0.000307193238,-0.102631424700
0.362560827170,0.053149642510,0.000383569935,-0.011642000224
0.359933574800,0.053128839368,0.000402092921,-0.029956620555
0.357306322430,0.053215542357,0.000503255868,-0.176121808222
0.354679070060,0.054023140897,0.000781456358,-0.202341926150
0.352051817690,0.054277261747,0.000839149817,-0.136952106803
0.349424565320,0.054696985119,0.000910970229,-0.147919483807
0.346797312950,0.055042850156,0.001068452612,-0.138004014102
0.344170060580,0.055465084637,0.001238091042,-0.202416093252
0.341542808210,0.056160062579,0.001235427337,-0.251977708406
0.338915555840,0.056748322965,0.001093539377,-0.318585666735
0.336288303460,0.057579956970,0.001200053553,-0.266282961317
0.333661051090,0.058136104198,0.001120313014,-0.184713766532
0.331033798720,0.058541235026,0.001022024815,-0.149807568048
0.328406546350,0.058832753078,0.000999972798,-0.093809728605
0.325779293980,0.058997336222,0.001060277680,-0.064446596681
0.323152041610,0.059087816837,0.001119687717,-0.067703553653
0.320524789240,0.059221655332,0.001131740863,-0.066597645163
0.317897536870,0.059304402715,0.001266888805,-0.041112859924
0.315270284500,0.059312326394,0.001312695476,-0.012148865116
0.312643032100,0.059275523487,0.001381510663,-0.015616167830
0.310015779800,0.059349526150,0.001441448247,-0.033648919147
0.307388527400,0.059385588485,0.001469146558,-0.019129461995
0.304761275000,0.059378669126,0.001423579845,-0.005268682451
0.302134022600,0.059331367569,0.001413860976,0.003672520293
0.299506770300,0.059253155929,0.001355041568,0.021518583463
0.296879517900,0.059151610437,0.001390204261,0.019196284271
0.294252265500,0.059068919796,0.001434004810,0.033895538451
0.291625013200,0.058913238485,0.001556423218,0.034993675740
0.288997760800,0.058769171544,0.001684822005,0.039125311673
0.286370508400,0.058620898536,0.001814012167,0.016198804864
0.283743256000,0.058569975978,0.001896742498,-0.028075049819
0.281116003700,0.058636444515,0.002095700857,-0.016261807211
0.278488751300,0.058592254060,0.002306905813,0.015355415891
0.275861498900,0.058498377464,0.002530247852,-0.008857320825
0.273234246600,0.058498802371,0.002658162400,-0.031196514833
0.270606994200,0.058547833964,0.002828512244,-0.036027856412
0.267979741800,0.058677904992,0.002809410065,-0.052576037408
0.265352489400,0.058847779484,0.002882974146,-0.026868064930
0.262725237100,0.058854115093,0.003001776309,-0.019396008313
0.260097984700,0.058966784773,0.002984601780,-0.059148202707
0.257470732300,0.059190695109,0.003021183913,-0.047493190814
0.254843480000,0.059274745177,0.003034891138,-0.005304342812
0.252216227600,0.059269726711,0.002991395635,0.026045824832
0.249588975200,0.059212460805,0.002913450532,0.011711346909
0.246961722900,0.059259814201,0.002893163096,-0.004370159610
0.244334470500,0.059268005026,0.002958590381,0.040957648471
0.241707218100,0.059119972128,0.003008486507,0.088619883550
0.239079965700,0.058915460527,0.003127714484,0.176074003901
0.236452713400,0.058304391711,0.003161326081,0.289107608763
0.233825461000,0.057494665885,0.003229791154,0.153130531134
0.231198208600,0.057441011973,0.003506981926,0.120396647564
0.228570956300,0.057048947492,0.003689686356,0.136811170158
0.225943703900,0.056920659226,0.003901786857,0.061181850023
0.223316451500,0.056882890441,0.004096976163,0.038224002493
0.220689199100,0.056864360647,0.004185150604,0.007262620724
0.218061946800,0.056963808130,0.004119525274,-0.028318542788
0.215434694400,0.057115420810,0.004107865044,0.014265185466
0.212807442000,0.057024600340,0.003943187518,0.060434432592
0.210180189700,0.056870106611,0.003734984437,0.072814714136
0.207552937300,0.056670531851,0.003661938582,0.121004589414
0.204925684900,0.056244752970,0.003426896470,0.198398743026
0.202298432500,0.055660527573,0.003246118599,0.225812037043
0.199671180200,0.055066733152,0.002939091810,0.244470327940
0.197043927800,0.054453367908,0.002679101523,0.223434397931
0.194416675400,0.053927252095,0.002340995582,0.175364833451
0.191789423100,0.053524183913,0.001943202188,0.166717432429
0.189162170700,0.053072915348,0.001459347735,0.192572494660
0.186534918300,0.052535890994,0.000898587841,0.142099477078
0.183907666000,0.052310722549,0.000444887464,0.079278965480
0.181280413600,0.052129980806,0.000131095227,0.051779598254
0.178653161200,0.052144562425,-0.000166343193,-0.029687342010
0.176025908800,0.052396088812,-0.000414586549,-0.078420677825
0.173398656500,0.052667511848,-0.000572798243,-0.066331163757
0.170771404100,0.052829864985,-0.000679147537,-0.048343051039
0.168144151700,0.053004934645,-0.000769613187,-0.041670035082
0.165516899400,0.053146685974,-0.000962510951,-0.037918919985
0.162889647000,0.053316917019,-0.001078297456,-0.074325091854
0.160262394600,0.053621058154,-0.001124294199,-0.086251167046
0.157635142200,0.053797622580,-0.001040976875,-0.036714251716
0.155007889900,0.053791032845,-0.000895936060,-0.032674332786
0.152380637500,0.053899371687,-0.000756493072,-0.045352623897
0.149753385100,0.053919371425,-0.000650574815,-0.034380202985
0.147126132800,0.053956310170,-0.000528974857,-0.053440408957
0.144498880400,0.054089299751,-0.000382192803,-0.052473286184
0.141871628000,0.054112748837,-0.000241151850,-0.031893286113
0.139244375600,0.054213305585,-0.000027672959,-0.045233885125
0.136617123300,0.054291600494,0.000106448794,-0.041490304343
0.133989870900,0.054360891412,0.000004831888,-0.007931526397
0.131362618500,0.054230116280,0.000038281975,0.042602452709
0.128735366200,0.053984525478,0.000000023448,0.023150437676
0.126108113800,0.053934957485,-0.000120586139,-0.019757697822
0.123480861400,0.053876714039,-0.000135494451,0.132438503141
0.120853609000,0.052999244189,0.000130097819,0.074736153957
0.118226356700,0.053632158088,0.000043900305,-0.116545761400
0.115599104300,0.053534888644,0.000144494932,0.066192509597
0.112971851900,0.053138569133,0.000371676886,0.150014951134
0.110344599600,0.052580663094,0.000787895017,0.203382244521
0.107717347200,0.051961567639,0.000999298438,0.110667311388
0.105090094800,0.051892951514,0.001054639030,-0.024956748887
0.102462842500,0.052007885589,0.001059288161,-0.068110098648
0.099835590100,0.052236266378,0.001112874380,-0.142963166777
0.097208337700,0.052774804128,0.000965830310,-0.169135577994
0.094581085300,0.053182777558,0.000950453763,-0.081172883892
0.091953833000,0.053259554389,0.001064563073,0.032729890626
0.089326580600,0.053062974498,0.001046772399,0.092544132754
0.086699328200,0.052852348024,0.000877046538,0.120917159013
0.084072075900,0.052495523116,0.000723912940,0.139026115799
0.081444823500,0.052253578331,0.000721338745,0.107120532244
0.078817571100,0.052045390306,0.000697873407,0.171441637740
0.076190318700,0.051514711604,0.000612025077,0.191571583986
0.073563066400,0.051116843169,0.000760013724,0.160626276263
0.070935814000,0.050770606514,0.000889635558,0.104127543562
0.068308561600,0.050703260794,0.000880571191,0.009671893346
0.065681309300,0.050842663228,0.001008083116,-0.067010801302
0.063054056900,0.051203870049,0.001091613425,-0.076856369259
0.060426804500,0.051428719123,0.001180753249,-0.024083045366
0.057799552100,0.051567559400,0.001454226877,-0.023738659614
0.055172299800,0.051829905479,0.001618117641,-0.031870193261
0.052545047400,0.051977043742,0.001753861810,0.079608531468
0.049917795000,0.051747146609,0.002034531630,0.165614325478
0.047290542700,0.051525667914,0.002110675916,0.176970398087
0.044663290300,0.051201947969,0.002091475708,0.205616517337
0.042036037900,0.050811639288,0.002079566576,0.197843981153
0.039408785500,0.050453937250,0.001986863493,0.202833754795
0.036781533200,0.049973573786,0.001947526568,0.175622346759
0.034154280800,0.049747026331,0.001869600010,0.113102720456
0.031527028400,0.049601737548,0.001562979292,0.114065184743
0.028899776100,0.049403860026,0.001319682078,0.157364288008
0.026272523700,0.049072405500,0.001317836037,0.162169819500
0.023645271300,0.048794159969,0.001087860576,0.209797565046
0.021018019000,0.048185595775,0.001068983603,0.310882351093
0.018390766600,0.047398052467,0.000981396047,0.294707126668
0.015763514200,0.046715940944,0.001028720044,0.227300989524
0.013136261800,0.046265150620,0.001005766951,0.177622855682
0.010509009500,0.045980474597,0.000813874191,0.080235458533
0.007881757100,0.046033916276,0.000665817003,-0.035807407914
0.005254504700,0.046338065320,0.000518683452,-0.044567573906
0.002627252400,0.046426453963,0.000293238762,1.122431698107
0.000000000000,0.040438657083,-0.000097077199,2.205870889152
