0.391460603250,0.047731719029,0.001093290306,-0.640616814477
0.388833350880,0.049289656816,0.001173335556,-0.368237189668
0.386206098510,0.049725506164,0.001333289052,-0.191642205459
0.383578846140,0.050263046087,0.001427281442,-0.176502591524
0.380951593770,0.050496584210,0.001450551442,0.160557779364
0.378324341400,0.049170159443,0.001397039681,0.100111714492
0.375697089030,0.049767222606,0.001497433708,-0.483397520669
0.373069836660,0.051535147457,0.001505554024,-0.285833037152
0.370442584290,0.050910600569,0.001269337222,0.051496225577
0.367815331920,0.051043077067,0.001278116061,-0.041898222698
0.365188079550,0.051045787185,0.001349475891,-0.163191723344
0.362560827170,0.051792057462,0.001529696219,-0.167282656804
0.359933574800,0.051985820409,0.001597104032,-0.058225816492
0.357306322430,0.052245474139,0.001594156055,-0.056798260466
0.354679070060,0.052464664007,0.001523728320,-0.065469026020
0.352051817690,0.052806533204,0.001602929465,-0.061357472474
0.349424565320,0.053002026746,0.001668690651,-0.052834593723
0.346797312950,0.053265047244,0.001761597485,-0.101325237605
0.344170060580,0.053703165214,0.001762741647,-0.165834842865
0.341542808210,0.054243118472,0.001740446598,-0.172792982290
0.338915555840,0.054750394873,0.001742051040,-0.136792434006
0.336288303460,0.055186779630,0.001792120535,-0.156430270252
0.333661051090,0.056029314561,0.001639354997,-0.221527146360
0.331033798720,0.056239405384,0.001521672638,-0.093909074463
0.328406546350,0.056373751918,0.001359170934,-0.046311387584
0.325779293980,0.056430385401,0.001288362183,-0.035314389962
0.323152041610,0.056521834111,0.001358777391,-0.046941937804
0.320524789240,0.056626944956,0.001326055718,-0.031544184253
0.317897536870,0.056631372365,0.001413461072,-0.016704559037
0.315270284500,0.056660780452,0.001407145215,-0.044699547947
0.312643032100,0.056782877665,0.001420374794,-0.045989104250
0.310015779800,0.056795064217,0.001356340036,-0.010267333204
0.307388527400,0.056782799569,0.001418162577,-0.005192611445
0.304761275000,0.056770919717,0.001388423646,-0.029190371748
0.302134022600,0.056890601956,0.001163457495,-0.044114798163
0.299506770300,0.056964966607,0.001074093875,-0.017204471526
0.296879517900,0.056959867002,0.001144734505,-0.019192562514
0.294252265500,0.057053285510,0.001208129912,-0.025759920364
0.291625013200,0.057103436494,0.001216681251,0.000441868294
0.288997760800,0.057055008924,0.001352073796,0.007915686806
0.286370508400,0.057045175197,0.001492740518,-0.008630078737
0.283743256000,0.057074522114,0.001694694142,-0.016649453405
0.281116003700,0.057065844388,0.001828765584,-0.025857648594
0.278488751300,0.057161748884,0.001883478886,-0.033142052711
0.275861498900,0.057213026079,0.002035829750,-0.026833418373
0.273234246600,0.057228122029,0.002235056864,-0.014103162574
0.270606994200,0.057224189405,0.002365672643,-0.022353228328
0.267979741800,0.057307765328,0.002522476485,-0.010363190792
0.265352489400,0.057305934916,0.002706618192,0.003012293743
0.262725237100,0.057307094856,0.002747958497,-0.035368242606
0.260097984700,0.057496189113,0.002835658527,-0.059208964007
0.257470732300,0.057647490584,0.003020823095,-0.066476759982
0.254843480000,0.057817379615,0.003186823888,-0.049854091757
0.252216227600,0.057922511853,0.003307005597,-0.011632630567
0.249588975200,0.057912735774,0.003410838161,0.010148066161
0.246961722900,0.057957067550,0.003518737191,0.041512594905
0.244334470500,0.057791306843,0.003626119637,0.121211728265
0.241707218100,0.057416324586,0.003804598956,0.153744805914
0.239079965700,0.057076992172,0.004041675946,0.136490428547
0.236452713400,0.056722346451,0.004155894397,0.156443158580
0.233825461000,0.056313870396,0.004357317969,0.179460994000
0.231198208600,0.055875449973,0.004508062298,0.168176966624
0.228570956300,0.055497639665,0.004562244425,0.125473322613
0.225943703900,0.055242572513,0.004568701955,0.059710355594
0.223316451500,0.055196031674,0.004488399778,0.014360272146
0.220689199100,0.055213889420,0.004434216749,-0.010260602955
0.218061946800,0.055266260119,0.004313305305,-0.039076493261
0.215434694400,0.055396901519,0.004152522776,-0.028857207706
0.212807442000,0.055419057859,0.003961846865,0.026421709341
0.210180189700,0.055218617275,0.003764279676,0.058608933934
0.207552937300,0.055077792046,0.003519009531,0.062306366632
0.204925684900,0.054867888806,0.003263411541,0.111602625139
0.202298432500,0.054551171801,0.002969788813,0.204937973188
0.199671180200,0.053928037060,0.002646263864,0.313776425188
0.197043927800,0.053002580163,0.002468131558,0.227114747535
0.194416675400,0.052712083269,0.002238806339,-0.040146322650
0.191789423100,0.053262405944,0.002096298059,-0.006276756165
0.189162170700,0.052963924487,0.002024778015,0.172956439950
0.186534918300,0.052624134960,0.001845491533,0.176773662746
0.183907666000,0.052295355968,0.001496448612,0.165038226811
0.181280413600,0.052035253345,0.001190801762,0.153355364264
0.178653161200,0.051827773796,0.000822859921,0.124782068078
0.176025908800,0.051624503762,0.000571548298,0.102782577626
0.173398656500,0.051498183774,0.000354802284,0.077111759078
0.170771404100,0.051422841683,0.000269223343,0.048429553974
0.168144151700,0.051466171706,0.000012575023,0.022105430262
0.165516899400,0.051550397631,-0.000293959658,0.021317845248
0.162889647000,0.051606585302,-0.000385373260,0.031583072429
0.160262394600,0.051630830670,-0.000536757508,0.056271663726
0.157635142200,0.051550167328,-0.000514227050,0.113151871960
0.155007889900,0.051283616629,-0.000754374787,0.172706437527
0.152380637500,0.050842616106,-0.000913591959,0.212959695891
0.149753385100,0.050344302466,-0.000949711221,0.166028183159
0.147126132800,0.050098571565,-0.001015083311,0.096512256219
0.144498880400,0.049913092068,-0.001170895123,0.042541369013
0.141871628000,0.049874157300,-0.001239029163,0.052563998235
0.139244375600,0.049704404045,-0.001279687895,0.102748774875
0.136617123300,0.049325863102,-0.001191743924,0.114802678684
0.133989870900,0.049109797277,-0.001138983812,0.089041501858
0.131362618500,0.048894490204,-0.001174928474,0.075315961046
0.128735366200,0.048696867227,-0.001175208941,0.072321822437
0.126108113800,0.048456860858,-0.001120413039,0.121530030925
0.123480861400,0.048033736597,-0.001217725464,0.157424152264
0.120853609000,0.047629777657,-0.000971877427,0.108932520861
0.118226356700,0.047432971234,-0.000539889491,0.077040658176
0.115599104300,0.047200223804,-0.000172268843,0.110575721857
0.112971851900,0.046809184019,0.000182365503,0.118072676739
0.110344599600,0.046524430601,0.000446903943,0.071893827352
0.107717347200,0.046334885700,0.000850997614,0.029500442662
0.105090094800,0.046264290539,0.001268081359,-0.046950098776
0.102462842500,0.046515695050,0.001578583291,-0.140916395798
0.099835590100,0.047054320459,0.001751359695,-0.207172617959
0.097208337700,0.047676133533,0.001790951606,-0.255800799595
0.094581085300,0.048420519273,0.001786166860,-0.224388627239
0.091953833000,0.048861370148,0.001785083843,-0.121997070290
0.089326580600,0.049167165010,0.001610841037,-0.076832504001
0.086699328200,0.049291607824,0.001618749416,-0.017704588368
0.084072075900,0.049314479075,0.001540634720,0.065879337098
0.081444823500,0.049061858373,0.001390026492,0.139287472134
0.078817571100,0.048769357475,0.001359350749,0.163820347752
0.076190318700,0.048316154296,0.001447059255,0.170806675751
0.073563066400,0.047977532719,0.001498339777,0.073484988712
0.070935814000,0.048014737969,0.001471672695,-0.016839451563
0.068308561600,0.048169206844,0.001565305512,-0.000849271025
0.065681309300,0.048232719092,0.001807809435,0.030513903136
0.063054056900,0.048204966282,0.001993419828,0.053764065626
0.060426804500,0.048146719015,0.002112951540,0.065889624355
0.057799552100,0.048044762917,0.002257771370,0.070583163165
0.055172299800,0.047925674387,0.002328656342,0.071216633439
0.052545047400,0.047808294134,0.002397113419,0.086728265410
0.049917795000,0.047633934316,0.002498436571,0.142082876132
0.047290542700,0.047250830629,0.002592220560,0.168695329952
0.044663290300,0.046910874205,0.002601000108,0.125424546437
0.042036037900,0.046750214507,0.002497148053,0.105990572901
0.039408785500,0.046566953077,0.002483757110,0.121887918410
0.036781533200,0.046262968209,0.002328258788,0.096862647470
0.034154280800,0.046139089013,0.002251672768,0.052102153770
0.031527028400,0.046045753212,0.002240749713,0.064791548723
0.028899776100,0.045796790628,0.002116840947,0.074891589423
0.026272523700,0.045552239101,0.001925686648,0.110936842506
0.023645271300,0.045156698420,0.001584710028,0.137081535871
0.021018019000,0.044702968027,0.001584746585,0.118153436023
0.018390766600,0.044458451016,0.001603636652,0.074347381702
0.015763514200,0.044205957787,0.001592532449,0.026890167576
0.013136261800,0.044173737299,0.001598521141,-0.042174714429
0.010509009500,0.044299771210,0.001423568043,-0.082041469056
0.007881757100,0.044587026814,0.001146338791,-0.140145270718
0.005254504700,0.045038078731,0.000765411147,-0.114104580499
0.002627252400,0.045204508117,0.000489817070,0.603859421714
0.000000000000,0.041856072299,0.000212803508,1.267075629970
