0.391460603250,0.040402347129,0.000311926331,0.229702739505
0.388833350880,0.040015184713,0.000001768239,-0.111571666498
0.386206098510,0.041283721883,-0.000024320112,-0.057200754076
0.383578846140,0.040707595943,-0.000229545096,0.438751592599
0.380951593770,0.039192124388,-0.000516595321,0.380479321321
0.378324341400,0.038616504023,-0.000697633704,0.203832320996
0.375697089030,0.038017575556,-0.000581817837,0.277518391652
0.373069836660,0.037148042466,-0.000536423954,0.204118767351
0.370442584290,0.036989128478,-0.000541439181,-0.144185213384
0.367815331920,0.037906548304,-0.000313325721,-0.230410506377
0.365188079550,0.038221153234,-0.000109076452,-0.032420470247
0.362560827170,0.038147193220,0.000061324221,0.073278128328
0.359933574800,0.037947708637,0.000095306337,-0.068620761954
0.357306322430,0.038594494181,0.000138481172,-0.195925687935
0.354679070060,0.039029624359,0.000353211236,-0.131829911119
0.352051817690,0.039276960818,0.000473506984,-0.083955841493
0.349424565320,0.039321737797,0.000691266128,-0.054673369423
0.346797312950,0.039588116325,0.000789834945,-0.114972831438
0.344170060580,0.039950904101,0.000995484163,-0.168753533857
0.341542808210,0.040446684134,0.001131646689,-0.217080866046
0.338915555840,0.041027083876,0.001245086850,-0.268972845766
0.336288303460,0.041773362062,0.001309722159,-0.272832213438
0.333661051090,0.042373606169,0.001411338693,-0.187596502379
0.331033798720,0.042689992813,0.001310143212,-0.145099938663
0.328406546350,0.043082448001,0.001196304890,-0.129391582440
0.325779293980,0.043277654559,0.001375117756,-0.105829611767
0.323152041610,0.043538304610,0.001488926011,-0.116045454240
0.320524789240,0.043784858571,0.001584261945,-0.079160954533
0.317897536870,0.043884450474,0.001781619321,-0.064866366618
0.315270284500,0.044065413806,0.001931925854,0.008880438273
0.312643032100,0.043953797339,0.001767392463,0.002174155931
0.310015779800,0.044009302638,0.001682905397,-0.033302338649
0.307388527400,0.044057365210,0.001676156556,-0.014241224040
0.304761275000,0.044018492130,0.001700515855,0.023007580662
0.302134022600,0.043909337851,0.001717276164,0.027864653479
0.299506770300,0.043779021600,0.001735284367,0.034643066339
0.296879517900,0.043653423391,0.001782275311,0.042398815551
0.294252265500,0.043442482197,0.001836627107,0.052894440735
0.291625013200,0.043274477014,0.001863003291,0.048090535790
0.288997760800,0.043192556367,0.001972541688,0.047524647264
0.286370508400,0.043012360817,0.002202400950,0.036961825061
0.283743256000,0.042960423764,0.002433941436,0.003396480211
0.281116003700,0.042952361828,0.002472193461,0.000587675817
0.278488751300,0.042933757177,0.002589403221,-0.010548965037
0.275861498900,0.043005815023,0.002759692433,-0.029733336808
0.273234246600,0.043051492773,0.002779176813,-0.016537815954
0.270606994200,0.043105592833,0.002779710392,-0.035363667502
0.267979741800,0.043247365274,0.002908284517,-0.044629275268
0.265352489400,0.043348261657,0.003096154810,-0.027638117899
0.262725237100,0.043436209648,0.003183590173,-0.019391103380
0.260097984700,0.043492584213,0.003055768679,-0.013907264625
0.257470732300,0.043605188639,0.002916820450,-0.023368946342
0.254843480000,0.043755932494,0.002813735463,-0.017421755381
0.252216227600,0.043834234287,0.002712315955,0.004861520347
0.249588975200,0.043989146813,0.002611301556,-0.002552918368
0.246961722900,0.044090782735,0.002484612500,0.022773260612
0.244334470500,0.044115765856,0.002235219753,0.058723560722
0.241707218100,0.044040520578,0.002087253117,0.093168153683
0.239079965700,0.043902382352,0.002104059949,0.128708174428
0.236452713400,0.043624739094,0.002288434992,0.192971385409
0.233825461000,0.043151075744,0.002548898075,0.246838057541
0.231198208600,0.042588635946,0.002770316271,0.247432616450
0.228570956300,0.042102628613,0.003000085614,0.175135530959
0.225943703900,0.041799417621,0.003252707194,0.121958907062
0.223316451500,0.041590243613,0.003383389231,0.099309527112
0.220689199100,0.041429255897,0.003476889900,0.056812541067
0.218061946800,0.041437747008,0.003554241624,0.029306983239
0.215434694400,0.041407759962,0.003627413552,0.050351803510
0.212807442000,0.041299678138,0.003660496688,0.097183932694
0.210180189700,0.041030574438,0.003644406040,0.144176814920
0.207552937300,0.040659725998,0.003491576285,0.150075218043
0.204925684900,0.040307456580,0.003275505729,0.177128549762
0.202298432500,0.039792898662,0.003152734536,0.217471391932
0.199671180200,0.039221276578,0.002895690629,0.237615189728
0.197043927800,0.038581616951,0.002688758415,0.245080002661
0.194416675400,0.038020709506,0.002454946628,0.219807892632
0.191789423100,0.037511633606,0.002120387020,0.250570785504
0.189162170700,0.036877523147,0.001569052118,0.242644684539
0.186534918300,0.036421291032,0.001067066781,0.160449560397
0.183907666000,0.036138871201,0.000633530874,0.079740697440
0.181280413600,0.036049643930,0.000254097532,-0.030578827169
0.178653161200,0.036281923810,-0.000075429545,-0.160570277570
0.176025908800,0.036762019959,-0.000191149658,-0.204252552040
0.173398656500,0.037182715526,-0.000138775310,-0.196962688691
0.170771404100,0.037642019774,-0.000203480094,-0.189875866867
0.168144151700,0.038023432873,-0.000133940722,-0.181768829564
0.165516899400,0.038388491242,-0.000226900748,-0.148329243369
0.162889647000,0.038603175440,-0.000243547665,-0.108184070962
0.160262394600,0.038783554799,-0.000090963729,-0.109642107144
0.157635142200,0.039041269423,0.000055046855,-0.111960845157
0.155007889900,0.039249386170,0.000128948362,-0.097926298082
0.152380637500,0.039357324858,0.000277510538,-0.042800201604
0.149753385100,0.039307239238,0.000567844712,-0.038523870552
0.147126132800,0.039412902216,0.000677129766,-0.095472848815
0.144498880400,0.039638550131,0.000827046632,-0.115758284885
0.141871628000,0.039825264706,0.001016594562,-0.126097490589
0.139244375600,0.040111957497,0.001057169644,-0.131434976415
0.136617123300,0.040342270979,0.001130108655,-0.085174806048
0.133989870900,0.040392737817,0.001149763806,-0.079483051786
0.131362618500,0.040581565973,0.001088553440,-0.112072435900
0.128735366200,0.040763731544,0.001087371965,-0.051974993139
0.126108113800,0.040674985604,0.001202289315,0.023265699930
0.123480861400,0.040569614845,0.001148511453,0.030133410070
0.120853609000,0.040495976302,0.001042124359,0.047444931059
0.118226356700,0.040392456811,0.000992685476,0.083749455036
0.115599104300,0.040132192636,0.001077559562,0.170509491199
0.112971851900,0.039622129293,0.001063898886,0.216495674238
0.110344599600,0.039146800929,0.000968674801,0.187923665788
0.107717347200,0.038711257527,0.000936477397,0.165575683565
0.105090094800,0.038396813022,0.000947944417,0.079952851139
0.102462842500,0.038443707115,0.000921429434,-0.037833710082
0.099835590100,0.038658312401,0.001145436747,-0.098420208604
0.097208337700,0.039029552119,0.001218353675,-0.066515554564
0.094581085300,0.039056139881,0.001153457976,0.032454733101
0.091953833000,0.038949508520,0.001077826759,0.086092613171
0.089326580600,0.038727226902,0.000944419674,0.146329863883
0.086699328200,0.038352026326,0.000852377570,0.163139902386
0.084072075900,0.037962608459,0.000733414543,0.162744845340
0.081444823500,0.037750931229,0.000476220699,0.113426975999
0.078817571100,0.037561415136,0.000354740862,0.147223868179
0.076190318700,0.037125078868,0.000378671742,0.179179133393
0.073563066400,0.036735603112,0.000408277429,0.203674208340
0.070935814000,0.036168219607,0.000363600432,0.183698536046
0.068308561600,0.035933772336,0.000456807308,0.072642452561
0.065681309300,0.035993164788,0.000481593483,-0.017557076201
0.063054056900,0.036293994739,0.000461634204,-0.079869125447
0.060426804500,0.036645496873,0.000712024179,-0.097755872620
0.057799552100,0.037016322274,0.000740004975,-0.097355072960
0.055172299800,0.037342113582,0.000879902420,-0.097830920478
0.052545047400,0.037616956088,0.001163059060,-0.021047726917
0.049917795000,0.037693611983,0.001187419212,0.113399484387
0.047290542700,0.037434285745,0.001162828211,0.201699138354
0.044663290300,0.036934255694,0.001421863899,0.208683286012
0.042036037900,0.036225008250,0.001258853147,0.269197824091
0.039408785500,0.035627713595,0.001059606972,0.204525035085
0.036781533200,0.035327646960,0.000843722420,0.140744706861
0.034154280800,0.035027546993,0.000819383923,0.153560679786
0.031527028400,0.034653255236,0.000885993548,0.157163823752
0.028899776100,0.034353884544,0.000835361519,0.156175078761
0.026272523700,0.033972612803,0.000725463101,0.192543824219
0.023645271300,0.033494689604,0.000639622877,0.220065955583
0.021018019000,0.032937590123,0.000663488193,0.240322421622
0.018390766600,0.032316169095,0.000853790211,0.241520904796
0.015763514200,0.031783930905,0.000808574664,0.207076198157
0.013136261800,0.031299717387,0.000546662741,0.184209660679
0.010509009500,0.030907901251,0.000589159151,0.115295176057
0.007881757100,0.030821832773,0.000632112901,-0.032765289410
0.005254504700,0.031167393671,0.000425300022,-0.004863623611
0.002627252400,0.030875891230,0.000052025106,0.516077227009
0.000000000000,0.028380733758,-0.000181171909,0.922407019730
