0.391460603250,-0.016768344663,-0.000539124707,0.595890296149
0.388833350880,-0.018162657289,-0.000147728251,0.370324390501
0.386206098510,-0.018719743303,-0.000016473256,0.154004290733
0.383578846140,-0.019069101730,0.000189243049,-0.285365125303
0.380951593770,-0.017378727604,-0.000036816613,-0.115804331372
0.378324341400,-0.018458245566,-0.000014465055,0.393496400892
0.375697089030,-0.019380760334,-0.000017697475,0.299627817638
0.373069836660,-0.019878301223,-0.000117674923,0.011432232641
0.370442584290,-0.019165339247,-0.000183813687,0.328884892064
0.367815331920,-0.021374743830,-0.000522213297,0.517140195953
0.365188079550,-0.021890610401,-0.000512641788,0.080377780726
0.362560827170,-0.021730795121,-0.000644799784,-0.039119230387
0.359933574800,-0.021713766066,-0.000531568093,-0.025770154296
0.357306322430,-0.021706576250,-0.000477773510,-0.023173710677
0.354679070060,-0.021639102453,-0.000336030421,-0.023820435627
0.352051817690,-0.021548066844,0.000014141665,-0.020063936865
0.349424565320,-0.021330488494,0.000113635116,-0.127208497567
0.346797312950,-0.020849434226,0.000283587757,-0.225553290164
0.344170060580,-0.020139183048,0.000489080719,-0.266221252468
0.341542808210,-0.019471353227,0.000616673023,-0.257817032887
0.338915555840,-0.018811102521,0.000673974694,-0.233543367619
0.336288303460,-0.018288424274,0.000715497164,-0.160764290913
0.333661051090,-0.017964126114,0.000828023829,-0.112522343744
0.331033798720,-0.017668492831,0.001048515983,-0.125095441692
0.328406546350,-0.017346092233,0.001280457324,-0.091319491365
0.325779293980,-0.017179644125,0.001415659160,-0.069821444785
0.323152041610,-0.017054081065,0.001488411060,-0.029731914363
0.320524789240,-0.017013761818,0.001636491013,0.007422168944
0.317897536870,-0.017043664768,0.001682567888,0.011271390787
0.315270284500,-0.017061528007,0.001652026213,0.028076507438
0.312643032100,-0.017151401736,0.001796608337,0.031513528060
0.310015779800,-0.017244687254,0.001907734830,0.037810734900
0.307388527400,-0.017389804304,0.001831228563,0.057214644400
0.304761275000,-0.017595446717,0.001875385461,0.066656358844
0.302134022600,-0.017824724931,0.001944071915,0.034243650005
0.299506770300,-0.017857452215,0.002025980577,0.016081181021
0.296879517900,-0.017960857772,0.002269072242,0.039003635333
0.294252265500,-0.018079218057,0.002315513957,0.003951642615
0.291625013200,-0.017977880660,0.002266543974,-0.046391280501
0.288997760800,-0.017861310221,0.002353319871,-0.052364467989
0.286370508400,-0.017737036124,0.002405488768,-0.025757704806
0.283743256000,-0.017709739673,0.002325647784,-0.015898739554
0.281116003700,-0.017636690392,0.002279792962,-0.043744674459
0.278488751300,-0.017394364862,0.002188508350,-0.035788535814
0.275861498900,-0.017362030000,0.002175855759,0.030901569257
0.273234246600,-0.017378189008,0.002077434317,0.007967727013
0.270606994200,-0.017182997435,0.001986254659,-0.017324154960
0.267979741800,-0.017081414025,0.001852520759,0.019878290487
0.265352489400,-0.017066385009,0.001622586098,0.043894933128
0.262725237100,-0.017118732734,0.001403246053,0.062189892101
0.260097984700,-0.017178142028,0.001207822377,0.045126831816
0.257470732300,-0.017084329817,0.000951660732,0.020333256191
0.254843480000,-0.017008403675,0.000857307269,0.046158167701
0.252216227600,-0.017070268713,0.000708364421,0.098722019732
0.249588975200,-0.017290877089,0.000760030082,0.155132640047
0.246961722900,-0.017623018117,0.001051825815,0.183419716594
0.244334470500,-0.017945914435,0.001384502563,0.189788221779
0.241707218100,-0.018270820740,0.001641869083,0.196135800767
0.239079965700,-0.018617592888,0.001988634511,0.195718109174
0.236452713400,-0.018984181553,0.002440369877,0.172068947289
0.233825461000,-0.019243895430,0.002710115264,0.139773008081
0.231198208600,-0.019425617324,0.002932479056,0.127884288176
0.228570956300,-0.019664954185,0.003158119792,0.155802067946
0.225943703900,-0.020079971306,0.003374343654,0.199320182573
0.223316451500,-0.020558445853,0.003536068342,0.211144315403
0.220689199100,-0.021005367816,0.003730080313,0.181635097201
0.218061946800,-0.021362498197,0.003948026616,0.141512952268
0.215434694400,-0.021665897789,0.003950382922,0.105083940792
0.212807442000,-0.021888099405,0.003929183187,0.099122851938
0.210180189700,-0.022140236057,0.003909189901,0.151232563733
0.207552937300,-0.022610530146,0.003706676892,0.116965469343
0.204925684900,-0.022812619782,0.003357159724,0.047388402670
0.202298432500,-0.022901666867,0.002951664553,0.037590318994
0.199671180200,-0.023109839230,0.002637121692,0.085248259587
0.197043927800,-0.023451849746,0.002394518105,0.101964979932
0.194416675400,-0.023786255186,0.002222460745,0.091583779119
0.191789423100,-0.024131472534,0.002110911785,0.045056779300
0.189162170700,-0.024254106313,0.002098504453,-0.061524132627
0.186534918300,-0.024174086531,0.002186360906,-0.127321359549
0.183907666000,-0.023966150983,0.002161958885,-0.139871441654
0.181280413600,-0.023806251364,0.002093497206,-0.127538834536
0.178653161200,-0.023629905488,0.002143136230,-0.119356516562
0.176025908800,-0.023519169794,0.002319038046,-0.088514752161
0.173398656500,-0.023468399961,0.002381778167,-0.075730822901
0.170771404100,-0.023377050598,0.002442789051,-0.095623849502
0.168144151700,-0.023216947734,0.002520993318,-0.127213137255
0.165516899400,-0.022962028282,0.002489011600,-0.130454354721
0.162889647000,-0.022763903032,0.002432106336,-0.128945258365
0.160262394600,-0.022565280094,0.002269950464,-0.129470863821
0.157635142200,-0.022348599378,0.002159848815,-0.128017972462
0.155007889900,-0.022140629168,0.002131074100,-0.107903223326
0.152380637500,-0.022021199578,0.002164778722,-0.120243797822
0.149753385100,-0.021737839907,0.002289505860,-0.188997848823
0.147126132800,-0.021243674274,0.002408994580,-0.214296723014
0.144498880400,-0.020762460474,0.002548088014,-0.217485033732
0.141871628000,-0.020248607637,0.002612357271,-0.190798012537
0.139244375600,-0.019889839599,0.002575163292,-0.137457423840
0.136617123300,-0.019689180822,0.002650350019,-0.072271088401
0.133989870900,-0.019681745753,0.002603011242,-0.007586440931
0.131362618500,-0.019753341447,0.002522400966,0.027891129605
0.128735366200,-0.019966713888,0.002445262579,0.036537713157
0.126108113800,-0.020115919214,0.002349955277,0.048501534707
0.123480861400,-0.020326847269,0.002155446181,0.086318181480
0.120853609000,-0.020629137273,0.001996828951,0.088583397086
0.118226356700,-0.020788284530,0.001960249063,0.082598707047
0.115599104300,-0.020975738339,0.001829917654,0.113999410850
0.112971851900,-0.021281724890,0.001645881341,0.130979517152
0.110344599600,-0.021618177297,0.001563138062,0.111105821250
0.107717347200,-0.021873063813,0.001393122778,0.073421293103
0.105090094800,-0.022020646878,0.001263433206,0.029547577045
0.102462842500,-0.022035735639,0.001193798849,0.032104029282
0.099835590100,-0.022176302529,0.000975746133,0.065963771639
0.097208337700,-0.022280777133,0.000575568268,0.129129755837
0.094581085300,-0.022735127413,0.000292326439,0.257384672645
0.091953833000,-0.023424386960,0.000262196631,0.273995913803
0.089326580600,-0.023969001642,0.000158734452,0.180406981173
0.086699328200,-0.024176927303,0.000011087732,0.089568955451
0.084072075900,-0.024223361956,-0.000154775294,0.034617514211
0.081444823500,-0.024110807209,-0.000326995753,0.023575203866
0.078817571100,-0.024075506036,-0.000349304977,0.029875727126
0.076190318700,-0.024071923437,-0.000204365639,0.048726956242
0.073563066400,-0.024159288266,-0.000025477050,0.075838889353
0.070935814000,-0.024303475994,-0.000005720840,0.071743214307
0.068308561600,-0.024397850606,0.000279409564,0.045753144443
0.065681309300,-0.024397524609,0.000507131850,-0.007965547055
0.063054056900,-0.024305406003,0.000728883965,-0.042951174434
0.060426804500,-0.024221230226,0.000889638330,-0.038352112871
0.057799552100,-0.024152660141,0.000753873010,-0.032785780359
0.055172299800,-0.024143980216,0.000790757136,-0.024096496767
0.052545047400,-0.024253532016,0.000871440335,0.066210163933
0.049917795000,-0.024551970618,0.000830723442,0.087108284092
0.047290542700,-0.024755771475,0.001059150799,0.032041632096
0.044663290300,-0.024818225143,0.001251696796,0.049455236162
0.042036037900,-0.025146523829,0.001216256300,0.166237779954
0.039408785500,-0.025715998739,0.001192205562,0.198998717151
0.036781533200,-0.026107412011,0.001095487832,0.178598219221
0.034154280800,-0.026513314965,0.001118771547,0.184008700485
0.031527028400,-0.026964204517,0.001238103453,0.209688390042
0.028899776100,-0.027414867801,0.001111133849,0.226329850234
0.026272523700,-0.027938502787,0.000959336091,0.224554128393
0.023645271300,-0.028345669190,0.000947439798,0.196602306690
0.021018019000,-0.028757705617,0.001071360217,0.237213968507
0.018390766600,-0.029368538709,0.001149974797,0.232229798498
0.015763514200,-0.029817722889,0.001054967948,0.145229398926
0.013136261800,-0.030102356503,0.001043564077,0.083339577469
0.010509009500,-0.030259757101,0.000949067631,0.045460509591
0.007881757100,-0.030236321593,0.000827591040,-0.046589339013
0.005254504700,-0.029946156698,0.000797772449,-0.276045759949
0.002627252400,-0.028734338954,0.000673239255,-1.165681140773
0.000000000000,-0.023765971811,0.000497746859,-1.882821703478
