0.391460603250,0.052105971176,0.000688648875,-0.455718840456
0.388833350880,0.053356505206,0.000894064672,-0.288907611386
0.386206098510,0.053637356160,0.001132773756,-0.205886235924
0.383578846140,0.054568841529,0.001246053872,-0.459827993022
0.380951593770,0.056233381990,0.001292282894,-0.068881107016
0.378324341400,0.055364816409,0.001303782403,0.106141790415
0.375697089030,0.055827956269,0.001332504629,-0.326366255712
0.373069836660,0.057098730362,0.001406422702,-0.392871191021
0.370442584290,0.057811124571,0.001445670234,-0.401869606136
0.367815331920,0.058989052697,0.001494639770,-0.281342871002
0.365188079550,0.059202021041,0.001626091461,0.102952458191
0.362560827170,0.058455707916,0.001848088267,0.169452237724
0.359933574800,0.058357743783,0.001723509746,-0.143445094095
0.357306322430,0.059322771045,0.001801881633,-0.211498504208
0.354679070060,0.059558669225,0.001858129776,-0.049179946316
0.352051817690,0.059653400810,0.001854190766,-0.032797404171
0.349424565320,0.059752080610,0.001955180477,-0.014511652633
0.346797312950,0.059804515956,0.001977924848,0.036546208413
0.344170060580,0.059665959685,0.001879016991,0.055117769231
0.341542808210,0.059656287604,0.001899147021,0.034019687002
0.338915555840,0.059679185928,0.001901348639,0.042334732812
0.336288303460,0.059650594480,0.001903567488,0.030627566393
0.333661051090,0.059687542329,0.001864867227,0.031840747161
0.331033798720,0.059613117039,0.001767268277,0.031395549904
0.328406546350,0.059626995048,0.001771941369,0.015811737916
0.325779293980,0.059674950820,0.001770349029,0.020235407605
0.323152041610,0.059680469379,0.001722141761,0.029583223294
0.320524789240,0.059676729040,0.001647426511,0.016311654508
0.317897536870,0.059761828804,0.001592021650,-0.000222768400
0.315270284500,0.059779659146,0.001588764876,-0.002234885256
0.312643032100,0.059840668814,0.001602641099,-0.024571715841
0.310015779800,0.059946305764,0.001678148732,-0.007354339770
0.307388527400,0.059979412196,0.001778980019,-0.005242105801
0.304761275000,0.060085070894,0.002118983540,-0.017417001997
0.302134022600,0.060164566609,0.002338873307,-0.028462462771
0.299506770300,0.060274184249,0.002566482619,-0.036290966265
0.296879517900,0.060342287906,0.002686848364,-0.002194699159
0.294252265500,0.060353992506,0.002818263846,0.016259045754
0.291625013200,0.060321927137,0.003004765337,0.013506212585
0.288997760800,0.060285188772,0.003173616442,0.016787626983
0.286370508400,0.060202763924,0.003292394709,0.014204381973
0.283743256000,0.060174506466,0.003336615119,-0.017492215766
0.281116003700,0.060195656570,0.003330852605,-0.013400553495
0.278488751300,0.060159865970,0.003263617551,-0.003772734186
0.275861498900,0.060135222734,0.003259709053,0.025940398321
0.273234246600,0.059975952480,0.003072819246,0.049924621941
0.270606994200,0.059889424756,0.002902066983,-0.005096421446
0.267979741800,0.059958807028,0.002815609510,0.009808976295
0.265352489400,0.059833150018,0.002547623704,0.046238786018
0.262725237100,0.059688519477,0.002237419592,0.055723254825
0.260097984700,0.059530791497,0.001977846038,0.049761809643
0.257470732300,0.059393863606,0.001881741343,0.045903405796
0.254843480000,0.059257431536,0.002085003188,0.040442718433
0.252216227600,0.059165008176,0.002443904924,0.021912728967
0.249588975200,0.059142862503,0.002854100036,0.003345017730
0.246961722900,0.059180852617,0.003132495715,-0.025931731610
0.244334470500,0.059327253886,0.003236293731,-0.063841541607
0.241707218100,0.059523366696,0.003301876130,-0.080844561754
0.239079965700,0.059698233730,0.003307398141,-0.060328217272
0.236452713400,0.059831394678,0.003237190232,-0.055780728089
0.233825461000,0.060001562690,0.003231482327,-0.051407751630
0.231198208600,0.060129224096,0.003195082802,-0.035603460041
0.228570956300,0.060202621439,0.003129204530,-0.026012335142
0.225943703900,0.060294575067,0.002990528457,-0.031700993199
0.223316451500,0.060407833574,0.002947677174,-0.011558954437
0.220689199100,0.060417260605,0.003004470110,-0.015650309976
0.218061946800,0.060567256735,0.003020776913,-0.053800689370
0.215434694400,0.060727103002,0.003089428008,-0.011487545042
0.212807442000,0.060651709739,0.003056261637,0.092599645869
0.210180189700,0.060271652019,0.002841798300,0.166073659989
0.207552937300,0.059808337183,0.002562902674,0.128043947042
0.204925684900,0.059640706948,0.002413463145,0.055349357011
0.202298432500,0.059546549537,0.002435127287,0.055009207352
0.199671180200,0.059403124956,0.002335643850,0.056832653541
0.197043927800,0.059268166025,0.002314541310,0.048701361078
0.194416675400,0.059137280171,0.002320537092,0.060531239860
0.191789423100,0.058978294927,0.002365646614,0.049111815091
0.189162170700,0.058897746328,0.002389085457,0.017919334444
0.186534918300,0.058944798213,0.002239737737,-0.003910511302
0.183907666000,0.058923385236,0.002222189601,0.000216131225
0.181280413600,0.058846389531,0.002335391149,0.038865760174
0.178653161200,0.058721345541,0.002355902846,0.063837298022
0.176025908800,0.058569596679,0.002343367712,0.035624502649
0.173398656500,0.058528851957,0.002488679386,0.044106771988
0.170771404100,0.058321670001,0.002583651145,0.077391269312
0.168144151700,0.058180030635,0.002519818266,0.033961091731
0.165516899400,0.058174766070,0.002462973940,0.019484285996
0.162889647000,0.058099737162,0.002454323642,0.080086279146
0.160262394600,0.057878631475,0.002358475910,0.129044411571
0.157635142200,0.057555853726,0.002200688410,0.149121288538
0.155007889900,0.057137549963,0.002005697512,0.182634555636
0.152380637500,0.056716472159,0.001736502034,0.153552720299
0.149753385100,0.056452828369,0.001492304459,0.089913312919
0.147126132800,0.056291445113,0.001268973256,0.057606347091
0.144498880400,0.056161509851,0.001016516640,0.047853610434
0.141871628000,0.056049292579,0.000743559481,0.076912211197
0.139244375600,0.055776674986,0.000471219776,0.152563242093
0.136617123300,0.055280518389,0.000273664406,0.172391918782
0.133989870900,0.054905924627,0.000042328874,0.087632141269
0.131362618500,0.054864712598,-0.000146611843,-0.065494633093
0.128735366200,0.055392703825,-0.000219824986,-0.155560397272
0.126108113800,0.055964384420,-0.000298401204,-0.077221900444
0.123480861400,0.056064494019,-0.000334835579,0.050565611818
0.120853609000,0.055979172807,-0.000223569760,0.051239090101
0.118226356700,0.056028745225,-0.000225604406,-0.006462884255
0.115599104300,0.056148837165,-0.000301618770,-0.011997601791
0.112971851900,0.056205545364,-0.000221400075,0.020319333527
0.110344599600,0.056133546636,-0.000149915992,0.045398464006
0.107717347200,0.056107828019,-0.000138140985,0.066995911883
0.105090094800,0.055915648995,-0.000154606975,0.107638878283
0.102462842500,0.055620964924,-0.000051749772,0.179259973147
0.099835590100,0.055105347862,0.000032337903,0.262332959071
0.097208337700,0.054531828521,0.000088759410,0.208346482028
0.094581085300,0.054322932220,0.000190083651,0.131416029528
0.091953833000,0.054199604111,0.000523230476,0.129368585191
0.089326580600,0.054085089652,0.000830084092,0.142274883461
0.086699328200,0.053880830321,0.000939934705,0.162821068267
0.084072075900,0.053586987405,0.001107334521,0.123559056536
0.081444823500,0.053579529769,0.001194293719,0.149022204857
0.078817571100,0.053212892772,0.001155173527,0.195543125502
0.076190318700,0.052876502717,0.001231128375,0.177844319864
0.073563066400,0.052626704000,0.001236843001,0.145428505142
0.070935814000,0.052418591807,0.001196795517,0.146873049940
0.068308561600,0.052150422790,0.001352124696,0.171221820856
0.065681309300,0.051824524182,0.001411163951,0.137474131999
0.063054056900,0.051873296280,0.001512450691,0.052010877081
0.060426804500,0.051954052888,0.001514207596,0.070096007766
0.057799552100,0.051916997615,0.001516453791,0.082302013746
0.055172299800,0.051970278298,0.001450353397,0.059306748140
0.052545047400,0.051930930287,0.001283311932,0.045247447212
0.049917795000,0.051927945234,0.001318074893,0.045220583000
0.047290542700,0.051839611451,0.001207934350,0.068106828133
0.044663290300,0.051660715390,0.001049018426,0.067085579870
0.042036037900,0.051579906378,0.001067921443,0.061811865741
0.039408785500,0.051427494614,0.000979392961,0.043291548582
0.036781533200,0.051378518755,0.000959268610,0.049233455893
0.034154280800,0.051215319318,0.000980859037,0.110212313018
0.031527028400,0.050860835949,0.000706517945,0.163687432913
0.028899776100,0.050406661283,0.000628486412,0.174240219898
0.026272523700,0.050000137636,0.000474768696,0.165063030486
0.023645271300,0.049565592651,0.000195046361,0.187344234427
0.021018019000,0.049055917605,0.000293076868,0.149875432134
0.018390766600,0.048805832146,0.000504327822,0.066343285954
0.015763514200,0.048747838580,0.000574927813,0.033440027079
0.013136261800,0.048644529898,0.000550575335,-0.003271877599
0.010509009500,0.048774998142,0.000478511315,-0.109263487693
0.007881757100,0.049193488201,0.000406876030,-0.212313353929
0.005254504700,0.049836286047,0.000411041414,-0.175515563337
0.002627252400,0.050059621216,0.000273308282,1.603606968460
0.000000000000,0.041403529099,0.000131506954,3.294086430006
