0.391460603250,-0.038687330065,-0.000063603860,0.392516934354
0.388833350880,-0.039745424650,0.000509087044,0.160713385999
0.386206098510,-0.039649284107,0.000402920522,-0.107728439364
0.383578846140,-0.039286154606,0.000473090598,-0.079351200671
0.380951593770,-0.039321644432,0.000486887591,0.193161621983
0.378324341400,-0.040331304732,0.000516094386,0.302645104113
0.375697089030,-0.040986019292,0.000464907282,0.136977006522
0.373069836660,-0.041121869030,0.000400907237,0.029395612293
0.370442584290,-0.041192835027,0.000295384410,0.005272160635
0.367815331920,-0.041221025327,0.000214409571,-0.001520339889
0.365188079550,-0.041213844589,0.000176749686,0.008287086831
0.362560827170,-0.041292663275,0.000103505437,0.011022881755
0.359933574800,-0.041273601074,0.000197731165,-0.023667090370
0.357306322430,-0.041181766267,0.000277418726,-0.030156770063
0.354679070060,-0.041103948829,0.000327443801,-0.018042598612
0.352051817690,-0.041089257701,0.000441342697,-0.017291171833
0.349424565320,-0.040934870934,0.000623141040,-0.043996644714
0.346797312950,-0.040788928396,0.000767508831,-0.052729434910
0.344170060580,-0.040586260342,0.000946761526,-0.039885059929
0.341542808210,-0.040528135602,0.001062198045,-0.000446683449
0.338915555840,-0.040497378891,0.001138642384,0.023519746864
0.336288303460,-0.040517430996,0.001180500354,0.042720160548
0.333661051090,-0.040523798677,0.001213457206,0.019431658398
0.331033798720,-0.040460548254,0.001116639038,0.036466074641
0.328406546350,-0.040506159751,0.001154839475,0.013810758063
0.325779293980,-0.040470065677,0.001205592274,-0.028720732440
0.323152041610,-0.040287587363,0.001078498506,-0.019454670817
0.320524789240,-0.040203948520,0.001037331854,0.010023200273
0.317897536870,-0.040126110099,0.001265676341,-0.018315276578
0.315270284500,-0.040003798363,0.001406355969,-0.163461619092
0.312643032100,-0.039163384795,0.001683076532,-0.041640309711
0.310015779800,-0.039966518614,0.001867454460,0.131645657877
0.307388527400,-0.039881937811,0.002113573421,-0.037760112722
0.304761275000,-0.039861286527,0.002272167212,-0.047411596198
0.302134022600,-0.039767126294,0.002661652400,-0.058202030835
0.299506770300,-0.039706184412,0.003056243275,-0.040546540682
0.296879517900,-0.039691483661,0.003271634319,-0.028376656533
0.294252265500,-0.039719878785,0.003433028871,-0.036092792048
0.291625013200,-0.039694405321,0.003627837061,-0.038859751198
0.288997760800,-0.039709426759,0.003782606101,0.002027168503
0.286370508400,-0.039808645198,0.003940899897,0.033439777064
0.283743256000,-0.039884323373,0.003983378149,0.024893138094
0.281116003700,-0.039923825146,0.003955924917,0.021213235843
0.278488751300,-0.039929298272,0.003958509672,0.012618394800
0.275861498900,-0.039952647515,0.003853496463,0.027950393745
0.273234246600,-0.040013414473,0.003673443651,0.047048960390
0.270606994200,-0.040048113447,0.003632080147,0.047250015787
0.267979741800,-0.040084643758,0.003514296973,0.057798608211
0.265352489400,-0.040206071017,0.003272196757,0.074430881975
0.262725237100,-0.040340767900,0.003099959379,0.078773549742
0.260097984700,-0.040497962426,0.002969916888,0.074747555233
0.257470732300,-0.040604153445,0.002816415028,0.083137574505
0.254843480000,-0.040837917226,0.002633347191,0.116617338352
0.252216227600,-0.041129916687,0.002533541116,0.062063973191
0.249588975200,-0.041204071063,0.002563781556,0.012757374770
0.246961722900,-0.041264233908,0.002683520005,0.005255854832
0.244334470500,-0.041251976177,0.002901695369,-0.020372449394
0.241707218100,-0.041169105942,0.003232739718,-0.016455218689
0.239079965700,-0.041156713572,0.003421992481,-0.011713113663
0.236452713400,-0.041109494956,0.003558193213,-0.022905294369
0.233825461000,-0.040995449003,0.003648727976,-0.043104110432
0.231198208600,-0.040825033963,0.003600988282,-0.067525997388
0.228570956300,-0.040564940674,0.003525549427,-0.054633463739
0.225943703900,-0.040476341147,0.003474273102,-0.003612881105
0.223316451500,-0.040535238390,0.003353774646,0.032803280190
0.220689199100,-0.040636885737,0.003343058027,0.016749076394
0.218061946800,-0.040620771682,0.003251579925,-0.046977149195
0.215434694400,-0.040443079474,0.003191957457,-0.053951417934
0.212807442000,-0.040413215302,0.003200351909,0.010253634848
0.210180189700,-0.040581996084,0.003143440896,0.093419937200
0.207552937300,-0.040945760065,0.002925725300,0.138333511113
0.204925684900,-0.041332591499,0.002684764326,0.110228717136
0.202298432500,-0.041556582681,0.002568191874,0.066581053254
0.199671180200,-0.041716079998,0.002618232086,0.026896189543
0.197043927800,-0.041728449329,0.002639785585,-0.022011889913
0.194416675400,-0.041631795913,0.002696329266,-0.047022931023
0.191789423100,-0.041516356824,0.002665150445,-0.036244370789
0.189162170700,-0.041455468852,0.002625055602,-0.005295478356
0.186534918300,-0.041506335844,0.002556327173,0.027786701579
0.183907666000,-0.041608772401,0.002676714884,0.031785562424
0.181280413600,-0.041681168977,0.002811226235,0.030881528527
0.178653161200,-0.041760639571,0.002885765192,0.035097466664
0.176025908800,-0.041870484283,0.003048862032,0.023767224804
0.173398656500,-0.041897650897,0.003257957133,0.021922798242
0.170771404100,-0.041990816063,0.003467819419,0.021493092003
0.168144151700,-0.041993428871,0.003567697884,0.043873086741
0.165516899400,-0.042073947740,0.003548539169,0.073664501627
0.162889647000,-0.042293608343,0.003433577581,0.090912167524
0.160262394600,-0.042473418279,0.003284671936,0.081137918121
0.157635142200,-0.042645005067,0.003170373810,0.103738588216
0.155007889900,-0.042961919685,0.003040005759,0.156211591691
0.152380637500,-0.043458536825,0.002903419274,0.160390916295
0.149753385100,-0.043815547983,0.002837028303,0.098031845931
0.147126132800,-0.044032306558,0.002624450601,0.089253614271
0.144498880400,-0.044269058502,0.002477235375,0.091821547171
0.141871628000,-0.044435128159,0.002313413559,0.079637465686
0.139244375600,-0.044628268727,0.002222548486,0.099782133471
0.136617123300,-0.044946042883,0.002195653154,0.097541685221
0.133989870900,-0.045154832393,0.002055109592,0.064204153325
0.131362618500,-0.045299456355,0.001853625308,0.002766864029
0.128735366200,-0.045127739361,0.001705114300,-0.057199304192
0.126108113800,-0.044989357256,0.001628639366,-0.090434052839
0.123480861400,-0.044607166955,0.001636432675,-0.165163777658
0.120853609000,-0.044153952706,0.001674897882,-0.181272895675
0.118226356700,-0.043628469957,0.001671208879,-0.208337295849
0.115599104300,-0.043092404433,0.001629004991,-0.220692636484
0.112971851900,-0.042585599811,0.001758627391,-0.145620878696
0.110344599600,-0.042352841990,0.001737400873,-0.040875249260
0.107717347200,-0.042375426811,0.001674285156,0.005127845509
0.105090094800,-0.042400270683,0.001723124062,0.025960552810
0.102462842500,-0.042516313442,0.001772859082,0.069254344943
0.099835590100,-0.042827396735,0.001903471250,0.127728610151
0.097208337700,-0.043279279466,0.002049268515,0.165452997943
0.094581085300,-0.043770616300,0.002086853386,0.116111243828
0.091953833000,-0.043984420766,0.002094170408,-0.018584497784
0.089326580600,-0.043849129280,0.002053305497,-0.053039308506
0.086699328200,-0.043849445591,0.002239305516,0.033218279102
0.084072075900,-0.044018848924,0.002335556825,0.074383427772
0.081444823500,-0.044225888845,0.002471954408,0.108778979398
0.078817571100,-0.044521147635,0.002574802986,0.173279346292
0.076190318700,-0.045054912270,0.002551436672,0.210054541967
0.073563066400,-0.045453566291,0.002565104107,0.206981742715
0.070935814000,-0.045922905711,0.002657994628,0.223084173360
0.068308561600,-0.046353605658,0.002785468549,0.227528759331
0.065681309300,-0.046829094068,0.002838759444,0.232736663672
0.063054056900,-0.047403289048,0.002783734557,0.241073060522
0.060426804500,-0.047993583563,0.002768750847,0.253187038789
0.057799552100,-0.048555100779,0.002759440123,0.189695616571
0.055172299800,-0.048782213011,0.002746850611,0.108758227890
0.052545047400,-0.048901263813,0.002585503010,0.065421725740
0.049917795000,-0.048959879167,0.002479573300,0.061921421340
0.047290542700,-0.049090439181,0.002561444688,0.075523037076
0.044663290300,-0.049217807610,0.002549364195,0.063440915670
0.042036037900,-0.049285312861,0.002533209272,0.061589156298
0.039408785500,-0.049394860178,0.002550022687,0.068731754735
0.036781533200,-0.049501399863,0.002497313864,0.078797928239
0.034154280800,-0.049700023392,0.002443626383,0.081088162505
0.031527028400,-0.049866411691,0.002336690681,0.111522593456
0.028899776100,-0.050198754791,0.002183517128,0.137773591304
0.026272523700,-0.050478135935,0.002119700255,0.166924482993
0.023645271300,-0.050901021137,0.002096067575,-0.020031617152
0.021018019000,-0.050341521409,0.002212158859,0.074330870528
0.018390766600,-0.051369878488,0.002306068458,0.200408454250
0.015763514200,-0.051395168836,0.002277842236,-0.020237926574
0.013136261800,-0.051379196072,0.002139307915,-0.039580901823
0.010509009500,-0.051280992942,0.002069572161,-0.070781841064
0.007881757100,-0.051005796852,0.002105275768,-0.080734521925
0.005254504700,-0.050807895353,0.001929785052,-0.161998977048
0.002627252400,-0.050110348861,0.001583656183,-1.232735929094
0.000000000000,-0.044362617978,0.001310754458,-2.169573201150
