0.391460603250,0.054899466508,0.001095818173,-0.139285083235
0.388833350880,0.055469908155,0.001084428492,-0.455267125641
0.386206098510,0.057285105350,0.001134091116,-0.079574407550
0.383578846140,0.055887949777,0.001208082107,0.638558543319
0.380951593770,0.053696096364,0.001629375056,0.167966505715
0.378324341400,0.054693821323,0.001365300121,-0.248387807552
0.375697089030,0.054935434977,0.001374726913,0.063719269539
0.373069836660,0.054312641008,0.001368700890,0.156258007006
0.370442584290,0.054146233615,0.001137022230,0.445836816887
0.367815331920,0.052106173376,0.000947587547,-0.200268224137
0.365188079550,0.055366601957,0.001254738107,-0.623128462012
0.362560827170,0.055552832274,0.001209703387,-0.035337983811
0.359933574800,0.055781714955,0.001199467276,-0.037116422624
0.357306322430,0.055969607899,0.001223614115,-0.041013554914
0.354679070060,0.056232198078,0.001336765764,-0.052206070369
0.352051817690,0.056509770515,0.001518368932,-0.066973533556
0.349424565320,0.056848305289,0.001562928281,-0.082852122970
0.346797312950,0.057216627227,0.001512515992,-0.089956171343
0.344170060580,0.057547289193,0.001474496563,-0.092846962276
0.341542808210,0.057994065826,0.001481366302,-0.153602292631
0.338915555840,0.058584569400,0.001532844505,-0.210021291681
0.336288303460,0.059244112923,0.001581012787,-0.212494652772
0.333661051090,0.059818952702,0.001569587123,-0.143219817791
0.331033798720,0.060095904967,0.001530471278,-0.048307463064
0.328406546350,0.060255819219,0.001399316648,-0.026812791627
0.325779293980,0.060373602713,0.001368720778,-0.009923683983
0.323152041610,0.060440065546,0.001437638246,-0.000510791320
0.320524789240,0.060453763445,0.001477782820,0.012432541129
0.317897536870,0.060465817598,0.001470928520,0.015259571950
0.315270284500,0.060488908030,0.001457103161,0.008232386974
0.312643032100,0.060505578433,0.001425319058,0.004275906400
0.310015779800,0.060516915622,0.001431956322,0.000187651926
0.307388527400,0.060533164355,0.001437475479,-0.010081384690
0.304761275000,0.060603047181,0.001372652651,-0.000564219922
0.302134022600,0.060602825796,0.001248562968,-0.011215551843
0.299506770300,0.060693707618,0.001226119248,-0.025169950836
0.296879517900,0.060739264952,0.001266901610,0.001686579781
0.294252265500,0.060705079961,0.001245499908,0.013811739511
0.291625013200,0.060688853532,0.001198127665,-0.003919281696
0.288997760800,0.060696976198,0.001267209662,-0.019574338514
0.286370508400,0.060723776198,0.001449174084,-0.031267320974
0.283743256000,0.060760990184,0.001616581023,-0.013327744225
0.281116003700,0.060716446109,0.001813261896,0.015597567128
0.278488751300,0.060703160602,0.001964283838,-0.015755572105
0.275861498900,0.060811339804,0.002093471704,-0.032618982519
0.273234246600,0.060860944998,0.002210404421,-0.019470209511
0.270606994200,0.060907201537,0.002341896686,-0.045831608007
0.267979741800,0.061040702839,0.002559721307,-0.049998828237
0.265352489400,0.061128530522,0.002720821312,-0.039882990080
0.262725237100,0.061239600518,0.002783701227,-0.075142760605
0.260097984700,0.061466675099,0.002777901185,-0.083608145628
0.257470732300,0.061578844338,0.002931461839,-0.055678635470
0.254843480000,0.061691756699,0.003105256313,-0.022865263559
0.252216227600,0.061708539247,0.003214676497,0.006666025323
0.249588975200,0.061691645717,0.003310909690,0.028341090572
0.246961722900,0.061607767436,0.003323253825,0.049778919554
0.244334470500,0.061491857868,0.003398167395,0.076588726976
0.241707218100,0.061306367665,0.003596779142,0.146905319112
0.239079965700,0.060888633133,0.003773657639,0.191584048680
0.236452713400,0.060454258855,0.003940264860,0.206965382180
0.233825461000,0.059919850694,0.004088743658,0.216647536413
0.231198208600,0.059394839196,0.004179744616,0.172748904932
0.228570956300,0.059117354137,0.004323528235,0.114670330412
0.225943703900,0.058970457518,0.004452686309,0.064638964695
0.223316451500,0.058951729877,0.004461635169,0.013052660332
0.220689199100,0.058965294737,0.004345508228,0.016846188645
0.218061946800,0.058951292945,0.004256824994,0.022452029923
0.215434694400,0.058947773438,0.004169790574,0.008877441256
0.212807442000,0.058974090715,0.004016338698,0.044689790804
0.210180189700,0.058768325817,0.003721818666,0.076816055012
0.207552937300,0.058574514517,0.003465405233,0.079508879068
0.204925684900,0.058391866680,0.003190251155,0.091668337125
0.202298432500,0.058126802185,0.002832618499,0.125706980694
0.199671180200,0.057772682306,0.002489947393,0.186306721823
0.197043927800,0.057247906031,0.002238185396,0.226268529220
0.194416675400,0.056746727043,0.002065751407,0.198526866388
0.191789423100,0.056394530179,0.001813894404,0.185983017767
0.189162170700,0.055952944107,0.001565531196,0.167458778380
0.186534918300,0.055739663470,0.001291883286,0.135507149945
0.183907666000,0.055465953712,0.000985190614,0.156420824225
0.181280413600,0.055152158194,0.000581182769,0.156135363329
0.178653161200,0.054885716349,0.000265805609,0.127683398267
0.176025908800,0.054740951391,0.000053618019,0.077151578256
0.173398656500,0.054761402179,-0.000075404517,0.025907330954
0.170771404100,0.054809302125,-0.000242697470,-0.000818736997
0.168144151700,0.054905998782,-0.000475809563,-0.004879319373
0.165516899400,0.054976239504,-0.000684909720,0.004360664547
0.162889647000,0.055023005168,-0.000849974377,0.014540141557
0.160262394600,0.055033875152,-0.000891589547,0.040960682705
0.157635142200,0.054955978472,-0.000985449754,0.063502899785
0.155007889900,0.054880046566,-0.001025759091,0.096552101631
0.152380637500,0.054624521866,-0.001135749868,0.153436213783
0.149753385100,0.054178525399,-0.001101142707,0.119604876400
0.147126132800,0.054091724863,-0.001198689441,0.068210272463
0.144498880400,0.053884753179,-0.001230893537,0.065692420708
0.141871628000,0.053801151590,-0.001205496863,0.019269297092
0.139244375600,0.053779805465,-0.001181639998,0.013827553028
0.136617123300,0.053679384770,-0.001104882515,0.024013206855
0.133989870900,0.053558799007,-0.000986373396,0.028256791832
0.131362618500,0.053445118523,-0.000957791203,0.080041934477
0.128735366200,0.053089258439,-0.000937444641,0.094410854883
0.126108113800,0.052855298370,-0.000976087572,0.077028802762
0.123480861400,0.052608327926,-0.000992139028,0.077746152538
0.120853609000,0.052425680645,-0.000852308642,0.081090011366
0.118226356700,0.052142847177,-0.000503274113,0.127123163849
0.115599104300,0.051745065408,-0.000096167505,0.122346979203
0.112971851900,0.051511703446,0.000370285440,0.114303272859
0.110344599600,0.051182670370,0.000610250966,0.157771753114
0.107717347200,0.050729979094,0.000751133586,0.112284285637
0.105090094800,0.050641623724,0.001107016231,0.024902956558
0.102462842500,0.050728008170,0.001487996451,-0.054880381669
0.099835590100,0.051109500668,0.001798337511,-0.154304198908
0.097208337700,0.051732843968,0.002006540839,-0.196811609244
0.094581085300,0.052354193208,0.001858096702,-0.175227827809
0.091953833000,0.052815086161,0.001661952206,-0.106046922352
0.089326580600,0.053048908062,0.001532059069,-0.004560570632
0.086699328200,0.052979280642,0.001425311958,0.071640468130
0.084072075900,0.052866579893,0.001279338655,0.073084633338
0.081444823500,0.052766533404,0.001092804967,0.121466584538
0.078817571100,0.052397654681,0.001149556914,0.156937155308
0.076190318700,0.052070850390,0.001100204259,0.098908286630
0.073563066400,0.051982551332,0.001114680238,0.043956482291
0.070935814000,0.051931212143,0.001194210751,0.058966864792
0.068308561600,0.051794256858,0.001237944343,0.034899707536
0.065681309300,0.051878819337,0.001334253183,-0.018511493874
0.063054056900,0.051984125080,0.001484691835,-0.005569604742
0.060426804500,0.051954629494,0.001727002918,0.017245808904
0.057799552100,0.051905616517,0.001887105674,0.046763845502
0.055172299800,0.051808024971,0.001955682817,0.080293165448
0.052545047400,0.051625709351,0.002053100702,0.098357509702
0.049917795000,0.051420037563,0.002210100366,0.043977714857
0.047290542700,0.051449626537,0.002364579361,0.074945003182
0.044663290300,0.051167502914,0.002378675653,0.131578508641
0.042036037900,0.050921344041,0.002246086703,0.115376811329
0.039408785500,0.050762444141,0.002111686173,0.103994530834
0.036781533200,0.050485936849,0.002010614834,0.108593658019
0.034154280800,0.050325830045,0.002106293640,0.091978018175
0.031527028400,0.050213167440,0.002042674398,0.091759083245
0.028899776100,0.050029165213,0.001985188687,0.123994582469
0.026272523700,0.049735328402,0.001920558767,0.216746475286
0.023645271300,0.049019248589,0.001850019086,0.409567820125
0.021018019000,0.047715856611,0.001820421630,0.223268245883
0.018390766600,0.048122474045,0.001792885593,0.017312677068
0.015763514200,0.047711928940,0.001693752684,0.118067809618
0.013136261800,0.047601303811,0.001622524198,0.007203281115
0.010509009500,0.047712901957,0.001418476883,-0.051884168377
0.007881757100,0.047895770142,0.001169694704,-0.131182756673
0.005254504700,0.048393217254,0.000939022574,-0.156166339700
0.002627252400,0.048672091008,0.000666905880,2.146269861660
0.000000000000,0.037111868478,0.000176586308,4.413146226483
