0.391460603250,-0.042416684907,0.000044708363,-0.162603335058
0.388833350880,-0.042187842514,-0.000161756295,0.207838432587
0.386206098510,-0.043425374962,0.000097868474,0.067976195351
0.383578846140,-0.042562661690,0.000082537317,-0.038568533533
0.380951593770,-0.043116566974,0.000155257990,0.328581008722
0.378324341400,-0.044180250356,0.000319234198,0.406099374241
0.375697089030,-0.045177729068,0.000387462705,-0.025790898521
0.373069836660,-0.043977258213,0.000325742239,-0.008941155274
0.370442584290,-0.044996657326,0.000197112454,0.284997831963
0.367815331920,-0.045236367797,0.000087703116,0.128373149629
0.365188079550,-0.045366034622,0.000093109778,0.245968475138
0.362560827170,-0.046404805977,0.000087354498,0.246606916246
0.359933574800,-0.046551459178,0.000054572952,0.024824996552
0.357306322430,-0.046523633236,0.000013283355,-0.035832827233
0.354679070060,-0.046405725035,-0.000063793169,-0.050393293720
0.352051817690,-0.046210757050,-0.000079203949,-0.079647956636
0.349424565320,-0.045896232045,0.000057063508,-0.085996799798
0.346797312950,-0.045685584956,0.000106524369,-0.042248025290
0.344170060580,-0.045532620832,0.000100719770,0.003551181395
0.341542808210,-0.045437278013,0.000263724131,0.027491063778
0.338915555840,-0.045410608039,0.000514461699,-0.024292368104
0.336288303460,-0.045217622093,0.000651951991,-0.118008807827
0.333661051090,-0.044847727869,0.000708889493,-0.088938424475
0.331033798720,-0.044788356265,0.000893616322,-0.011415841972
0.328406546350,-0.044809103423,0.001115513489,-0.000287920559
0.325779293980,-0.044805174112,0.001378646902,-0.004871583144
0.323152041610,-0.044852619950,0.001676690823,-0.215211885325
0.320524789240,-0.043758388826,0.001698302973,0.060816853844
0.317897536870,-0.044805496162,0.002058395049,0.153604505074
0.315270284500,-0.044745700178,0.002218253809,-0.073360796451
0.312643032100,-0.044671868150,0.002405597456,-0.058756589844
0.310015779800,-0.044608517556,0.002528574149,-0.060698244668
0.307388527400,-0.044428407631,0.002679170197,-0.081825009954
0.304761275000,-0.044249282989,0.002785844491,-0.069873708870
0.302134022600,-0.044172501333,0.002796099924,-0.046595374405
0.299506770300,-0.044067841964,0.002796332050,-0.039215353479
0.296879517900,-0.044010672657,0.002897497367,-0.039371473191
0.294252265500,-0.043861789661,0.002887493219,-0.061103198275
0.291625013200,-0.043710401081,0.002759283184,-0.048385099846
0.288997760800,-0.043642844148,0.002692111830,-0.038199823674
0.286370508400,-0.043546513021,0.002643577954,-0.045103986843
0.283743256000,-0.043541112182,0.002522695812,-0.004983686930
0.281116003700,-0.043565656018,0.002357119133,0.013713900492
0.278488751300,-0.043568975264,0.002231621193,0.041591566528
0.275861498900,-0.043687811196,0.002199786808,0.072942847446
0.273234246600,-0.043960446600,0.002182070312,0.082255371619
0.270606994200,-0.044150407659,0.002231703897,0.075476585913
0.267979741800,-0.044348301370,0.002520653978,0.064896667654
0.265352489400,-0.044551702775,0.002776097484,0.043117963805
0.262725237100,-0.044599618286,0.003061978499,0.021718527666
0.260097984700,-0.044633181396,0.003323953579,0.008218488023
0.257470732300,-0.044614855239,0.003534505253,-0.012560053729
0.254843480000,-0.044576170311,0.003542723621,-0.001493482404
0.252216227600,-0.044580725895,0.003522840048,-0.013339265511
0.249588975200,-0.044490809462,0.003647628954,-0.042029667758
0.246961722900,-0.044328576844,0.003651344231,-0.034932918900
0.244334470500,-0.044259966690,0.003619275338,-0.014842431018
0.241707218100,-0.044213170713,0.003645348176,-0.010284990394
0.239079965700,-0.044189023869,0.003672696953,0.001902281376
0.236452713400,-0.044219119738,0.003695796205,-0.000114951449
0.233825461000,-0.044181314222,0.003691636972,0.014735786758
0.231198208600,-0.044250704868,0.003677031404,0.041164681122
0.228570956300,-0.044311207538,0.003673511439,0.010812968597
0.225943703900,-0.044161043429,0.003681964104,-0.029549113604
0.223316451500,-0.043993952081,0.003743148704,0.004504748530
0.220689199100,-0.044077012699,0.003714406204,0.103320113762
0.218061946800,-0.044396719077,0.003701301883,0.157593991823
0.215434694400,-0.044753148849,0.003678749928,0.167900112723
0.212807442000,-0.045138857297,0.003649453545,0.156334417252
0.210180189700,-0.045515566608,0.003581165767,0.115110840017
0.207552937300,-0.045693567548,0.003509666832,0.067295246107
0.204925684900,-0.045784755142,0.003547961164,0.031121970129
0.202298432500,-0.045820690566,0.003659704659,0.021578474251
0.199671180200,-0.045880804361,0.003725720371,0.056080361710
0.197043927800,-0.046079277402,0.003796913588,0.107133297159
0.194416675400,-0.046355169197,0.003882053195,0.120935370042
0.191789423100,-0.046599897684,0.003914568942,0.095240505484
0.189162170700,-0.046818367844,0.003816137046,0.058226833890
0.186534918300,-0.046916413753,0.003652455562,0.029953484965
0.183907666000,-0.046995910973,0.003535280882,0.060103424611
0.181280413600,-0.047220997641,0.003378873668,0.103552223785
0.178653161200,-0.047487771152,0.003143236932,0.106708066882
0.176025908800,-0.047648340404,0.002985736774,0.073280457727
0.173398656500,-0.047784607538,0.002793020961,0.054176204882
0.170771404100,-0.047872139520,0.002696177631,0.041268072084
0.168144151700,-0.047923989397,0.002483902421,0.099932226587
0.165516899400,-0.048291600919,0.002227723373,0.159399134553
0.162889647000,-0.048652569807,0.002029855704,0.112335197752
0.160262394600,-0.048766068191,0.001829116928,0.051299247236
0.157635142200,-0.048807671135,0.001600929389,0.044289061055
0.155007889900,-0.048921133656,0.001398294347,0.051617672975
0.152380637500,-0.049033611042,0.001302674914,0.055511345087
0.149753385100,-0.049188730069,0.001235331661,0.034590119124
0.147126132800,-0.049273319565,0.001318772734,-0.050994517679
0.144498880400,-0.048989223247,0.001262942609,-0.142560376158
0.141871628000,-0.048656101378,0.001297609884,-0.110434180941
0.139244375600,-0.048591703864,0.001296919556,-0.058947816329
0.136617123300,-0.048541186493,0.001230098241,-0.060227848798
0.133989870900,-0.048581969188,0.001338095282,-0.016580347902
0.131362618500,-0.048641266725,0.001482301252,-0.050722464217
0.128735366200,-0.048600788602,0.001630167670,-0.111506587026
0.126108113800,-0.048413657233,0.001831252785,-0.167037277605
0.123480861400,-0.048010913621,0.002034105645,-0.214356491702
0.120853609000,-0.047570417864,0.002104158340,-0.195246181391
0.118226356700,-0.047251665160,0.002042446194,-0.199585748476
0.115599104300,-0.046733182545,0.001916564146,-0.184913127227
0.112971851900,-0.046411465930,0.001791511925,-0.075132664494
0.110344599600,-0.046464045037,0.001668239340,0.057227747739
0.107717347200,-0.046796130047,0.001524182742,0.135555936276
0.105090094800,-0.047205318089,0.001528130728,0.139768964181
0.102462842500,-0.047529012404,0.001661779943,0.113108352710
0.099835590100,-0.047823486574,0.001826806241,0.123759202624
0.097208337700,-0.048228081169,0.001726724044,0.104984070450
0.094581085300,-0.048438674445,0.001788866720,0.049576722785
0.091953833000,-0.048536918865,0.001760350152,0.048074406194
0.089326580600,-0.048768645829,0.001928127521,0.097000183576
0.086699328200,-0.049092240691,0.002081059463,0.137002250067
0.084072075900,-0.049494666805,0.002138719239,0.155597661322
0.081444823500,-0.049889266408,0.002160452348,0.152166028471
0.078817571100,-0.050236371377,0.002106194224,0.166920314471
0.076190318700,-0.050724184878,0.002167891487,0.135503318072
0.073563066400,-0.050914304932,0.002179129092,0.091564262963
0.070935814000,-0.051158377444,0.002164986544,0.113726732980
0.068308561600,-0.051428746977,0.002165230945,0.048560470613
0.065681309300,-0.051389414020,0.002152368859,0.001213854986
0.063054056900,-0.051586485425,0.002160315877,0.065707764181
0.060426804500,-0.051831701353,0.002353888547,0.108202005651
0.057799552100,-0.052205553355,0.002361486476,0.125530581351
0.055172299800,-0.052517444057,0.002393438967,0.081511032210
0.052545047400,-0.052576576430,0.002496784424,0.030000958575
0.049917795000,-0.052573188946,0.002512230258,-0.022840790656
0.047290542700,-0.052438408309,0.002412422443,-0.073100784720
0.044663290300,-0.052237332109,0.002337359685,-0.069384792752
0.042036037900,-0.052153492249,0.002191301989,-0.048156155696
0.039408785500,-0.051988650673,0.001938325928,0.002072710901
0.036781533200,-0.052073258584,0.001901698069,0.098960758945
0.034154280800,-0.052457046916,0.001888584164,0.172355860924
0.031527028400,-0.052928979201,0.001860293465,0.183441194324
0.028899776100,-0.053364584752,0.001738666340,0.185630917768
0.026272523700,-0.053869009983,0.001799014964,0.188181785114
0.023645271300,-0.054358641362,0.001843615842,0.185270766870
0.021018019000,-0.054817687763,0.001855228372,0.159355443743
0.018390766600,-0.055069159091,0.001967184669,0.053849335789
0.015763514200,-0.055047905381,0.001916916506,0.020289733120
0.013136261800,-0.055138365339,0.001850196424,0.051520246970
0.010509009500,-0.055292734189,0.001775199460,0.009951637297
0.007881757100,-0.055184603826,0.001646364076,-0.019147433365
0.005254504700,-0.055129600767,0.001578148918,-0.097850362384
0.002627252400,-0.054544885998,0.001354592579,-1.252246026623
0.000000000000,-0.048341290053,0.000926939994,-2.368516325932
