0.391460603250,-0.053200404109,-0.000327271316,0.273914845446
0.388833350880,-0.053843912235,-0.000140947651,0.409749430907
0.386206098510,-0.055280149781,0.000003941642,0.132610720686
0.383578846140,-0.054487053945,0.000230862040,-0.201004314321
0.380951593770,-0.054225055663,0.000472757384,0.369120941398
0.378324341400,-0.056443464294,0.000667495079,0.543366161884
0.375697089030,-0.057099423346,0.000710817566,0.177381274725
0.373069836660,-0.057364314756,0.000696059708,0.055358711408
0.370442584290,-0.057373119946,0.000587831691,-0.037657538784
0.367815331920,-0.057023984026,0.000587582204,0.060675753736
0.365188079550,-0.057769612589,0.000589280305,0.172626160733
0.362560827170,-0.057975302745,0.000478836082,0.054557301000
0.359933574800,-0.058093887358,0.000375500992,0.005694092601
0.357306322430,-0.058048542416,0.000395423584,-0.082027539591
0.354679070060,-0.057664135349,0.000328833797,-0.089850694735
0.352051817690,-0.057846654291,0.000312448045,-0.042149505397
0.349424565320,-0.057635041576,0.000361381565,-0.077728491936
0.346797312950,-0.057566434229,0.000484013925,-0.069697313018
0.344170060580,-0.057429467418,0.000594252062,-0.060867499243
0.341542808210,-0.057354311556,0.000668061140,-0.054214857276
0.338915555840,-0.057342285614,0.000516186470,-0.013385683994
0.336288303460,-0.057180172930,0.000515231790,-0.058661514485
0.333661051090,-0.056875961719,0.000526509007,-0.056409950596
0.331033798720,-0.056782469135,0.000585440423,-0.013095084828
0.328406546350,-0.056757484516,0.000747666940,0.008075233980
0.325779293980,-0.056722164904,0.000803247024,-0.001482366262
0.323152041610,-0.056741940330,0.001002931922,0.000119950062
0.320524789240,-0.056752477623,0.001173469126,-0.019302814810
0.317897536870,-0.056679101453,0.001254684559,-0.030539629788
0.315270284500,-0.056667483430,0.001394091052,-0.038805385383
0.312643032100,-0.056579558214,0.001569721913,-0.086796251041
0.310015779800,-0.056394159814,0.001806743881,-0.083440704160
0.307388527400,-0.056314692635,0.002021972529,-0.050533571549
0.304761275000,-0.056308291853,0.002285127230,-0.036752037994
0.302134022600,-0.056260598344,0.002368201111,-0.048863187553
0.299506770300,-0.056158123136,0.002459278461,-0.054814413528
0.296879517900,-0.056054346210,0.002624841745,-0.039213599300
0.294252265500,-0.056012916824,0.002604552709,-0.007970533634
0.291625013200,-0.056043645000,0.002599310725,0.010601055759
0.288997760800,-0.056081282298,0.002708388853,-0.006387118207
0.286370508400,-0.056022051015,0.002747917688,-0.033992568727
0.283743256000,-0.055979896845,0.002747148712,-0.001350921710
0.281116003700,-0.056061606878,0.002644429000,0.019968351473
0.278488751300,-0.056075376251,0.002509727885,0.017243506761
0.275861498900,-0.056163479893,0.002340834464,0.038484755769
0.273234246600,-0.056285808741,0.002200848471,0.040624593251
0.270606994200,-0.056389173778,0.002106207386,0.048591166248
0.267979741800,-0.056628627334,0.002139224645,0.056572738613
0.265352489400,-0.056798295944,0.002454027896,0.043695134781
0.262725237100,-0.056983646608,0.002928197829,0.035313963365
0.260097984700,-0.057076996718,0.003313025813,-0.009411794737
0.257470732300,-0.056963086060,0.003458960321,-0.026491450539
0.254843480000,-0.056909765351,0.003592802976,-0.013148348940
0.252216227600,-0.056871401048,0.003677176506,-0.008079271880
0.249588975200,-0.056839419550,0.003671248632,-0.028976978001
0.246961722900,-0.056725222902,0.003712894126,-0.054455448666
0.244334470500,-0.056590762634,0.003686159268,-0.040703690171
0.241707218100,-0.056534833678,0.003710169270,-0.008515243054
0.239079965700,-0.056533545889,0.003871160850,0.002918010453
0.236452713400,-0.056545840197,0.003847013678,-0.001746238344
0.233825461000,-0.056475318211,0.003883121905,-0.022836330763
0.231198208600,-0.056381709991,0.003969032274,-0.016338160826
0.228570956300,-0.056400764897,0.004017011240,-0.000543181005
0.225943703900,-0.056377242819,0.004062825158,-0.009373873017
0.223316451500,-0.056344528473,0.004074985025,-0.002849462628
0.220689199100,-0.056318622598,0.004067290390,0.023699250415
0.218061946800,-0.056427777905,0.004088916296,0.078761695528
0.215434694400,-0.056714836259,0.004025792753,0.112490206057
0.212807442000,-0.057045697573,0.003952906689,0.115049733207
0.210180189700,-0.057347438806,0.003880261365,0.096209700321
0.207552937300,-0.057594024675,0.003724340532,0.080420697742
0.204925684900,-0.057754357996,0.003604998951,0.053001738719
0.202298432500,-0.057823696033,0.003682098461,0.012974416451
0.199671180200,-0.057837105970,0.003663719117,0.017337206276
0.197043927800,-0.057907376767,0.003729477352,0.062142846218
0.194416675400,-0.058176041463,0.003872049446,0.116870727161
0.191789423100,-0.058511669191,0.003894192102,0.117947132168
0.189162170700,-0.058703530633,0.003900035295,0.049926208886
0.186534918300,-0.058764084714,0.003900277976,0.013281015999
0.183907666000,-0.058750361699,0.003743076223,0.019576746867
0.181280413600,-0.058791043852,0.003528208435,0.046559537396
0.178653161200,-0.058935194961,0.003502341264,0.060754224751
0.176025908800,-0.059020376466,0.003343436966,0.057767684011
0.173398656500,-0.059147836803,0.003230517203,0.065143291775
0.170771404100,-0.059273219842,0.003060263756,0.105916922463
0.168144151700,-0.059580245644,0.002918212908,0.158052012406
0.165516899400,-0.059989733543,0.002789202084,0.147394422990
0.162889647000,-0.060283679584,0.002533854478,0.136799183078
0.160262394600,-0.060690072414,0.002332428861,0.152351398838
0.157635142200,-0.061075708005,0.002094251415,0.123203529403
0.155007889900,-0.061290066828,0.001794259854,0.101140032551
0.152380637500,-0.061493001524,0.001606495169,0.097762674226
0.149753385100,-0.061685370253,0.001453980671,0.072831672591
0.147126132800,-0.061818880693,0.001244135948,0.053673783597
0.144498880400,-0.061909691998,0.001225693612,-0.000831265826
0.141871628000,-0.061770511121,0.001042223596,-0.041560229047
0.139244375600,-0.061621171978,0.000941327249,-0.060014557248
0.136617123300,-0.061490899753,0.000770191057,-0.061811826653
0.133989870900,-0.061344197667,0.000726694182,-0.034113067342
0.131362618500,-0.061331213027,0.000792431542,-0.035917076771
0.128735366200,-0.061214578867,0.000942606838,-0.083444186777
0.126108113800,-0.060988216501,0.001133307785,-0.080363735619
0.123480861400,-0.060831896780,0.001368515024,-0.097533416263
0.120853609000,-0.060495297720,0.001587529334,-0.131384628207
0.118226356700,-0.060113296507,0.001549378021,-0.134320897788
0.115599104300,-0.059762198971,0.001504152066,-0.132011134612
0.112971851900,-0.059380820322,0.001536686517,-0.069544330699
0.110344599600,-0.059408532463,0.001527813699,0.055201440405
0.107717347200,-0.059624967849,0.001646688835,0.116884172813
0.105090094800,-0.059989708476,0.001626392623,0.144399113079
0.102462842500,-0.060346906883,0.001654895904,0.137874668333
0.099835590100,-0.060603085841,0.001627770322,0.153194220643
0.097208337700,-0.061030017408,0.001679877654,0.183340138804
0.094581085300,-0.061464418035,0.001923486854,0.151739076834
0.091953833000,-0.061714483777,0.002023240934,0.124160885552
0.089326580600,-0.062050037423,0.002017170804,0.164451307064
0.086699328200,-0.062549650525,0.002148448541,0.206062168494
0.084072075900,-0.063052098244,0.002228848740,0.176785112714
0.081444823500,-0.063411250524,0.002335525958,0.142437222290
0.078817571100,-0.063789939407,0.002512345609,0.143069900201
0.076190318700,-0.064150239217,0.002692878494,0.103570540128
0.073563066400,-0.064315325255,0.002705651260,0.046557873123
0.070935814000,-0.064381605737,0.002639765999,0.005498831282
0.068308561600,-0.064383769832,0.002771893743,0.014724400730
0.065681309300,-0.064494375792,0.002857826291,0.042325808138
0.063054056900,-0.064626172614,0.002968111814,0.086432355496
0.060426804500,-0.064984547439,0.002943607164,0.149925237653
0.057799552100,-0.065366162427,0.003003052183,0.170273996135
0.055172299800,-0.065869522162,0.002998839786,0.131301307773
0.052545047400,-0.065970290564,0.003096145889,0.010986241177
0.049917795000,-0.065812955823,0.003141572686,-0.022247666210
0.047290542700,-0.065724461687,0.003025444474,-0.073304289281
0.044663290300,-0.065370120429,0.002832458962,-0.111198689587
0.042036037900,-0.065075368297,0.002808993581,-0.072687570529
0.039408785500,-0.064930977881,0.002741461619,-0.014099859327
0.036781533200,-0.064961843812,0.002535339652,0.091031778605
0.034154280800,-0.065231500058,0.002666640695,0.169594788325
0.031527028400,-0.065704900130,0.002560288479,0.237152874969
0.028899776100,-0.066314752215,0.002531048163,0.201937537108
0.026272523700,-0.066452564995,0.002533161087,-0.065260335117
0.023645271300,-0.065677398220,0.002380864599,0.209733568317
0.021018019000,-0.067305243678,0.002501242417,0.482557348141
0.018390766600,-0.067937633371,0.002625356166,0.215553664948
0.015763514200,-0.068302614527,0.002554306674,0.085582238120
0.013136261800,-0.068323162470,0.002360210556,0.015869513787
0.010509009500,-0.068240476590,0.002396331385,-0.021557503070
0.007881757100,-0.068062044173,0.002117502097,-0.069104620407
0.005254504700,-0.067741930731,0.001783956677,-0.140636077596
0.002627252400,-0.067223871337,0.001550612750,-1.867233256972
0.000000000000,-0.057820507381,0.000685195282,-3.625857600415
