0.391460603250,-0.021666431773,0.000229666572,-0.139673582352
0.388833350880,-0.021425709241,0.000346527541,0.471322369695
0.386206098510,-0.024167205108,0.000440894027,0.503502742717
0.383578846140,-0.024105053007,0.000350359608,-0.215170044727
0.380951593770,-0.023284859951,0.000617413082,-0.168468835001
0.378324341400,-0.023326658359,0.000766282166,-0.021139225330
0.375697089030,-0.023254336164,0.000770601983,-0.057890108607
0.373069836660,-0.023032609119,0.000734454435,-0.059221328972
0.370442584290,-0.022907033479,0.000773337042,-0.182685736444
0.367815331920,-0.022021945793,0.000917814521,0.017797059993
0.365188079550,-0.023004267355,0.000935160292,0.238450720538
0.362560827170,-0.023227450069,0.001000075555,0.042309054119
0.359933574800,-0.023157186785,0.001122644683,0.141964551151
0.357306322430,-0.023903480360,0.001158468074,0.088014762493
0.354679070060,-0.023611412859,0.001151002698,-0.072777855588
0.352051817690,-0.023561318308,0.001239936294,-0.024305041407
0.349424565320,-0.023418090777,0.001280494225,-0.035144127759
0.346797312950,-0.023257225413,0.001424008222,-0.027696604585
0.344170060580,-0.023167606212,0.001395229460,-0.016781602166
0.341542808210,-0.023135325022,0.001378932343,-0.003883564554
0.338915555840,-0.023125202747,0.001499568243,0.009057427910
0.336288303460,-0.023100843901,0.001585800002,0.014231475899
0.333661051090,-0.023067587082,0.001557520316,-0.010756378436
0.331033798720,-0.023020067923,0.001590192217,-0.028848378818
0.328406546350,-0.022882947480,0.001618359587,-0.050941691205
0.325779293980,-0.022726796621,0.001623160028,-0.030433785129
0.323152041610,-0.022719627771,0.001610804533,0.008781459388
0.320524789240,-0.022767087307,0.001612339310,-0.019206452766
0.317897536870,-0.022708294739,0.001603663844,-0.046961750404
0.315270284500,-0.022607852951,0.001664907836,-0.041027393400
0.312643032100,-0.022603635020,0.001673321462,-0.011167021723
0.310015779800,-0.022630839549,0.001716922552,-0.024667941517
0.307388527400,-0.022549792892,0.001813196464,-0.043379412604
0.304761275000,-0.022530075752,0.001941588906,-0.011227723245
0.302134022600,-0.022632626017,0.002017151178,-0.013493796406
0.299506770300,-0.022630440260,0.002053307542,-0.052927854001
0.296879517900,-0.022545211471,0.002123825884,-0.047173769866
0.294252265500,-0.022524761542,0.002187405371,-0.001717251875
0.291625013200,-0.022618534021,0.002185293777,0.020651917728
0.288997760800,-0.022742496805,0.002271609811,0.009427128205
0.286370508400,-0.022800831594,0.002335304215,-0.004981847967
0.283743256000,-0.022828565598,0.002286246029,0.001377177579
0.281116003700,-0.022899533453,0.002184942842,0.000007458300
0.278488751300,-0.022924866229,0.002108226121,-0.023835468970
0.275861498900,-0.022895345474,0.002150054375,-0.013228372486
0.273234246600,-0.022986109917,0.001961103902,0.049614738614
0.270606994200,-0.023185034937,0.001808727527,0.052971671569
0.267979741800,-0.023305249045,0.001668722284,0.022036496610
0.265352489400,-0.023350055874,0.001604412006,0.021477600253
0.262725237100,-0.023478332382,0.001616319411,0.031415391934
0.260097984700,-0.023574171165,0.001707713581,0.008669742072
0.257470732300,-0.023584839781,0.002104929290,-0.029278070186
0.254843480000,-0.023538530385,0.002488709306,-0.049374263150
0.252216227600,-0.023449199688,0.002610838003,-0.034885446683
0.249588975200,-0.023456193364,0.002697359515,-0.013688949562
0.246961722900,-0.023478960246,0.002852672251,-0.054985062337
0.244334470500,-0.023313367050,0.002968818056,-0.080291382114
0.241707218100,-0.023221056445,0.003002491193,-0.065600617480
0.239079965700,-0.023147637142,0.003094419196,-0.080254702790
0.236452713400,-0.022947024270,0.003312118363,-0.089851042939
0.233825461000,-0.022816982040,0.003463466774,-0.068270078334
0.231198208600,-0.022735994653,0.003571582050,-0.049816358555
0.228570956300,-0.022691842951,0.003716494156,-0.038861495444
0.225943703900,-0.022607951183,0.003842958900,-0.067798235285
0.223316451500,-0.022450646506,0.003984055830,-0.062693896033
0.220689199100,-0.022383957995,0.004135061879,-0.016170980886
0.218061946800,-0.022376873993,0.004164920012,-0.014639342357
0.215434694400,-0.022291038000,0.004186123319,-0.022014810642
0.212807442000,-0.022259677668,0.004271573783,0.026466153165
0.210180189700,-0.022378394631,0.004362900991,0.039656001862
0.207552937300,-0.022368900126,0.004253501962,0.036602092189
0.204925684900,-0.022461204074,0.004191823811,0.085180130945
0.202298432500,-0.022659060374,0.004247373648,0.086360983139
0.199671180200,-0.022735566798,0.004336841676,0.044413536684
0.197043927800,-0.022733405823,0.004456400882,0.031631342637
0.194416675400,-0.022749292660,0.004564792666,0.072412401802
0.191789423100,-0.022967981424,0.004623491037,0.115299920869
0.189162170700,-0.023162993264,0.004666365505,0.108489337296
0.186534918300,-0.023344595309,0.004772685953,0.111788464534
0.183907666000,-0.023537279301,0.004843633536,0.107349751974
0.181280413600,-0.023658191578,0.004824506688,0.114801204671
0.178653161200,-0.023863104497,0.004922884556,0.127937348732
0.176025908800,-0.024079308360,0.005043565357,0.138654120291
0.173398656500,-0.024364462140,0.005051642917,0.120884806483
0.170771404100,-0.024473638411,0.005098668500,0.052794259899
0.168144151700,-0.024429655172,0.005081945982,0.027562947769
0.165516899400,-0.024428618542,0.004990453969,0.057756269862
0.162889647000,-0.024615177836,0.004897794471,0.119115775479
0.160262394600,-0.024976553626,0.004703386395,0.161232147881
0.157635142200,-0.025333231046,0.004603849202,0.139064559118
0.155007889900,-0.025525396913,0.004435953509,0.098825323279
0.152380637500,-0.025653154364,0.004310592315,0.112443970775
0.149753385100,-0.025808907235,0.004177675599,0.114677049566
0.147126132800,-0.025996259391,0.003990936892,0.117706471774
0.144498880400,-0.026199241506,0.003868379709,0.096902691532
0.141871628000,-0.026311702653,0.003687196549,0.085090368733
0.139244375600,-0.026494625091,0.003564178747,0.111470630800
0.136617123300,-0.026678030813,0.003420070335,0.115712268748
0.133989870900,-0.026861349912,0.003184094264,0.087322455067
0.131362618500,-0.026925191193,0.002929493404,0.033921540623
0.128735366200,-0.026841153733,0.002825728786,0.010167539103
0.126108113800,-0.026788470239,0.002880619701,0.069212235102
0.123480861400,-0.027016246407,0.002999486161,0.115708026524
0.120853609000,-0.027220240518,0.003199207032,0.077393901960
0.118226356700,-0.027324064714,0.003349369793,0.036062918837
0.115599104300,-0.027376974660,0.003480505279,0.032156051474
0.112971851900,-0.027540586770,0.003665420499,0.097507160164
0.110344599600,-0.027762153854,0.003719421618,0.108440823045
0.107717347200,-0.027980378366,0.003811091223,0.154149569803
0.105090094800,-0.028415008601,0.003841562095,0.193631959148
0.102462842500,-0.028821497454,0.003876328973,0.177864155521
0.099835590100,-0.029193030880,0.003794065763,0.163039988136
0.097208337700,-0.029593521497,0.003521359462,0.191270477384
0.094581085300,-0.030124275585,0.003547817869,0.221173111865
0.091953833000,-0.030702746202,0.003550406410,0.208322651743
0.089326580600,-0.031187329830,0.003534616044,0.157482424830
0.086699328200,-0.031473442836,0.003495066120,0.114946301427
0.084072075900,-0.031722326306,0.003605980406,0.076346941669
0.081444823500,-0.031790396606,0.003710447976,0.031775173858
0.078817571100,-0.031802238726,0.003919890300,-0.004685114028
0.076190318700,-0.031740392166,0.003996350944,-0.022018920978
0.073563066400,-0.031707311449,0.004082508748,-0.028357681904
0.070935814000,-0.031638303882,0.004112080287,-0.056755666268
0.068308561600,-0.031432833714,0.004214071261,-0.108876079985
0.065681309300,-0.031065892428,0.004309594399,-0.090548179319
0.063054056900,-0.030928181734,0.004382632565,-0.077580134285
0.060426804500,-0.030688349346,0.004283152090,-0.052845332507
0.057799552100,-0.030610360474,0.004235861990,-0.040381707076
0.055172299800,-0.030511472107,0.004164407460,0.002221469702
0.052545047400,-0.030633535780,0.003964123874,0.080789221937
0.049917795000,-0.030946301478,0.003820454566,0.131787366916
0.047290542700,-0.031318798857,0.003671740877,0.133090480149
0.044663290300,-0.031621111112,0.003488319481,0.103418155202
0.042036037900,-0.031900730095,0.003073599595,0.051139467111
0.039408785500,-0.031935680375,0.002807060090,0.042075272444
0.036781533200,-0.032101628416,0.002634260305,0.087479072246
0.034154280800,-0.032360137974,0.002567341060,0.127037013174
0.031527028400,-0.032726512331,0.002532869633,0.185677431635
0.028899776100,-0.033243081802,0.002357662679,0.181614375992
0.026272523700,-0.033520684559,0.002341229000,0.145633074456
0.023645271300,-0.033807902876,0.002204556944,0.174750611895
0.021018019000,-0.034262029956,0.002070879401,0.191914857789
0.018390766600,-0.034679839776,0.001977779336,0.199642253310
0.015763514200,-0.035161488680,0.001929612316,0.190884130206
0.013136261800,-0.035504704201,0.001767422144,0.120029529551
0.010509009500,-0.035597609822,0.001602506737,0.008744250259
0.007881757100,-0.035427702267,0.001480731586,-0.136805894252
0.005254504700,-0.034890852263,0.001288021398,-0.314178721343
0.002627252400,-0.033783608125,0.001049839380,-1.347135565490
0.000000000000,-0.027787219357,0.000642855444,-2.259868609726
