0.391460603250,0.048731490699,0.000592257979,0.132155991692
0.388833350880,0.048374926166,0.000419070547,-0.097331622432
0.386206098510,0.049331726399,0.000682775752,-0.038132846838
0.383578846140,0.048647121554,0.000992515127,0.132495759605
0.380951593770,0.048707975332,0.000948793303,-0.410561984271
0.378324341400,0.050767238717,0.001103077838,-0.636995716420
0.375697089030,0.051998916782,0.001130950393,-0.410122622694
0.373069836660,0.052846899851,0.001170151690,-0.295657518198
0.370442584290,0.053415960892,0.001295714803,-0.336393154862
0.367815331920,0.054309289545,0.001279503419,-0.279450724270
0.365188079550,0.054759342518,0.001261830074,-0.190071562079
0.362560827170,0.055217236424,0.001273782362,-0.150382688599
0.359933574800,0.055443967363,0.001398358960,-0.072806835564
0.357306322430,0.055509406927,0.001571868884,-0.040127526252
0.354679070060,0.055577471704,0.001672307752,-0.009547870565
0.352051817690,0.055591445072,0.001702173704,-0.024046543185
0.349424565320,0.055712012143,0.001764447800,-0.019358949532
0.346797312950,0.055748614974,0.001879459842,0.005149012176
0.344170060580,0.055738161933,0.001948409080,0.032577411338
0.341542808210,0.055572842623,0.001862293318,-0.030895108980
0.338915555840,0.055915586852,0.001860881567,-0.080454752564
0.336288303460,0.056009968417,0.001907087462,-0.029273072300
0.333661051090,0.056075151342,0.001883103310,-0.035984234259
0.331033798720,0.056131857485,0.001799788624,-0.015151432161
0.328406546350,0.056144543763,0.001808522688,0.003272466850
0.325779293980,0.056128235625,0.001844411143,0.002651936841
0.323152041610,0.056176494229,0.001739537542,0.249051493998
0.320524789240,0.054876517660,0.001696073384,0.110880932404
0.317897536870,0.055574532759,0.001710227389,-0.209404195860
0.315270284500,0.055925452143,0.001766277352,-0.115417150223
0.312643032100,0.056185425356,0.001830647175,-0.046339295526
0.310015779800,0.056153455395,0.001762426219,0.011588707115
0.307388527400,0.056101034395,0.001933726782,-0.014219124756
0.304761275000,0.056153273548,0.002032306733,-0.024374833228
0.302134022600,0.056165087060,0.002154904563,-0.004609847408
0.299506770300,0.056158704271,0.002298569678,0.002217562686
0.296879517900,0.056109487958,0.002462259784,0.007827967519
0.294252265500,0.056086980843,0.002553255523,0.003963459776
0.291625013200,0.056060399061,0.002607523202,-0.004098716304
0.288997760800,0.056037124185,0.002752080756,-0.023336708543
0.286370508400,0.056065187004,0.002797312063,-0.000594399283
0.283743256000,0.055954173242,0.002805292034,0.021705794840
0.281116003700,0.055882188642,0.002829489733,0.013870486047
0.278488751300,0.055816454312,0.002793481670,0.001317203251
0.275861498900,0.055790179017,0.002708579007,-0.021162422456
0.273234246600,0.055853960834,0.002612963055,-0.049078721056
0.270606994200,0.055972812810,0.002379607114,-0.044353157724
0.267979741800,0.055953189944,0.002130826800,0.012287716755
0.265352489400,0.055767216255,0.002015298769,0.075401799895
0.262725237100,0.055485654516,0.001747314365,0.061541239148
0.260097984700,0.055383267146,0.001516271752,0.016087390490
0.257470732300,0.055360404142,0.001586606802,0.003835618345
0.254843480000,0.055344245589,0.001812194739,-0.007368924839
0.252216227600,0.055355292544,0.002258186241,-0.014860562919
0.249588975200,0.055342052903,0.002707215874,-0.031288380458
0.246961722900,0.055462823824,0.002937083397,-0.065950012958
0.244334470500,0.055609188321,0.003027136431,-0.089848994365
0.241707218100,0.055842859703,0.003057424501,-0.108114844198
0.239079965700,0.056093221411,0.003114493168,-0.089641453124
0.236452713400,0.056251467226,0.003093675562,-0.064573975170
0.233825461000,0.056401029625,0.003131378000,-0.055633099935
0.231198208600,0.056530675824,0.003162416484,-0.038528730153
0.228570956300,0.056585713410,0.003116463747,-0.021848542833
0.225943703900,0.056638888272,0.003132662642,-0.026346929169
0.223316451500,0.056790651754,0.003149835914,-0.034885199737
0.220689199100,0.056904098407,0.003202698677,-0.049921467374
0.218061946800,0.057092996989,0.003312230150,-0.039356433462
0.215434694400,0.057157015609,0.003306092377,0.031722400952
0.212807442000,0.056995014609,0.003153917072,0.080921076814
0.210180189700,0.056763612071,0.003016013504,0.085081249313
0.207552937300,0.056624447720,0.002777908293,0.090704567345
0.204925684900,0.056367375173,0.002538296964,0.103285655677
0.202298432500,0.056161932992,0.002386557472,0.065595736795
0.199671180200,0.056092086205,0.002251892156,0.062674984771
0.197043927800,0.055919641047,0.002301740194,0.096840093009
0.194416675400,0.055660863877,0.002337134189,0.093939256072
0.191789423100,0.055547257864,0.002377194761,0.055743639066
0.189162170700,0.055509124558,0.002339224701,0.027619927768
0.186534918300,0.055446240580,0.002314013313,0.049330273852
0.183907666000,0.055331777687,0.002293526727,0.078492778651
0.181280413600,0.055176506528,0.002326315002,0.073256800262
0.178653161200,0.055055606507,0.002439194819,0.061237748030
0.176025908800,0.054949376331,0.002533380863,0.090247091026
0.173398656500,0.054738601107,0.002674873684,0.118860665709
0.170771404100,0.054551832971,0.002616156762,0.136080733335
0.168144151700,0.054304165785,0.002497929468,0.150499736765
0.165516899400,0.054164648447,0.002524525113,0.103845657922
0.162889647000,0.054140398057,0.002550661239,0.120643309310
0.160262394600,0.053915710221,0.002557938380,0.160901982398
0.157635142200,0.053639743318,0.002462067661,0.138093934311
0.155007889900,0.053474440767,0.002340610255,0.152104295057
0.152380637500,0.053205015225,0.002067634212,0.163352565676
0.149753385100,0.052953846103,0.001961829964,0.136531132238
0.147126132800,0.052780912621,0.001869384845,0.093784342713
0.144498880400,0.052741341102,0.001718602723,0.078482790343
0.141871628000,0.052656729700,0.001396580388,0.123018653326
0.139244375600,0.052408577482,0.001258977594,0.155082231471
0.136617123300,0.052174835863,0.001104332035,0.163575952711
0.133989870900,0.051883526593,0.000901504432,0.144121423323
0.131362618500,0.051717434571,0.000792860625,0.044175655022
0.128735366200,0.051912392693,0.000741481698,-0.032098510973
0.126108113800,0.052153931716,0.000789881685,-0.015552278227
0.123480861400,0.052303852627,0.000925612235,0.052603941124
0.120853609000,0.052229406786,0.001057952030,0.132168916439
0.118226356700,0.051972873265,0.001124338035,0.144614973159
0.115599104300,0.051706949500,0.001121877822,0.157859818838
0.112971851900,0.051452393666,0.001042559706,0.153797903420
0.110344599600,0.051291885852,0.001046587242,0.160009776852
0.107717347200,0.051059019779,0.001312768625,0.197675324547
0.105090094800,0.050651337287,0.001405882250,0.230065497471
0.102462842500,0.050223489207,0.001432621195,0.197513477091
0.099835590100,0.049978746193,0.001499173375,0.146590437176
0.097208337700,0.049803239190,0.001677993358,0.146294463377
0.094581085300,0.049546726636,0.001784109501,0.121364151974
0.091953833000,0.049407015055,0.001839484008,0.097234177633
0.089326580600,0.049203581913,0.001924756809,0.122087459892
0.086699328200,0.048909392189,0.001939224473,0.133868530291
0.084072075900,0.048601182800,0.002132897780,0.131666624581
0.081444823500,0.048288727744,0.002134218763,0.123341523469
0.078817571100,0.048063006415,0.002164553764,0.065042882300
0.076190318700,0.047991774904,0.002377779823,0.069017771027
0.073563066400,0.047901469373,0.002488977429,0.068554030694
0.070935814000,0.047823997174,0.002610963125,0.083663059327
0.068308561600,0.047653788939,0.002512081456,0.051741836443
0.065681309300,0.047647539499,0.002530956226,0.251851330771
0.063054056900,0.046367964098,0.002505798457,-0.008575003336
0.060426804500,0.047639023624,0.002848747104,-0.398966152594
0.057799552100,0.048512899797,0.002858977888,-0.159638141119
0.055172299800,0.048629911366,0.002632879460,0.014638939027
0.052545047400,0.048616455029,0.002619610139,0.078949527846
0.049917795000,0.048459694966,0.002514736381,0.148163791257
0.047290542700,0.048113374708,0.002264011632,0.181478441031
0.044663290300,0.047788422966,0.001934883225,0.135500184944
0.042036037900,0.047624725626,0.001833917693,0.091583641100
0.039408785500,0.047489170869,0.001702547462,0.067489025459
0.036781533200,0.047468604145,0.001462752300,0.075385695236
0.034154280800,0.047279224255,0.001260753461,0.169344268807
0.031527028400,0.046752430254,0.001007158736,0.202104074355
0.028899776100,0.046378463670,0.000906922630,0.212916494043
0.026272523700,0.045853530901,0.000831483075,0.231546880271
0.023645271300,0.045450947420,0.000680104504,0.193594311595
0.021018019000,0.045126779578,0.000548094971,0.161158610825
0.018390766600,0.044868645548,0.000569779410,0.103392296713
0.015763514200,0.044816520864,0.000517278997,0.109697892418
0.013136261800,0.044532138019,0.000404028818,0.110990702206
0.010509009500,0.044379089034,0.000294228563,-0.002606101937
0.007881757100,0.044664244213,0.000104381582,-0.156016236283
0.005254504700,0.045303612068,-0.000008319432,-0.040727603407
0.002627252400,0.044942779978,0.000015426163,1.356866571667
0.000000000000,0.038239992493,0.000031676776,2.559585334195
