0.391460603250,0.013690108948,0.000206947758,-0.047242608984
0.388833350880,0.013954692018,0.000554630976,0.132646967015
0.386206098510,0.013128661225,0.000895871942,0.617207141160
0.383578846140,0.010742484833,0.001067777691,0.106168922238
0.380951593770,0.012470524157,0.001099354186,-0.300348282129
0.378324341400,0.012285192830,0.001132603215,-0.009805721765
0.375697089030,0.012468777997,0.000906868250,-0.024776674089
0.373069836660,0.012516296136,0.000711603720,-0.320559802840
0.370442584290,0.014370158266,0.000583009136,-0.004321488920
0.367815331920,0.012583088482,0.000536286965,0.309488988120
0.365188079550,0.012696114890,0.000434283282,0.006622256855
0.362560827170,0.012645747698,0.000468056460,0.034319896992
0.359933574800,0.012644688292,0.000583562481,0.016120658846
0.357306322430,0.012658464776,0.000638051014,0.000044829545
0.354679070060,0.012767710558,0.000595087201,-0.029271982638
0.352051817690,0.013011452846,0.000619533127,-0.052419183401
0.349424565320,0.013232098753,0.000619084588,-0.045648082801
0.346797312950,0.013436686555,0.000668988604,-0.042664598039
0.344170060580,0.013642766201,0.000698505498,-0.032668388210
0.341542808210,0.013750536604,0.000806607006,0.013750333126
0.338915555840,0.013759919324,0.000800772690,0.044535232027
0.336288303460,0.013708638922,0.000852766987,0.045886240007
0.333661051090,0.013647568469,0.000745645035,0.037705493410
0.331033798720,0.013655130413,0.000743737853,-0.006792457318
0.328406546350,0.013780437616,0.000867819979,-0.028094603153
0.325779293980,0.013867856487,0.000945838044,-0.011858423791
0.323152041610,0.013931269130,0.000998736289,-0.019475969102
0.320524789240,0.014044882019,0.001001409047,-0.030245569202
0.317897536870,0.014090630937,0.001267780610,-0.021912799940
0.315270284500,0.014117035821,0.001535734039,-0.034875250232
0.312643032100,0.014196590009,0.001842674927,-0.060031602191
0.310015779800,0.014282143639,0.002231094874,-0.049212511513
0.307388527400,0.014333507826,0.002497711289,-0.045642921507
0.304761275000,0.014359138336,0.002858712870,-0.030887499568
0.302134022600,0.014339537418,0.003156651391,-0.036074309705
0.299506770300,0.014409067984,0.003450647693,-0.055716712074
0.296879517900,0.014541997993,0.003656300972,-0.056862262475
0.294252265500,0.014677178885,0.003838457251,-0.014723514310
0.291625013200,0.014627689102,0.003856910328,0.034361713622
0.288997760800,0.014520155081,0.003824978515,0.013661199564
0.286370508400,0.014623171769,0.003730366106,-0.010863213532
0.283743256000,0.014641232226,0.003609304047,0.028666049342
0.281116003700,0.014527035779,0.003578657773,0.059097305631
0.278488751300,0.014431580790,0.003470821453,0.050242174299
0.275861498900,0.014432813171,0.003315133926,0.025834570555
0.273234246600,0.014434539959,0.003139166253,0.037287800871
0.270606994200,0.014404318389,0.002980611179,0.057391947157
0.267979741800,0.014281242014,0.002887528243,0.061525483251
0.265352489400,0.014142813507,0.002844530522,0.054621598496
0.262725237100,0.014073778498,0.002721416552,0.049556905598
0.260097984700,0.013954602675,0.002572104010,0.064018312168
0.257470732300,0.013755315086,0.002493594041,0.075710520514
0.254843480000,0.013556918834,0.002472328264,0.053567316380
0.252216227600,0.013413977510,0.002411226947,0.012775729325
0.249588975200,0.013430397068,0.002609220107,-0.013263300105
0.246961722900,0.013449292146,0.002862774018,0.010883992864
0.244334470500,0.013406230831,0.003048721901,0.014738762731
0.241707218100,0.013469978023,0.003238583807,-0.013180840024
0.239079965700,0.013559599868,0.003353186783,-0.022276252915
0.236452713400,0.013681360960,0.003320499230,-0.025008956954
0.233825461000,0.013823875350,0.003245915914,-0.022389988017
0.231198208600,0.013875971571,0.003182210450,-0.003026339283
0.228570956300,0.013954117726,0.003179475982,0.017081533021
0.225943703900,0.013940965189,0.003088151192,0.041017468747
0.223316451500,0.013842414441,0.002973050540,0.044899288990
0.220689199100,0.013811643878,0.002960566374,0.002788051480
0.218061946800,0.013895217179,0.002917251712,-0.012803344799
0.215434694400,0.013891929656,0.002914132546,0.007864372169
0.212807442000,0.013907215307,0.002849475182,0.053066845398
0.210180189700,0.013617086028,0.002699012376,0.123698619480
0.207552937300,0.013211373799,0.002521056181,0.118760936615
0.204925684900,0.013019225718,0.002354527928,0.093334409849
0.202298432500,0.012708560905,0.002385032215,0.080114587891
0.199671180200,0.012518809749,0.002419805145,0.003836293011
0.197043927800,0.012576919411,0.002337819532,-0.035858964744
0.194416675400,0.012581082854,0.002386888605,-0.019152467303
0.191789423100,0.012572388261,0.002503258948,-0.023969285978
0.189162170700,0.012643605353,0.002533189237,-0.030621357719
0.186534918300,0.012625480620,0.002503989660,-0.008405387381
0.183907666000,0.012508865468,0.002534839560,0.009458666419
0.181280413600,0.012449942969,0.002703288814,0.028944546852
0.178653161200,0.012259096845,0.002820093521,0.058564609482
0.176025908800,0.012063087667,0.002814563945,0.038234991597
0.173398656500,0.011991272665,0.002884215794,-0.008905287936
0.170771404100,0.012062810554,0.002919374101,-0.018017456691
0.168144151700,0.012064988132,0.002837686372,0.004499397267
0.165516899400,0.011972150555,0.002688301898,0.054782733605
0.162889647000,0.011710313194,0.002642838880,0.091110933173
0.160262394600,0.011472750089,0.002540495665,0.097699107936
0.157635142200,0.011212349106,0.002454462585,0.111996852343
0.155007889900,0.010855679327,0.002335095176,0.131225327635
0.152380637500,0.010571315519,0.002210151834,0.114022788548
0.149753385100,0.010317197159,0.002114194821,0.077345359956
0.147126132800,0.010245309982,0.001896720886,0.034549797687
0.144498880400,0.010152072992,0.001613822562,0.041659311724
0.141871628000,0.009979436110,0.001453149851,0.054539130271
0.139244375600,0.009800548065,0.001262085900,0.052210391365
0.136617123300,0.009668101001,0.001057227091,0.060539454703
0.133989870900,0.009426792689,0.001097477882,0.082266513826
0.131362618500,0.009189703258,0.001106723867,0.004217849936
0.128735366200,0.009356482106,0.000960361935,-0.121280906951
0.126108113800,0.009753816597,0.000785014815,-0.225594085237
0.123480861400,0.010400467647,0.000785002632,-0.281904208519
0.120853609000,0.011086433171,0.000860994759,-0.259506097995
0.118226356700,0.011645496096,0.000995121136,-0.216009038547
0.115599104300,0.012141008796,0.000970798006,-0.201105680294
0.112971851900,0.012596285371,0.000960596944,-0.153886358285
0.110344599600,0.012898650096,0.000989085845,-0.066757969071
0.107717347200,0.012917052957,0.000933740788,-0.022641193170
0.105090094800,0.012956237055,0.001043620247,0.059596524599
0.102462842500,0.012625079462,0.000987867587,0.158893550848
0.099835590100,0.012209889735,0.000933611693,0.158506028299
0.097208337700,0.011943811327,0.000859008737,0.109392357971
0.094581085300,0.011735796203,0.000980245802,0.088934131532
0.091953833000,0.011619819536,0.000972567820,0.060860491296
0.089326580600,0.011577634485,0.000880827599,0.057947632706
0.086699328200,0.011516224637,0.000955029191,0.083881818697
0.084072075900,0.011321987866,0.000803616197,0.132129913408
0.081444823500,0.010924982108,0.000846801485,0.182349928272
0.078817571100,0.010510394516,0.000892925848,0.222849716403
0.076190318700,0.010016085116,0.000813586699,0.288196165383
0.073563066400,0.009318757698,0.000845535475,0.311936524872
0.070935814000,0.008803090551,0.000985871264,0.254541321455
0.068308561600,0.008311678149,0.000928824016,0.249481916605
0.065681309300,0.007744917498,0.000873257928,0.264865303860
0.063054056900,0.007196253678,0.000959990960,0.236465118442
0.060426804500,0.006850391780,0.001057618006,0.179454398269
0.057799552100,0.006634398366,0.001242205379,0.161531782669
0.055172299800,0.006302760185,0.001320170816,0.172673306385
0.052545047400,0.006024959691,0.001379052134,0.121061826735
0.049917795000,0.005804737391,0.001492629186,0.082798187976
0.047290542700,0.005681571556,0.001577599765,0.013964212548
0.044663290300,0.005792470607,0.001633014583,-0.040368560973
0.042036037900,0.005903362836,0.001652405979,-0.074611528463
0.039408785500,0.006148564650,0.001619975810,-0.061742064409
0.036781533200,0.006235636626,0.001600949932,0.027466085456
0.034154280800,0.006026204707,0.001566888424,0.108768584220
0.031527028400,0.005697649212,0.001476984845,0.115047181018
0.028899776100,0.005436869062,0.001328719487,0.142688991884
0.026272523700,0.004963826155,0.001154334477,0.387000913761
0.023645271300,0.003366712516,0.001141863928,0.336960781517
0.021018019000,0.003141834341,0.001155723302,-0.066755058246
0.018390766600,0.003725373731,0.001362056411,-0.133929208528
0.015763514200,0.003839062731,0.001487073509,-0.039389544551
0.013136261800,0.004034757416,0.001507164573,-0.028444181323
0.010509009500,0.004085471569,0.001298422768,0.031607297115
0.007881757100,0.003990426054,0.001078047417,0.028334927930
0.005254504700,0.004006108963,0.000837033970,-0.013150745095
0.002627252400,0.004152935270,0.000582217983,-0.036391487947
0.000000000000,0.004353156025,0.000532690523,-0.049348710671
