0.391460603250,0.042444998325,0.000376449011,-0.305349365450
0.388833350880,0.043301578882,0.000304981922,0.065325893645
0.386206098510,0.042080354747,0.000122675535,-0.204810327641
0.383578846140,0.044173666494,0.000530713515,-0.486594393348
0.380951593770,0.044452273099,0.000630007883,0.059128306214
0.378324341400,0.043903366013,0.000689512626,0.195918491513
0.375697089030,0.043476990545,0.000820012793,0.181843901953
0.373069836660,0.043109625280,0.000900971141,0.150953946822
0.370442584290,0.043073055989,0.000772944690,-0.025311207545
0.367815331920,0.043469029499,0.000630444079,-0.224334155369
0.365188079550,0.044443328634,0.000486920203,-0.134000993944
0.362560827170,0.044350636237,0.000433552534,0.019445279913
0.359933574800,0.044471626292,0.000551116713,-0.020317096781
0.357306322430,0.044591830563,0.000460019958,0.017595286147
0.354679070060,0.044555488149,0.000367790524,0.220294029596
0.352051817690,0.043651706702,0.000551269429,0.220676712068
0.349424565320,0.043714756295,0.000840153581,-0.183308114549
0.346797312950,0.044827519698,0.000659787232,-0.238680651287
0.344170060580,0.045125375511,0.000815771515,-0.074780804050
0.341542808210,0.045333489727,0.001027576022,-0.077004395253
0.338915555840,0.045654199515,0.001144567441,-0.107301327963
0.336288303460,0.045889862177,0.001215148814,-0.078005431061
0.333661051090,0.046072048287,0.001355768397,-0.062961241676
0.331033798720,0.046312383140,0.001526474638,-0.059038578947
0.328406546350,0.046436102820,0.001669689234,-0.051326360795
0.325779293980,0.046509019166,0.001675709584,-0.061512337438
0.323152041610,0.046603196482,0.001840601753,-0.078834974080
0.320524789240,0.046707895162,0.002052571293,-0.065854759776
0.317897536870,0.046780626277,0.002139972102,-0.075735169467
0.315270284500,0.046921120121,0.002252802108,-0.091877061383
0.312643032100,0.047110074506,0.002411759723,-0.109577231952
0.310015779800,0.047317545272,0.002431206036,-0.092843296496
0.307388527400,0.047482696889,0.002383577791,-0.069411328846
0.304761275000,0.047627028944,0.002382723654,-0.042915668269
0.302134022600,0.047635925552,0.002379133624,-0.017728203774
0.299506770300,0.047675514435,0.002322398499,-0.045992867635
0.296879517900,0.047742824365,0.002360016574,-0.041046163374
0.294252265500,0.047821716511,0.002405500467,-0.025628793557
0.291625013200,0.047889631711,0.002362289830,-0.001884141998
0.288997760800,0.047849695423,0.002295027113,0.022513064011
0.286370508400,0.047846047863,0.002125222932,-0.006605467629
0.283743256000,0.047852841003,0.002091613546,0.037993362770
0.281116003700,0.047656771142,0.002091673433,0.076633020419
0.278488751300,0.047496891236,0.001904074550,0.044835612735
0.275861498900,0.047391170417,0.001979626570,0.061009346147
0.273234246600,0.047139723667,0.002096779518,0.075651194047
0.270606994200,0.046947462350,0.002358618609,0.047348737063
0.267979741800,0.046882095972,0.002695436949,0.022379071791
0.265352489400,0.046814019896,0.002923249283,0.012970267326
0.262725237100,0.046810089773,0.003073459115,-0.020762348504
0.260097984700,0.046927799894,0.003160096547,-0.037991232831
0.257470732300,0.047010788907,0.003255100314,-0.013087699694
0.254843480000,0.047017110590,0.003281601770,-0.008454097168
0.252216227600,0.047092557178,0.003294666380,-0.005415417292
0.249588975200,0.047101399383,0.003238006902,-0.015321334367
0.246961722900,0.047227358893,0.003213875723,-0.047296596260
0.244334470500,0.047387306795,0.003345545750,-0.030457078963
0.241707218100,0.047437370000,0.003461536957,0.001637847710
0.239079965700,0.047406412438,0.003464538797,0.008530123655
0.236452713400,0.047435757062,0.003502330994,-0.006109326892
0.233825461000,0.047529170938,0.003414486963,-0.023074393955
0.231198208600,0.047643069619,0.003309509536,-0.026370651554
0.228570956300,0.047716047519,0.003274604759,0.022397815648
0.225943703900,0.047603070477,0.003216936775,0.067355064313
0.223316451500,0.047468568938,0.003143988471,0.076104583524
0.220689199100,0.047297396576,0.003188606614,0.136960055199
0.218061946800,0.046926546063,0.003191906228,0.188170378291
0.215434694400,0.046436547627,0.003121252799,0.193584311768
0.212807442000,0.046001268002,0.003161542152,0.123035779874
0.210180189700,0.045844693663,0.003188908839,0.030329193150
0.207552937300,0.045865200023,0.003310272310,0.002820616488
0.204925684900,0.045910369388,0.003344611090,0.007147384036
0.202298432500,0.045822629819,0.003359068510,0.047022906429
0.199671180200,0.045712054771,0.003356726579,0.091029781520
0.197043927800,0.045540845659,0.003340581302,0.114902938169
0.194416675400,0.045226652637,0.003282588974,0.161912758130
0.191789423100,0.044815420106,0.003167570655,0.198071617907
0.189162170700,0.044302905037,0.003019473460,0.190817274021
0.186534918300,0.043919100778,0.002734697172,0.148751875966
0.183907666000,0.043601302965,0.002471343397,0.095615858585
0.181280413600,0.043483059751,0.002126827468,0.052377017055
0.178653161200,0.043423144436,0.001916377567,0.048352738187
0.176025908800,0.043378479021,0.001614987267,0.073790352196
0.173398656500,0.043237906484,0.001294453560,0.094161156450
0.170771404100,0.043084453394,0.001083776639,0.084852313644
0.168144151700,0.042983784077,0.000733654125,0.066660944524
0.165516899400,0.042932510663,0.000427776471,0.042013271688
0.162889647000,0.042954042283,0.000470761925,0.053310447717
0.160262394600,0.042923961834,0.000478975301,0.087112554726
0.157635142200,0.042773935225,0.000293708386,0.062926039037
0.155007889900,0.042753531735,0.000186030210,0.011709568139
0.152380637500,0.042806535194,0.000129990285,0.018887708643
0.149753385100,0.042673628537,0.000167679267,0.001593002094
0.147126132800,0.042798235288,0.000244552255,-0.085324169379
0.144498880400,0.043096591763,0.000367085681,-0.096429697313
0.141871628000,0.043250099444,0.000430581347,-0.064185729020
0.139244375600,0.043334206943,0.000357460068,-0.048606004006
0.136617123300,0.043361019566,0.000362487596,-0.029617935983
0.133989870900,0.043267256544,0.000413580518,-0.027847755905
0.131362618500,0.043176300635,0.000555123328,-0.029289789185
0.128735366200,0.043117705373,0.000634794964,-0.074817157496
0.126108113800,0.043252433300,0.000861995214,-0.189329630869
0.123480861400,0.043782276821,0.000969062000,-0.269477988979
0.120853609000,0.044357553756,0.000847398117,-0.277059351278
0.118226356700,0.044938560503,0.000613006279,-0.196448419676
0.115599104300,0.045109724776,0.000433494678,-0.077408535019
0.112971851900,0.045129423056,0.000240950202,0.025353704012
0.110344599600,0.044803073742,0.000057134730,0.096819610723
0.107717347200,0.044526817862,0.000110679805,0.127621300880
0.105090094800,0.044104703390,0.000244344589,0.173637923487
0.102462842500,0.043620826757,0.000238225142,0.161766647507
0.099835590100,0.043237785037,0.000483744072,0.110487019565
0.097208337700,0.043044477177,0.000584701453,0.057526883542
0.094581085300,0.042936234971,0.000591587160,0.017970809832
0.091953833000,0.042826065584,0.000691802050,0.050228611536
0.089326580600,0.042622329079,0.000752600542,0.081007229130
0.086699328200,0.042416208636,0.000618204336,0.087600197301
0.084072075900,0.042253136801,0.000609848486,0.125173565512
0.081444823500,0.041929188244,0.000767147873,0.183882692289
0.078817571100,0.041403704280,0.000813170038,0.185978293931
0.076190318700,0.041051210017,0.000850734140,0.127185976836
0.073563066400,0.040816386455,0.000858998446,0.252936813583
0.070935814000,0.039813045672,0.000580639255,0.042787548626
0.068308561600,0.040800532743,0.000550782674,-0.178921050537
0.065681309300,0.040773605717,0.000587449421,0.042158563260
0.063054056900,0.040634418029,0.000769315867,0.105658292553
0.060426804500,0.040299690956,0.000749562678,0.167995573460
0.057799552100,0.039838617200,0.000807233788,0.124080021890
0.055172299800,0.039732596480,0.001012033581,0.035516529949
0.052545047400,0.039703399442,0.001105408071,0.004691965137
0.049917795000,0.039744721832,0.000964533527,-0.053742910367
0.047290542700,0.039981099994,0.000901694040,-0.076046225585
0.044663290300,0.040162409325,0.000748626231,-0.024475048898
0.042036037900,0.040132788261,0.000617081447,0.024386279276
0.039408785500,0.040088278643,0.000684293800,0.042351164075
0.036781533200,0.039899543059,0.000673432440,0.095229022133
0.034154280800,0.039495431761,0.000690409722,0.133661966796
0.031527028400,0.039181487042,0.000768144151,0.159298029283
0.028899776100,0.038654248936,0.000914011559,0.159988080606
0.026272523700,0.038345276730,0.001005606608,0.179970927381
0.023645271300,0.037650312869,0.001020463556,0.075635904803
0.021018019000,0.037947270251,0.001061478509,0.006402916153
0.018390766600,0.037607427153,0.001140843441,0.085997629540
0.015763514200,0.037451919107,0.001150279733,0.034318652009
0.013136261800,0.037395574781,0.001076932287,0.031334267781
0.010509009500,0.037259806564,0.000954319859,0.083438969072
0.007881757100,0.036910526650,0.000738474419,0.091095494367
0.005254504700,0.036806996833,0.000542102705,-0.003780819762
0.002627252400,0.036965607486,0.000426776662,0.204939943752
0.000000000000,0.035756353527,0.000367260819,0.465627507805
