0.391460603250,0.035322768749,0.000280735806,-0.574564836909
0.388833350880,0.036751106027,0.000648818343,-0.476823651801
0.386206098510,0.037707076578,0.000767474833,-0.289726131738
0.383578846140,0.038218023701,0.000678183154,-0.346182184443
0.380951593770,0.039149752790,0.000903800694,-0.264990364717
0.378324341400,0.039449180224,0.000974750027,0.132198362741
0.375697089030,0.038404691327,0.001031618306,0.026352721266
0.373069836660,0.039265885346,0.001060714855,-0.348440094789
0.370442584290,0.040185590100,0.001038749379,-0.217274729371
0.367815331920,0.040327858775,0.001044662701,-0.031163134890
0.365188079550,0.040353307908,0.001101561988,0.003295608326
0.362560827170,0.040315146810,0.001204344549,0.013366706023
0.359933574800,0.040273385934,0.001241653255,0.022514433226
0.357306322430,0.040153345914,0.001268108598,-0.004587341257
0.354679070060,0.040282774891,0.001328206438,-0.064667606465
0.352051817690,0.040497199652,0.001462691317,-0.066995611618
0.349424565320,0.040638458012,0.001626323315,-0.029204385488
0.346797312950,0.040709945593,0.001696530500,-0.028270194064
0.344170060580,0.040828071777,0.001566830427,-0.060064053898
0.341542808210,0.041008282431,0.001513369748,-0.056926768693
0.338915555840,0.041155587946,0.001546412941,-0.056144302255
0.336288303460,0.041314348990,0.001636498227,-0.023204581878
0.333661051090,0.041285881852,0.001601458212,0.020245017445
0.331033798720,0.041246255194,0.001631737877,0.018377141081
0.328406546350,0.041215511811,0.001784238011,0.002124865355
0.325779293980,0.041260738787,0.001796328516,-0.008599755133
0.323152041610,0.041304508875,0.001649017980,0.002078439899
0.320524789240,0.041300062489,0.001590370777,0.001675418153
0.317897536870,0.041312235156,0.001580684632,0.002566750180
0.315270284500,0.041295878327,0.001640324991,-0.026226854046
0.312643032100,0.041377556660,0.001655252780,-0.061538062333
0.310015779800,0.041467295421,0.001657679203,-0.039797228363
0.307388527400,0.041515354969,0.001754305246,0.184515514950
0.304761275000,0.040400819637,0.002035850059,0.090925813849
0.302134022600,0.041435131604,0.001930397209,-0.198718278106
0.299506770300,0.041332344711,0.002054683037,0.021911540371
0.296879517900,0.041244013859,0.002097953966,0.020272761125
0.294252265500,0.041209487723,0.002142132787,-0.008342394019
0.291625013200,0.041207816349,0.002277018583,0.000829086154
0.288997760800,0.041142219155,0.002325516398,0.000475177536
0.286370508400,0.041141063486,0.002269574103,-0.013082337676
0.283743256000,0.041123711352,0.002312136443,-0.011597459437
0.281116003700,0.041087043691,0.002358900287,-0.022092765756
0.278488751300,0.041127544450,0.002364903707,-0.025033369959
0.275861498900,0.041110554438,0.002343934321,-0.017713496168
0.273234246600,0.041117473520,0.002261318285,0.000203568594
0.270606994200,0.041014489490,0.002032645616,0.018780363708
0.267979741800,0.040940658383,0.001859846875,0.004967406264
0.265352489400,0.040885313498,0.001586653547,0.033251159160
0.262725237100,0.040687621924,0.001349809900,0.065347953033
0.260097984700,0.040509466582,0.001224466319,0.028822821717
0.257470732300,0.040516604795,0.001448224178,-0.000421114416
0.254843480000,0.040505447213,0.001818855378,0.003570082308
0.252216227600,0.040457744575,0.002094599618,-0.019178776684
0.249588975200,0.040493582278,0.002360469524,-0.042967554892
0.246961722900,0.040564845617,0.002545417027,-0.045017621485
0.244334470500,0.040591798499,0.002676961775,-0.075801725097
0.241707218100,0.040807246586,0.002796702797,-0.137815133778
0.239079965700,0.041122568310,0.002908858746,-0.128387967700
0.236452713400,0.041303342513,0.002963312081,-0.076809937137
0.233825461000,0.041375090951,0.002983257538,-0.042615539742
0.231198208600,0.041423046227,0.003080186650,-0.041843051791
0.228570956300,0.041501506260,0.003173414943,-0.050228163358
0.225943703900,0.041667160144,0.003122766186,-0.078849715139
0.223316451500,0.041851682372,0.003198257806,-0.055867770057
0.220689199100,0.041911859755,0.003312492285,-0.033830758172
0.218061946800,0.042014909001,0.003414167997,-0.056452481136
0.215434694400,0.042166014020,0.003487987172,-0.037158698454
0.212807442000,0.042182717013,0.003480401894,0.020759929250
0.210180189700,0.042065154670,0.003354965812,0.065963805640
0.207552937300,0.041912362356,0.003265188458,0.081304961936
0.204925684900,0.041805502365,0.003137213451,0.071533188030
0.202298432500,0.041630952109,0.003081864489,0.087165748173
0.199671180200,0.041515179924,0.003095336642,0.093158070856
0.197043927800,0.041402037515,0.003138554562,0.088859251466
0.194416675400,0.041325492401,0.003143906370,0.082149546892
0.191789423100,0.041244486807,0.003191033525,0.085648672610
0.189162170700,0.041134604048,0.003198575965,0.124325207332
0.186534918300,0.040896773101,0.003175722656,0.173505071063
0.183907666000,0.040399837623,0.003136320472,-0.015258060986
0.181280413600,0.040850271721,0.003397529898,0.008643226804
0.178653161200,0.040734611552,0.003532994272,0.136642387248
0.176025908800,0.040450411579,0.003638515009,0.153022889372
0.173398656500,0.040182918034,0.003708071161,0.142260167231
0.170771404100,0.039958274173,0.003877868243,0.123660499816
0.168144151700,0.039845526762,0.003791550621,0.094940230193
0.165516899400,0.039718456815,0.003836887798,0.099294726465
0.162889647000,0.039609509254,0.003633521456,0.096275424230
0.160262394600,0.039464499848,0.003535245259,0.124816365090
0.157635142200,0.039202883955,0.003468141283,0.147825737150
0.155007889900,0.038872406495,0.003315831087,0.136193974954
0.152380637500,0.038683508001,0.003110356754,0.097015404139
0.149753385100,0.038605203975,0.002979749652,0.076040909977
0.147126132800,0.038454537003,0.002852631063,0.073377689344
0.144498880400,0.038376510598,0.002642127569,0.065140479877
0.141871628000,0.038266094371,0.002617478969,0.097879120351
0.139244375600,0.038050941233,0.002511874729,0.117503232012
0.136617123300,0.037840788286,0.002280132957,0.123013443208
0.133989870900,0.037653318258,0.001979035687,0.106813982521
0.131362618500,0.037535499767,0.001890154138,0.059926024473
0.128735366200,0.037566302450,0.001826308799,-0.018988064105
0.126108113800,0.037834435538,0.001658950568,-0.034810795649
0.123480861400,0.037842581891,0.001729656659,0.075628521273
0.120853609000,0.037479056011,0.001872836134,0.129065979402
0.118226356700,0.037227416187,0.001985146932,0.103075696462
0.115599104300,0.037029984581,0.002099200852,0.085656305167
0.112971851900,0.036937749003,0.002204721847,0.081508191074
0.110344599600,0.036768885509,0.002302605712,0.108873033385
0.107717347200,0.036552769267,0.002282862177,0.124101014582
0.105090094800,0.036274502587,0.002315642228,0.156804401944
0.102462842500,0.035863622495,0.002262218737,0.160839721945
0.099835590100,0.035554420840,0.002315806758,0.159207521813
0.097208337700,0.035146758415,0.002479293030,0.167697257660
0.094581085300,0.034781037330,0.002436939250,0.147399807103
0.091953833000,0.034445639574,0.002489678620,0.167166423319
0.089326580600,0.034021700880,0.002463952227,0.204497215986
0.086699328200,0.033469953153,0.002204550199,0.179706102374
0.084072075900,0.033075516279,0.002161729946,0.110811796163
0.081444823500,0.032866850296,0.002408445596,0.053274755916
0.078817571100,0.032858430473,0.002618252216,0.019116336238
0.076190318700,0.032867536734,0.002709128727,0.008053050725
0.073563066400,0.032922318304,0.002899505488,-0.118054439281
0.070935814000,0.033601966842,0.002926160449,0.013449709118
0.068308561600,0.032877990791,0.003143995946,0.133527667887
0.065681309300,0.032938417506,0.003131974302,-0.040705578231
0.063054056900,0.033156115707,0.002975101946,-0.096542272700
0.060426804500,0.033525500702,0.003055143750,-0.123331713816
0.057799552100,0.033874811713,0.003180867634,-0.122442438478
0.055172299800,0.034181683903,0.003113290962,-0.053801283914
0.052545047400,0.034153089546,0.002956163417,0.036390778678
0.049917795000,0.033988489358,0.002823076347,0.096731335801
0.047290542700,0.033655558326,0.002645259037,0.116462516376
0.044663290300,0.033359830216,0.002416925699,0.115525436139
0.042036037900,0.033029466274,0.002202131341,0.123658801384
0.039408785500,0.032724753097,0.002014240550,0.094766627943
0.036781533200,0.032539757751,0.001758685421,0.077039324168
0.034154280800,0.032321436283,0.001635061390,0.085184862879
0.031527028400,0.032092706393,0.001510751026,0.141509894755
0.028899776100,0.031600779556,0.001337339177,0.176300157986
0.026272523700,0.031286876902,0.001146416615,0.289930862906
0.023645271300,0.030308981581,0.001162051977,0.102724443239
0.021018019000,0.030858715384,0.001286751909,0.000885243849
0.018390766600,0.030538393202,0.001292823090,0.182253304885
0.015763514200,0.030129842726,0.001144438134,0.173254107882
0.013136261800,0.029746559834,0.000948806474,0.322166536802
0.010509009500,0.028530085747,0.000838262461,0.092483387741
0.007881757100,0.029467766064,0.000662093742,-0.269887992956
0.005254504700,0.030138369294,0.000296943849,-0.178189179029
0.002627252400,0.030546201527,0.000238688611,0.426714642054
0.000000000000,0.027983489605,0.000378312913,0.921538402300
