0.391460603250,-0.030016526549,0.000502188500,-0.405974638239
0.388833350880,-0.028955570986,0.000652108583,0.092162673270
0.386206098510,-0.030536894468,0.000777579716,0.337101147320
0.383578846140,-0.030619671836,0.001065968018,0.055919138720
0.380951593770,-0.030600006556,0.001115716809,0.058153031659
0.378324341400,-0.030857280328,0.001049182162,0.055430937568
0.375697089030,-0.030878454313,0.001124708566,0.266105261744
0.373069836660,-0.032274377476,0.001058282681,0.274033484573
0.370442584290,-0.032399143790,0.001052542896,0.054114790031
0.367815331920,-0.032566297306,0.001221710162,0.044186059169
0.365188079550,-0.032614961294,0.001362137041,-0.195302233444
0.362560827170,-0.031534925351,0.001456354399,-0.046950079320
0.359933574800,-0.032212972799,0.001706982838,0.152227241071
0.357306322430,-0.031986614795,0.001697603835,-0.056886459743
0.354679070060,-0.031756106030,0.001639125564,-0.055039386828
0.352051817690,-0.031561635496,0.001695350152,-0.057074883815
0.349424565320,-0.031363660836,0.001699185011,-0.083279178144
0.346797312950,-0.031058554538,0.001572101986,-0.135334772392
0.344170060580,-0.030571934076,0.001491544724,-0.162411319161
0.341542808210,-0.030141746406,0.001427429360,-0.177850688265
0.338915555840,-0.029584315088,0.001437901831,-0.187140373337
0.336288303460,-0.029116939735,0.001384729004,-0.113360767930
0.333661051090,-0.028974930538,0.001160953612,-0.059584334307
0.331033798720,-0.028889641883,0.001052834537,-0.043593177767
0.328406546350,-0.028861964737,0.001011158649,-0.028329274737
0.325779293980,-0.028822843917,0.000970370867,-0.036246544885
0.323152041610,-0.028715749420,0.000925255674,-0.040016075965
0.320524789240,-0.028601571905,0.000939646210,-0.038615390740
0.317897536870,-0.028594261630,0.001011738139,-0.021386755413
0.315270284500,-0.028574241529,0.001122770769,-0.047666578751
0.312643032100,-0.028368165079,0.001205699326,-0.048480552582
0.310015779800,-0.028319877668,0.001228906506,-0.020404643531
0.307388527400,-0.028216261326,0.001243758859,-0.021159229263
0.304761275000,-0.028180703197,0.001231120884,-0.014416129055
0.302134022600,-0.028134315489,0.001200924444,-0.029659284884
0.299506770300,-0.028051365449,0.001156970938,-0.028250352033
0.296879517900,-0.027980619263,0.001188207568,-0.025432841063
0.294252265500,-0.027892648562,0.001239595961,-0.024553126750
0.291625013200,-0.027851600456,0.001302149106,-0.028788332172
0.288997760800,-0.027799116254,0.001367805231,-0.036946944738
0.286370508400,-0.027694885109,0.001507004126,-0.019131974511
0.283743256000,-0.027712012522,0.001636506309,0.003320857291
0.281116003700,-0.027719616075,0.001739855806,-0.013448872231
0.278488751300,-0.027679337580,0.001932816095,-0.019716347775
0.275861498900,-0.027666019417,0.002170839383,-0.010571042147
0.273234246600,-0.027674487003,0.002277690362,-0.019727587495
0.270606994200,-0.027589241461,0.002550603307,-0.007437548190
0.267979741800,-0.027610657074,0.002864790120,-0.003158126328
0.265352489400,-0.027590252988,0.002988658549,-0.037088987328
0.262725237100,-0.027488902066,0.003191453670,-0.023916696477
0.260097984700,-0.027528013112,0.003442214042,-0.023661589268
0.257470732300,-0.027414902090,0.003561314595,-0.048621153294
0.254843480000,-0.027328466263,0.003770194565,0.004522015429
0.252216227600,-0.027392732925,0.003951042371,0.038192222420
0.249588975200,-0.027464912882,0.004163441952,0.043611332988
0.246961722900,-0.027577187609,0.004334251257,0.069346068107
0.244334470500,-0.027785572235,0.004503790604,0.118826559335
0.241707218100,-0.028136019690,0.004709241075,0.163654904139
0.239079965700,-0.028605251804,0.004818078758,0.157838270774
0.236452713400,-0.028984370486,0.004998850804,0.118823124785
0.233825461000,-0.029300713671,0.005088858905,0.108340845907
0.231198208600,-0.029609870196,0.005031978508,0.101223756267
0.228570956300,-0.029837274946,0.004919814673,0.028065798138
0.225943703900,-0.029849420354,0.004938621496,-0.027422977412
0.223316451500,-0.029830484125,0.004985690381,-0.025940719680
0.220689199100,-0.029816346403,0.004960777521,-0.005200566688
0.218061946800,-0.029875922682,0.004914586816,0.006761183598
0.215434694400,-0.029902293914,0.004968817717,0.020353530882
0.212807442000,-0.030018880734,0.004765809137,0.036695533381
0.210180189700,-0.030093684222,0.004604567783,0.039519767615
0.207552937300,-0.030161318569,0.004575245330,0.055204790387
0.204925684900,-0.030259778798,0.004424719841,0.117614449640
0.202298432500,-0.030611905473,0.004211543438,0.157883396848
0.199671180200,-0.030891357136,0.004082573399,0.144022224370
0.197043927800,-0.031129598836,0.003974093990,0.158097549793
0.194416675400,-0.031469431075,0.003774820114,0.179337272895
0.191789423100,-0.031792185652,0.003648253139,0.175046840405
0.189162170700,-0.032099017665,0.003447615789,0.166379777135
0.186534918300,-0.032382197267,0.003166940949,0.173774955987
0.183907666000,-0.032743235906,0.003041183028,0.169184893100
0.181280413600,-0.033037039815,0.002855777102,0.155545611095
0.178653161200,-0.033301692799,0.002680129079,0.123480770785
0.176025908800,-0.033441051926,0.002458426449,0.063018828069
0.173398656500,-0.033392783113,0.002110438009,0.032936924703
0.170771404100,-0.033338628084,0.001895705099,0.043279381079
0.168144151700,-0.033358902811,0.001784680862,0.074760256715
0.165516899400,-0.033434347933,0.001506339914,0.061938637032
0.162889647000,-0.033394474041,0.001309711982,0.041842774218
0.160262394600,-0.033400210142,0.001154010326,0.091985924422
0.157635142200,-0.033606808098,0.000926618210,0.194279093015
0.155007889900,-0.034186361734,0.000647322442,0.300836589177
0.152380637500,-0.034966918618,0.000475865036,0.309815518142
0.149753385100,-0.035630009194,0.000325427324,0.236093612960
0.147126132800,-0.036071380978,0.000152547959,0.112694989284
0.144498880400,-0.036152124112,0.000036294452,0.049672708307
0.141871628000,-0.036319929373,0.000013200111,0.025666686914
0.139244375600,-0.036318380139,-0.000027928871,0.065117728924
0.136617123300,-0.036677394354,0.000035429350,0.188363401060
0.133989870900,-0.037296625705,0.000152847748,0.218605452949
0.131362618500,-0.037740882596,0.000346182771,0.190534974356
0.128735366200,-0.038283325009,0.000430019051,0.214566250512
0.126108113800,-0.038868055089,0.000617959268,0.172449301290
0.123480861400,-0.039185712066,0.000884274043,0.077324146795
0.120853609000,-0.039264803977,0.001271038558,0.029351397545
0.118226356700,-0.039343200614,0.001590976485,0.023371531611
0.115599104300,-0.039445813062,0.002010974853,0.002747424658
0.112971851900,-0.039456098602,0.002401258298,-0.021692062360
0.110344599600,-0.039430647381,0.002774332032,-0.112183889809
0.107717347200,-0.039042332728,0.003002931973,-0.212933924790
0.105090094800,-0.038514012640,0.003002286231,-0.287901430547
0.102462842500,-0.037746358000,0.003088006171,-0.346196871202
0.099835590100,-0.036890351801,0.003236246022,-0.264692783987
0.097208337700,-0.036453056875,0.003393400758,-0.133941318930
0.094581085300,-0.036272520634,0.003399342406,-0.059608988742
0.091953833000,-0.036221933328,0.003402191952,0.012602577166
0.089326580600,-0.036398895756,0.003371239849,0.082070481585
0.086699328200,-0.036628300327,0.003198024950,0.116526905414
0.084072075900,-0.036971187757,0.003301337104,0.152011659607
0.081444823500,-0.037423953868,0.003516656296,0.154009280367
0.078817571100,-0.037804413137,0.003601984264,0.141736522002
0.076190318700,-0.038013639838,0.003690746561,0.021330851554
0.073563066400,-0.037818031395,0.003466058721,-0.077521969363
0.070935814000,-0.037511117689,0.003486270415,-0.062710874266
0.068308561600,-0.037336762257,0.003665234519,-0.013119491529
0.065681309300,-0.037320037901,0.003980732656,0.028071922766
0.063054056900,-0.037414455008,0.004169308176,0.055669626398
0.060426804500,-0.037567505614,0.004489361928,0.137887344937
0.057799552100,-0.037979677763,0.004688073227,0.175838146815
0.055172299800,-0.038318906253,0.004856858670,0.118571876104
0.052545047400,-0.038444218783,0.004866640051,0.107206142512
0.049917795000,-0.038659457482,0.004890975916,0.131364471418
0.047290542700,-0.038939445423,0.004853077861,0.103905346258
0.044663290300,-0.039003953900,0.004716570722,0.071481284392
0.042036037900,-0.039170779091,0.004505831048,0.077900497873
0.039408785500,-0.039327492815,0.004200252440,0.105073276409
0.036781533200,-0.039677358529,0.004078754374,0.165689241634
0.034154280800,-0.040121782718,0.003958090625,0.147432267336
0.031527028400,-0.040431870844,0.003767710840,0.149646963012
0.028899776100,-0.040941254874,0.003596962957,0.095462079366
0.026272523700,-0.041018403753,0.003335948056,0.044177003956
0.023645271300,-0.041263760517,0.003119299050,-0.096686055156
0.021018019000,-0.040649482915,0.002921712768,-0.098436529923
0.018390766600,-0.040751496719,0.002739083741,0.240863833659
0.015763514200,-0.041754229086,0.002710909709,0.166786163752
0.013136261800,-0.041666079177,0.002453162342,-0.052485411979
0.010509009500,-0.041501860747,0.002285350422,-0.138592487990
0.007881757100,-0.040948451756,0.001887549008,-0.179165951833
0.005254504700,-0.040473243276,0.001602865025,-0.321310111316
0.002627252400,-0.039193970480,0.001254337367,-1.821357985290
0.000000000000,-0.030894273955,0.000862768966,-3.168663936258
