0.391460603250,0.051202301577,0.000267655635,-0.455484640147
0.388833350880,0.052339448730,0.000992812392,-0.416417713652
0.386206098510,0.053394202410,0.000960147879,-0.250758623412
0.383578846140,0.053728505270,0.000890051885,0.018090053565
0.380951593770,0.053410194663,0.000872364783,-0.281751316597
0.378324341400,0.055222973395,0.001059200713,-0.293787916622
0.375697089030,0.054842557203,0.001101706094,0.372717292809
0.373069836660,0.053106383264,0.001153297298,0.427376974118
0.370442584290,0.052705962545,0.001196627341,0.180689209013
0.367815331920,0.052152841877,0.001088636743,0.022867143656
0.365188079550,0.052361807653,0.001041407094,-0.286469376645
0.362560827170,0.053403843116,0.001038923576,-0.458628783778
0.359933574800,0.054319196660,0.000988327071,-0.367325239152
0.357306322430,0.054966392294,0.001033460929,-0.184357793428
0.354679070060,0.054985960906,0.001027974848,-0.054882038538
0.352051817690,0.055058299129,0.001141650517,-0.065365361685
0.349424565320,0.055158131686,0.001286238551,-0.079652830637
0.346797312950,0.055337693091,0.001249523360,-0.076856323358
0.344170060580,0.055591998792,0.001252089838,-0.124206825405
0.341542808210,0.055878791007,0.001203189763,-0.099125528562
0.338915555840,0.056144028376,0.001182153243,-0.135061401095
0.336288303460,0.056510855253,0.001145187910,-0.126941678040
0.333661051090,0.056870278898,0.001095616013,-0.079811893169
0.331033798720,0.057024544881,0.001140725766,-0.056630451675
0.328406546350,0.057296524611,0.001105803879,-0.070324849064
0.325779293980,0.057456827084,0.001182556158,-0.032166962262
0.323152041610,0.057487231816,0.001242857369,-0.032657862364
0.320524789240,0.057666420978,0.001184765496,-0.024115758018
0.317897536870,0.057720869318,0.001424214776,-0.023145538464
0.315270284500,0.057817536029,0.001596991861,-0.024023274704
0.312643032100,0.057925615050,0.001737757727,-0.025374631067
0.310015779800,0.058023160463,0.001749838867,-0.044045708034
0.307388527400,0.058135232841,0.001902740649,-0.033612331567
0.304761275000,0.058188458987,0.002042182153,-0.004606100766
0.302134022600,0.058210751808,0.002039404140,-0.017021482341
0.299506770300,0.058238902441,0.002048209300,-0.006758074265
0.296879517900,0.058185032287,0.002108301900,0.000813560169
0.294252265500,0.058177303285,0.002059579263,-0.011880041008
0.291625013200,0.058161259850,0.001963744115,0.003479667226
0.288997760800,0.058091553267,0.001871293907,-0.025900014068
0.286370508400,0.058185714048,0.001733649423,-0.037322464623
0.283743256000,0.058182571017,0.001600558178,-0.002881856792
0.281116003700,0.058095210410,0.001605404120,0.016281416455
0.278488751300,0.058004143562,0.001552579169,0.009568396668
0.275861498900,0.057895781480,0.001589074054,0.030173058752
0.273234246600,0.057719203176,0.001828819852,0.031723042689
0.270606994200,0.057620655291,0.002043284950,0.002201324286
0.267979741800,0.057601474539,0.002319779428,0.015887147321
0.265352489400,0.057453525348,0.002557749485,0.025946267299
0.262725237100,0.057418497761,0.002790389111,-0.019172125003
0.260097984700,0.057478383165,0.003049288197,-0.023156897994
0.257470732300,0.057470740299,0.003134311192,-0.012820189787
0.254843480000,0.057513532155,0.003142670887,-0.023352814057
0.252216227600,0.057552667852,0.003192211308,-0.038749011424
0.249588975200,0.057632513171,0.003234433214,-0.054532798415
0.246961722900,0.057785728670,0.003219772117,-0.055991622716
0.244334470500,0.057897654857,0.003223065579,-0.030791871060
0.241707218100,0.057907007197,0.003254785363,-0.023122398406
0.239079965700,0.057966575290,0.003303523309,-0.031872558989
0.236452713400,0.058057438850,0.003403587995,-0.009277076134
0.233825461000,0.058038336954,0.003372812247,-0.018725382810
0.231198208600,0.058164060604,0.003413139851,-0.059215295770
0.228570956300,0.058342763716,0.003414553891,-0.034402859589
0.225943703900,0.058357736739,0.003300938640,0.027278950514
0.223316451500,0.058200569840,0.003290137821,0.103799359801
0.220689199100,0.057844148731,0.003282058126,0.134420890748
0.218061946800,0.057515337356,0.003293495418,0.147445744609
0.215434694400,0.057100207385,0.003311112709,0.174879353024
0.212807442000,0.056625335877,0.003287561246,0.133052416664
0.210180189700,0.056414284432,0.003314107433,0.044254211129
0.207552937300,0.056407660823,0.003273398988,0.013342525795
0.204925684900,0.056387080583,0.003214978855,0.001712507345
0.202298432500,0.056422898489,0.003230623204,0.003775523178
0.199671180200,0.056382955669,0.003212424235,0.064308232139
0.197043927800,0.056122055823,0.003153127689,0.120868747061
0.194416675400,0.055824701396,0.003087838077,0.131374661788
0.191789423100,0.055503518615,0.003034338852,0.145699832561
0.189162170700,0.055144854942,0.002990611134,0.349588998298
0.186534918300,0.053762731480,0.002739530703,0.136241588487
0.183907666000,0.054349977227,0.002516835216,-0.142470590942
0.181280413600,0.054547231348,0.002176895752,0.008664796356
0.178653161200,0.054399441994,0.001811729216,0.074354395121
0.176025908800,0.054231917836,0.001587304188,0.048466418645
0.173398656500,0.054205906932,0.001259285109,0.022500323807
0.170771404100,0.054170891314,0.000970218053,0.031648155168
0.168144151700,0.054087842453,0.000711370507,0.010524682225
0.165516899400,0.054126341420,0.000512212555,0.016572853663
0.162889647000,0.053984969305,0.000377927652,0.072159761622
0.160262394600,0.053743816038,0.000282433352,0.077177745604
0.157635142200,0.053612294773,0.000207177536,0.078874460572
0.155007889900,0.053379447112,0.000119164495,0.120793997407
0.152380637500,0.053064819493,0.000129509249,0.143578016111
0.149753385100,0.052742756102,0.000092441594,0.096314146487
0.147126132800,0.052650462116,-0.000115721324,0.003635463983
0.144498880400,0.052831363291,-0.000247927107,-0.074710426057
0.141871628000,0.053069816034,-0.000417567082,-0.065069344658
0.139244375600,0.053166580750,-0.000551397508,-0.037375559941
0.136617123300,0.053289282201,-0.000616379393,-0.031787213584
0.133989870900,0.053289855865,-0.000688329750,-0.010108895837
0.131362618500,0.053226613065,-0.000742746211,0.013475116589
0.128735366200,0.053109756089,-0.000670713043,-0.027777420746
0.126108113800,0.053274478276,-0.000453822410,-0.140621167770
0.123480861400,0.053759573837,-0.000280167017,-0.199124802427
0.120853609000,0.054224328590,-0.000338628592,-0.212986207816
0.118226356700,0.054758715103,-0.000407190892,-0.136668844257
0.115599104300,0.054855220308,-0.000515084535,0.000284406976
0.112971851900,0.054673727176,-0.000760647071,0.094084363965
0.110344599600,0.054285181805,-0.000952258115,0.118699174296
0.107717347200,0.053929583070,-0.001020180163,0.155549082089
0.105090094800,0.053344381813,-0.000982566400,0.190131457872
0.102462842500,0.052789490464,-0.000829287708,0.150809874484
0.099835590100,0.052405266050,-0.000651588101,0.094297306200
0.097208337700,0.052122640951,-0.000492561149,0.084921180386
0.094581085300,0.051821312659,-0.000147876457,0.068033338016
0.091953833000,0.051599101238,0.000024259300,0.054158212967
0.089326580600,0.051406396621,0.000253417255,0.056077173527
0.086699328200,0.051208908721,0.000294929048,0.058099056535
0.084072075900,0.051059881851,0.000379105610,0.034128196274
0.081444823500,0.051005932912,0.000555088704,0.037485818319
0.078817571100,0.050852965193,0.000775648499,0.046954122400
0.076190318700,0.050767857818,0.000746446448,0.019834782292
0.073563066400,0.050804081624,0.000708259652,0.044996571222
0.070935814000,0.050661416609,0.000798399047,0.076026608996
0.068308561600,0.050606759031,0.000935186675,0.088648074408
0.065681309300,0.050469657067,0.000905211581,0.137155558382
0.063054056900,0.050253714348,0.000925574544,0.191054208881
0.060426804500,0.049882666440,0.000945183788,0.169805646669
0.057799552100,0.049661723061,0.001116851663,0.105281764166
0.055172299800,0.049677343291,0.001158437063,0.036355330683
0.052545047400,0.049806216288,0.001069614225,-0.013929246907
0.049917795000,0.050005860900,0.001056801091,-0.023021221273
0.047290542700,0.050105187930,0.000832696108,-0.001487324661
0.044663290300,0.050197363690,0.000789829290,0.023951760288
0.042036037900,0.050193430985,0.000652741436,0.072039294326
0.039408785500,0.049972683964,0.000395283122,0.160110759570
0.036781533200,0.049532763619,0.000333885180,0.214297560612
0.034154280800,0.049065013781,0.000338772225,0.246598681516
0.031527028400,0.048487012186,0.000495567655,0.216500360926
0.028899776100,0.048115301251,0.000676106743,0.139881308993
0.026272523700,0.047861825170,0.000722552863,0.317188487932
0.023645271300,0.046501643620,0.000477359689,0.102541643266
0.021018019000,0.047229871728,0.000635613594,-0.092054921348
0.018390766600,0.047138757709,0.000999216123,0.020883043258
0.015763514200,0.047226120224,0.001018633685,0.014306755747
0.013136261800,0.047177151192,0.001064216643,0.043240743660
0.010509009500,0.047132607982,0.000908187752,0.068651392812
0.007881757100,0.046968303215,0.000716413395,0.054515052418
0.005254504700,0.046917688628,0.000609908634,0.076627293477
0.002627252400,0.046533973195,0.000329563866,0.795450139260
0.000000000000,0.042719132313,0.000241729277,1.468329676119
