0.391460603250,-0.048937498057,0.000138030345,-0.386301309587
0.388833350880,-0.047868614711,0.000393002229,-0.327343019800
0.386206098510,-0.047020728803,0.000627510685,0.210280391579
0.383578846140,-0.048912660676,0.000898429155,0.368432589478
0.380951593770,-0.048959385858,0.000984678413,0.115440908724
0.378324341400,-0.049512104282,0.001034766025,0.179847176340
0.375697089030,-0.049918463654,0.001047947916,0.060183405915
0.373069836660,-0.049789606262,0.001130560819,0.368041446454
0.370442584290,-0.051843014265,0.001059767383,0.457068487176
0.367815331920,-0.052206526621,0.000845308669,0.139123073170
0.365188079550,-0.052403667878,0.000819324668,0.065729310007
0.362560827170,-0.052331121728,0.000865110955,-0.030697667695
0.359933574800,-0.052034555689,0.000923999911,-0.133657682407
0.357306322430,-0.051449849745,0.001119278601,-0.284806703792
0.354679070060,-0.050428984850,0.001211180902,-0.551606776245
0.352051817690,-0.048493675553,0.001122334258,0.081850612392
0.349424565320,-0.050784117349,0.001184397869,0.437384055046
0.346797312950,-0.050690313030,0.001170942618,-0.088268757181
0.344170060580,-0.050216127271,0.001289673651,-0.172961104974
0.341542808210,-0.049716785198,0.001249387755,-0.171716517457
0.338915555840,-0.049264024465,0.001141848107,-0.181994726037
0.336288303460,-0.048722476362,0.001061775899,-0.182261987467
0.333661051090,-0.048251239016,0.001037601787,-0.154937319739
0.331033798720,-0.048024085563,0.001094436425,-0.102321094165
0.328406546350,-0.047864962893,0.001054420342,-0.063043057709
0.325779293980,-0.047792337761,0.001100964647,-0.048115641607
0.323152041610,-0.047727790820,0.001059867180,-0.041404707420
0.320524789240,-0.047704750047,0.001083275598,-0.024815645290
0.317897536870,-0.047691937552,0.001118519136,-0.041583809924
0.315270284500,-0.047611822877,0.001173759733,-0.047470761783
0.312643032100,-0.047598680882,0.001151271450,-0.029193428634
0.310015779800,-0.047590052980,0.001167314850,-0.037555975581
0.307388527400,-0.047474295762,0.001257178768,-0.044796237992
0.304761275000,-0.047423316993,0.001323927228,-0.020060871641
0.302134022600,-0.047416860784,0.001306719440,-0.021532602857
0.299506770300,-0.047364884618,0.001298282242,-0.008173909156
0.296879517900,-0.047383697895,0.001362094740,-0.004274034088
0.294252265500,-0.047358852223,0.001421967506,-0.044531601514
0.291625013200,-0.047185021058,0.001491634407,-0.070749659834
0.288997760800,-0.047029503634,0.001607764194,-0.045891761362
0.286370508400,-0.046971367398,0.001703249259,-0.033510066701
0.283743256000,-0.046910413820,0.001790276095,-0.033550752478
0.281116003700,-0.046820315344,0.001950191117,-0.015485227529
0.278488751300,-0.046846640557,0.002053998551,-0.013246662046
0.275861498900,-0.046733906397,0.002276713178,-0.037395644268
0.273234246600,-0.046614940792,0.002509946427,-0.027232407257
0.270606994200,-0.046628852803,0.002699750329,0.004705125016
0.267979741800,-0.046600865906,0.002904325425,-0.003205508850
0.265352489400,-0.046583559103,0.003125970672,-0.007070119004
0.262725237100,-0.046568200378,0.003313040299,-0.014664959307
0.260097984700,-0.046477308831,0.003497550849,-0.023697789222
0.257470732300,-0.046415277896,0.003633120794,0.013616262148
0.254843480000,-0.046465538010,0.003751319770,0.050132120567
0.252216227600,-0.046579786048,0.003875774324,0.076523357614
0.249588975200,-0.046767667556,0.004021399629,0.103314300442
0.246961722900,-0.047029787349,0.004221934396,0.138575182763
0.244334470500,-0.047392646501,0.004416801942,0.173856944630
0.241707218100,-0.047859238090,0.004576755969,0.210946888863
0.239079965700,-0.048406657530,0.004787537882,0.216730146893
0.236452713400,-0.048993064590,0.004960765272,0.181196201114
0.233825461000,-0.049360351028,0.005038017701,0.136250353170
0.231198208600,-0.049638610212,0.005110646602,0.101300687001
0.228570956300,-0.049831074468,0.005163500466,0.028636592003
0.225943703900,-0.049752210760,0.005165954355,-0.055100880775
0.223316451500,-0.049540772968,0.005147999315,-0.044151236257
0.220689199100,-0.049549661829,0.005112171010,-0.018206282041
0.218061946800,-0.049505977362,0.005083954306,-0.003435990084
0.215434694400,-0.049534924593,0.004985275709,0.041992305451
0.212807442000,-0.049717835489,0.004718754371,0.044247892959
0.210180189700,-0.049788198678,0.004477565186,0.029477882060
0.207552937300,-0.049855401515,0.004257779321,0.096650236556
0.204925684900,-0.050199072972,0.003963733999,0.178579451780
0.202298432500,-0.050666583049,0.003707537008,0.198562569965
0.199671180200,-0.051075620788,0.003413838534,0.199120815654
0.197043927800,-0.051517730495,0.003233783308,0.226676517998
0.194416675400,-0.052031574350,0.003111851731,0.209658689743
0.191789423100,-0.052450944065,0.002935130779,0.147125269374
0.189162170700,-0.052636926548,0.002739135256,0.128334740830
0.186534918300,-0.052928004482,0.002475333099,0.156452038950
0.183907666000,-0.053226622696,0.002221271760,0.143403035682
0.181280413600,-0.053485538767,0.002061178708,0.135647659405
0.178653161200,-0.053725208264,0.001825810037,0.121124758611
0.176025908800,-0.053907054729,0.001492136196,0.091430773274
0.173398656500,-0.053980119994,0.001268352228,0.048789905106
0.170771404100,-0.053941467770,0.001029210736,0.045608678127
0.168144151700,-0.053951312911,0.000828920608,0.047000122979
0.165516899400,-0.053980888168,0.000764054108,0.048579285931
0.162889647000,-0.054004730773,0.000585645928,0.041487929356
0.160262394600,-0.054002397781,0.000416919906,0.057152379399
0.157635142200,-0.054126436732,0.000289490894,0.124561954485
0.155007889900,-0.054460408824,0.000217324423,0.169410061748
0.152380637500,-0.054846086240,0.000106502028,0.121741443408
0.149753385100,-0.055024319558,0.000068753422,0.020586022543
0.147126132800,-0.054975224407,0.000091086430,-0.009615830851
0.144498880400,-0.054998602657,0.000143949343,0.034757598129
0.141871628000,-0.055154458884,0.000167983885,0.068157340622
0.139244375600,-0.055342905166,0.000226259278,0.069497204252
0.136617123300,-0.055504302782,0.000245619137,0.131630641538
0.133989870900,-0.055975959714,0.000422366439,0.182309224971
0.131362618500,-0.056425081551,0.000676136934,0.142315477771
0.128735366200,-0.056784956255,0.000815661523,0.133721962073
0.126108113800,-0.057226962308,0.001084498994,0.123593660211
0.123480861400,-0.057453815652,0.001542728596,0.080618898684
0.120853609000,-0.057613401920,0.001894249332,0.048008541422
0.118226356700,-0.057679522503,0.002282142038,0.022197774775
0.115599104300,-0.057718488356,0.002634258905,0.040148985943
0.112971851900,-0.057915574809,0.002956949729,0.009079401829
0.110344599600,-0.057803451166,0.003152229096,-0.125311984021
0.107717347200,-0.057308351029,0.003281796868,-0.210073311504
0.105090094800,-0.056703335323,0.003526005483,-0.201038101475
0.102462842500,-0.056242621509,0.003746895844,-0.182174575095
0.099835590100,-0.055779298380,0.003747115989,-0.114112620439
0.097208337700,-0.055700185922,0.003918440201,-0.029651356531
0.094581085300,-0.055669666036,0.003945123909,0.067562200702
0.091953833000,-0.056058258063,0.003872068650,0.163275596451
0.089326580600,-0.056426593767,0.003705521702,0.171679809657
0.086699328200,-0.056826348622,0.003588338706,0.161439750343
0.084072075900,-0.057155614949,0.003560252918,0.153098130329
0.081444823500,-0.057407344060,0.003595794009,0.117461206225
0.078817571100,-0.057611535966,0.003576322353,0.025150193773
0.076190318700,-0.057497783344,0.003551995306,-0.061232751100
0.073563066400,-0.057191173241,0.003642224057,-0.076018613641
0.070935814000,-0.057006757893,0.003893479774,-0.034415443553
0.068308561600,-0.056898536656,0.003968083553,0.008119106315
0.065681309300,-0.056847593496,0.004080026391,0.054565547751
0.063054056900,-0.056972910859,0.004259700937,0.092411760619
0.060426804500,-0.057184130882,0.004300774741,0.111646256912
0.057799552100,-0.057411235474,0.004476059279,0.110480352319
0.055172299800,-0.057620079645,0.004586240178,0.089627972679
0.052545047400,-0.057768477723,0.004619049108,0.066630020446
0.049917795000,-0.057846002748,0.004638344623,0.062131531270
0.047290542700,-0.057969935112,0.004665577278,0.099719965455
0.044663290300,-0.058222020234,0.004562434424,0.125740873136
0.042036037900,-0.058486539841,0.004392205219,0.121338012462
0.039408785500,-0.058725177500,0.004173883732,0.138124894227
0.036781533200,-0.059070914719,0.003997963577,0.155618054011
0.034154280800,-0.059430612052,0.003892678497,0.145891567683
0.031527028400,-0.059740572343,0.003849424910,0.156385543637
0.028899776100,-0.060181663201,0.003823596923,0.127300135166
0.026272523700,-0.060318713044,0.003660735190,-0.167832883390
0.023645271300,-0.059265188222,0.003554805801,0.104136042376
0.021018019000,-0.060826923757,0.003431269663,0.496840193122
0.018390766600,-0.061843296974,0.003405910528,0.250963897162
0.015763514200,-0.062112311879,0.003412893998,0.038880324916
0.013136261800,-0.062092951445,0.003143653443,-0.071141913195
0.010509009500,-0.061847273282,0.002780516716,-0.203803450160
0.007881757100,-0.061146404920,0.002491498013,-0.288845510830
0.005254504700,-0.060389295926,0.002190797535,-0.318234406078
0.002627252400,-0.059480527393,0.001822664920,-1.287014786730
0.000000000000,-0.053646997785,0.001353196240,-2.239189110465
