0.391460603250,0.053610501170,0.000487358774,-0.582770560336
0.388833350880,0.055094490119,0.000821338505,-0.588666435687
0.386206098510,0.056800493984,0.001066097636,0.456186937765
0.383578846140,0.052935251268,0.000951485854,0.589675709174
0.380951593770,0.053696650776,0.001047884549,-0.441303328916
0.378324341400,0.055209717419,0.001096405362,-0.646477711582
0.375697089030,0.057052635327,0.001129020575,-0.297523102184
0.373069836660,0.056742248867,0.001249031175,0.174136875086
0.370442584290,0.056099338368,0.001344739305,-0.155286880004
0.367815331920,0.057539313713,0.001425198250,-0.458199428852
0.365188079550,0.058437728701,0.001525201346,-0.153421753781
0.362560827170,0.058236568659,0.001467724343,-0.140071587814
0.359933574800,0.059051074493,0.001621641585,-0.325604189998
0.357306322430,0.059871554735,0.001674514195,-0.180463892463
0.354679070060,0.059992536039,0.001767034517,-0.030070479921
0.352051817690,0.060036328545,0.001886828919,-0.018660495760
0.349424565320,0.060090955454,0.001869064226,-0.006873727859
0.346797312950,0.060078076953,0.001908386627,-0.010044650127
0.344170060580,0.060112176749,0.001898770116,-0.020545656904
0.341542808210,0.060152356153,0.001901958508,0.000574798650
0.338915555840,0.060166191928,0.001911633863,-0.000842560932
0.336288303460,0.060212786155,0.001843381059,-0.005296250280
0.333661051090,0.060225052210,0.001767148170,0.017495082580
0.331033798720,0.060123279182,0.001721316050,0.022909191278
0.328406546350,0.060074779291,0.001655639746,0.009140982703
0.325779293980,0.060089559904,0.001699730707,0.004783959640
0.323152041610,0.060119224977,0.001745730704,0.018856004041
0.320524789240,0.060120303612,0.001597561205,0.023713554236
0.317897536870,0.060130934919,0.001637415602,0.015313561479
0.315270284500,0.060201086008,0.001707135383,0.001406844444
0.312643032100,0.060277955205,0.001686181256,0.005815108280
0.310015779800,0.060259086645,0.001826317246,0.024317007537
0.307388527400,0.060296136139,0.001927033958,-0.018895022607
0.304761275000,0.060515235046,0.002027477594,-0.060093224289
0.302134022600,0.060639871365,0.002313277224,-0.020726724690
0.299506770300,0.060640309197,0.002479242638,0.010338573444
0.296879517900,0.060644458547,0.002634561887,0.013004769823
0.294252265500,0.060608758940,0.002888708322,0.008886648957
0.291625013200,0.060550161286,0.002898130378,0.015320112225
0.288997760800,0.060494991010,0.002918230152,0.015938670058
0.286370508400,0.060472385502,0.002926450262,-0.008339799516
0.283743256000,0.060471200671,0.003101747531,-0.002389487044
0.281116003700,0.060489190129,0.003109780079,-0.005651423253
0.278488751300,0.060492655276,0.003102470759,0.007180252549
0.275861498900,0.060431184955,0.003078140700,0.039760291420
0.273234246600,0.060251556090,0.002917158218,0.028399045236
0.270606994200,0.060213909701,0.002675862740,0.011260244710
0.267979741800,0.060149993089,0.002554526804,0.024467540366
0.265352489400,0.060099268220,0.002288398021,0.026133848685
0.262725237100,0.059978572583,0.002013264481,0.039143887469
0.260097984700,0.059833373179,0.001748248220,0.032398306481
0.257470732300,0.059737032675,0.001776118930,0.022834283292
0.254843480000,0.059613479638,0.001977332235,0.022016397186
0.252216227600,0.059527342562,0.002270491413,0.011534280314
0.249588975200,0.059528951574,0.002725705622,-0.018314119219
0.246961722900,0.059644617261,0.003010279711,-0.062972053741
0.244334470500,0.059853831863,0.003147422392,-0.071996519090
0.241707218100,0.060012456313,0.003208874533,-0.063976710790
0.239079965700,0.060201812575,0.003176302211,-0.070096504692
0.236452713400,0.060403477098,0.003102678138,-0.078602792734
0.233825461000,0.060602454907,0.003056977236,-0.069512969192
0.231198208600,0.060802785163,0.003041123765,-0.026490173618
0.228570956300,0.060779101663,0.002984532263,0.010709865932
0.225943703900,0.060760651204,0.002960969096,-0.022253410401
0.223316451500,0.060921149892,0.002972058064,-0.047566618446
0.220689199100,0.061063156858,0.003015811941,-0.025954844472
0.218061946800,0.061139458204,0.002959950645,-0.013765673057
0.215434694400,0.061227774808,0.002978348281,0.008108714305
0.212807442000,0.061155840712,0.002953293533,0.084513455837
0.210180189700,0.060826066244,0.002781756537,0.106776969823
0.207552937300,0.060563927075,0.002548887035,0.113036076514
0.204925684900,0.060266592233,0.002353163134,0.091998894526
0.202298432500,0.059996284117,0.002207852370,0.063181210573
0.199671180200,0.059877083293,0.002157482168,0.041081182571
0.197043927800,0.059759692045,0.002317175589,0.062006142570
0.194416675400,0.059596220234,0.002281618680,0.038961595006
0.191789423100,0.059555722658,0.002175395378,0.024902450647
0.189162170700,0.059469852529,0.002268428604,0.015526746922
0.186534918300,0.059444635498,0.002247008309,0.007670817310
0.183907666000,0.059360252399,0.002235609854,0.018064226263
0.181280413600,0.059277901015,0.002240539900,0.034180991834
0.178653161200,0.059203224767,0.002260803423,0.051019601831
0.176025908800,0.059073186368,0.002273180736,0.049690557704
0.173398656500,0.058914661323,0.002346640045,0.064053407120
0.170771404100,0.058737822776,0.002414400902,0.066310776685
0.168144151700,0.058570532913,0.002434140803,0.060756787910
0.165516899400,0.058445105621,0.002340924504,0.051154757132
0.162889647000,0.058330284437,0.002222270933,0.074298382273
0.160262394600,0.058076089663,0.002156173784,0.099496740675
0.157635142200,0.057796727759,0.002115549858,0.095960446406
0.155007889900,0.057518202115,0.001874823851,0.118627052479
0.152380637500,0.057214399633,0.001623723118,0.108937046898
0.149753385100,0.057027335945,0.001353009622,0.072854411415
0.147126132800,0.056884841876,0.001120656432,0.042828086093
0.144498880400,0.056769869901,0.000834145341,0.040192860636
0.141871628000,0.056633089225,0.000638334618,0.087638303902
0.139244375600,0.056405064593,0.000353325869,0.145763755915
0.136617123300,0.056092983597,0.000157468974,0.160190595233
0.133989870900,0.055783418505,0.000168261828,0.108985433366
0.131362618500,0.055685300258,-0.000090543796,-0.002903141050
0.128735366200,0.055945378963,-0.000273354270,-0.092051287180
0.126108113800,0.056277580756,-0.000259269728,-0.043785566771
0.123480861400,0.056296253444,-0.000149675938,0.057994620410
0.120853609000,0.056137376688,-0.000142074494,0.074556799680
0.118226356700,0.056084307422,-0.000191152481,0.021821265253
0.115599104300,0.056160031409,-0.000080409603,-0.007906275983
0.112971851900,0.056258023474,-0.000018030676,0.007409482428
0.110344599600,0.056265023291,-0.000026154000,0.061181308277
0.107717347200,0.056137618288,-0.000010969453,0.140374792461
0.105090094800,0.055864271832,0.000080103031,0.204629795997
0.102462842500,0.055418567319,0.000283909690,0.257677819617
0.099835590100,0.054906999636,0.000463253257,0.246984075587
0.097208337700,0.054480862626,0.000562912735,0.169976673655
0.094581085300,0.054312001532,0.000712555200,0.117199921073
0.091953833000,0.054154536460,0.000750550177,0.119518153369
0.089326580600,0.053991404132,0.000910493853,0.139851146056
0.086699328200,0.053748288978,0.001131958432,0.128744086604
0.084072075900,0.053626533564,0.001384995288,0.086537591968
0.081444823500,0.053539283599,0.001543529802,0.107424213263
0.078817571100,0.053383332035,0.001614013650,0.148718196790
0.076190318700,0.053156190210,0.001712820889,0.188321135539
0.073563066400,0.052799524920,0.001788362921,0.212305162509
0.070935814000,0.052441717734,0.001761113175,0.174621644436
0.068308561600,0.052307458085,0.001809932403,0.140133566018
0.065681309300,0.052213148120,0.001863346315,0.109567781567
0.063054056900,0.052170587783,0.001995110476,0.064147233087
0.060426804500,0.052323288212,0.002060441281,0.027224566365
0.057799552100,0.052429483246,0.001934767222,0.026267729652
0.055172299800,0.052577898800,0.001820410149,0.046353310906
0.052545047400,0.052554487978,0.001790722724,0.078770175348
0.049917795000,0.052467163584,0.001636160843,0.127993372541
0.047290542700,0.052138045521,0.001432079616,0.146205463578
0.044663290300,0.051921426647,0.001263320496,0.104369704448
0.042036037900,0.051751245594,0.001210901539,0.062702955937
0.039408785500,0.051655989274,0.001046049541,0.012897204094
0.036781533200,0.051721046963,0.000912087978,0.028892322938
0.034154280800,0.051531612509,0.000616210232,0.161508702071
0.031527028400,0.050917489395,0.000665453870,0.226889123934
0.028899776100,0.050409863907,0.000575120657,0.165187325382
0.026272523700,0.050094554179,0.000395417486,0.447170000494
0.023645271300,0.048084847410,0.000145363292,0.315440748603
0.021018019000,0.048516330447,0.000170396107,-0.158353185529
0.018390766600,0.049020196030,0.000381666408,-0.078184701693
0.015763514200,0.048945858751,0.000379748918,0.024041628716
0.013136261800,0.048783111568,0.000291970324,-0.001200678383
0.010509009500,0.048816487853,0.000273950228,-0.112026182954
0.007881757100,0.049228306771,0.000277126097,-0.252995470613
0.005254504700,0.049967881421,0.000335301300,-0.139823212963
0.002627252400,0.049766530652,0.000174345992,1.600161623048
0.000000000000,0.041464213370,-0.000219588978,3.144999254073
