0.391460603250,-0.035350960992,-0.000024659445,0.891262704573
0.388833350880,-0.037743412787,-0.000214204565,0.523820034297
0.386206098510,-0.038288558239,-0.000466415788,0.030754274463
0.383578846140,-0.038247393119,-0.000792171203,0.472878516935
0.380951593770,-0.040833188589,-0.001014673730,0.759245405713
0.378324341400,-0.042230473069,-0.000972114018,0.262895802850
0.375697089030,-0.042256527850,-0.000811987952,-0.031865296189
0.373069836660,-0.042098959636,-0.000630018506,-0.347740703919
0.370442584290,-0.040503420596,-0.000381168963,0.037610001703
0.367815331920,-0.042277469149,-0.000188219203,0.511869308138
0.365188079550,-0.043118744775,-0.000124845637,0.126651776591
0.362560827170,-0.042878040344,-0.000108453466,-0.219053770645
0.359933574800,-0.041940400952,0.000020832797,-0.047667802643
0.357306322430,-0.042668207329,0.000155025428,0.095958978834
0.354679070060,-0.042390651231,0.000131915584,-0.055164365842
0.352051817690,-0.042224130129,0.000278048767,-0.040858096106
0.349424565320,-0.042110621128,0.000533174289,-0.073066601898
0.346797312950,-0.041921475589,0.000679817889,-0.087058006644
0.344170060580,-0.041628115731,0.000759931798,-0.121989445340
0.341542808210,-0.041202670590,0.000937355764,-0.185451016586
0.338915555840,-0.040695884614,0.001099796000,-0.149203947140
0.336288303460,-0.040400481162,0.001235001832,-0.157757464611
0.333661051090,-0.039958780841,0.001308409174,-0.201022116993
0.331033798720,-0.039422873391,0.001314405640,-0.195947727587
0.328406546350,-0.039030172159,0.001256121959,-0.135475812282
0.325779293980,-0.038744892122,0.001321634681,-0.122377851213
0.323152041610,-0.038417844229,0.001415313627,-0.112447365441
0.320524789240,-0.038204741922,0.001601739111,-0.083006692434
0.317897536870,-0.037969126856,0.001630127848,-0.085523712187
0.315270284500,-0.037721573402,0.001744834851,-0.053262201640
0.312643032100,-0.037654592214,0.001730729502,0.000296240630
0.310015779800,-0.037686175984,0.001755698272,0.007911075978
0.307388527400,-0.037664954904,0.001765285487,0.001870396969
0.304761275000,-0.037666765005,0.001776523759,-0.002142195407
0.302134022600,-0.037659116643,0.001826059588,0.006609986202
0.299506770300,-0.037702280602,0.001799826233,-0.001505175006
0.296879517900,-0.037696416973,0.001845567685,0.023794250628
0.294252265500,-0.037832010887,0.001934134030,0.070734979566
0.291625013200,-0.038082945957,0.001922588527,0.081391621932
0.288997760800,-0.038259965952,0.002015411104,0.068009141242
0.286370508400,-0.038407191294,0.002193772068,0.041350574281
0.283743256000,-0.038504212850,0.002425976124,0.031866078376
0.281116003700,-0.038602150605,0.002629090153,0.038296285149
0.278488751300,-0.038736898610,0.002736923305,0.041615354306
0.275861498900,-0.038835330779,0.002863196304,0.006088651231
0.273234246600,-0.038782891828,0.003027456083,-0.040913304469
0.270606994200,-0.038665522001,0.003187829770,-0.029475002711
0.267979741800,-0.038656659166,0.003236109124,-0.004458998798
0.265352489400,-0.038654183020,0.003260187695,-0.021285542133
0.262725237100,-0.038512872783,0.003249124712,-0.040099392717
0.260097984700,-0.038417662309,0.003259479640,-0.002163534124
0.257470732300,-0.038462998403,0.003314372490,0.014199945000
0.254843480000,-0.038385451274,0.003335604251,-0.006123186674
0.252216227600,-0.038254070092,0.003295927789,0.006131658309
0.249588975200,-0.038209566370,0.003192407478,0.033100175012
0.246961722900,-0.038186458136,0.003130322761,0.008710184976
0.244334470500,-0.038055832528,0.002995757032,-0.008530711453
0.241707218100,-0.037940716084,0.002850661130,-0.006755321914
0.239079965700,-0.037844876239,0.002792685961,0.028373370874
0.236452713400,-0.037919540949,0.002751883900,0.101934434824
0.233825461000,-0.038164657384,0.002670154592,0.183362382576
0.231198208600,-0.038585325731,0.002785944254,0.228696630595
0.228570956300,-0.039080537211,0.003009285349,0.236124149481
0.225943703900,-0.039602983443,0.003204681039,0.227893705355
0.223316451500,-0.040071432633,0.003454984349,0.191453540640
0.220689199100,-0.040422285581,0.003712979974,0.147055496956
0.218061946800,-0.040672415349,0.003884075169,0.090406712426
0.215434694400,-0.040729914995,0.004061581650,0.019908185573
0.212807442000,-0.040637911352,0.004144889000,0.017976623683
0.210180189700,-0.040696014280,0.004128047585,0.069833551180
0.207552937300,-0.040872678575,0.004086988512,0.114963440831
0.204925684900,-0.041135723774,0.003977497604,0.152040944578
0.202298432500,-0.041542034752,0.003777155911,0.204172245550
0.199671180200,-0.042126375853,0.003612687169,0.217351656994
0.197043927800,-0.042638237838,0.003426710081,0.212634554114
0.194416675400,-0.043198690710,0.003262430407,0.224984135918
0.191789423100,-0.043784969078,0.003026972944,0.236826778613
0.189162170700,-0.044357879682,0.002616653772,0.235452932048
0.186534918300,-0.044958363335,0.002221176050,0.218641282282
0.183907666000,-0.045487960705,0.001775307575,0.151011355681
0.181280413600,-0.045696399113,0.001238960468,0.058511332300
0.178653161200,-0.045740471986,0.000993053829,-0.051121770020
0.176025908800,-0.045449471786,0.000753990005,-0.191734600651
0.173398656500,-0.044889145536,0.000667784350,-0.251601718313
0.170771404100,-0.044265811280,0.000815902155,-0.248729816756
0.168144151700,-0.043735209079,0.000823511368,-0.220333445617
0.165516899400,-0.043244229048,0.000752559546,-0.164838784067
0.162889647000,-0.042966235037,0.000913490575,-0.106052189949
0.160262394600,-0.042792254641,0.001090090476,-0.097740583343
0.157635142200,-0.042571097736,0.001117856642,-0.086905685108
0.155007889900,-0.042455565151,0.001178262414,-0.037022485736
0.152380637500,-0.042531516339,0.001403048592,-0.036089461122
0.149753385100,-0.042424653646,0.001704588554,-0.041995197302
0.147126132800,-0.042449496199,0.001945914720,-0.027481037522
0.144498880400,-0.042455397663,0.002018016329,-0.062153240796
0.141871628000,-0.042302984946,0.002069890946,-0.083019145756
0.139244375600,-0.042174608630,0.002191797506,-0.074310665062
0.136617123300,-0.042086390129,0.002307514052,-0.078421758900
0.133989870900,-0.041932657642,0.002394420402,-0.086282722526
0.131362618500,-0.041829979447,0.002381278947,-0.050830569116
0.128735366200,-0.041803159063,0.002360282339,-0.038703092195
0.126108113800,-0.041701820010,0.002399763433,-0.070590582172
0.123480861400,-0.041484275666,0.002337903070,-0.047676006953
0.120853609000,-0.041473799081,0.002370962003,-0.002994839657
0.118226356700,-0.041444913784,0.002367569715,0.019687551123
0.115599104300,-0.041534171737,0.002285137090,0.117392139357
0.112971851900,-0.041984944822,0.002248717909,0.187283564204
0.110344599600,-0.042452563045,0.002262333695,0.193218556488
0.107717347200,-0.042925071761,0.002278511926,0.130721501608
0.105090094800,-0.043217416298,0.002270710989,0.081278930422
0.102462842500,-0.043337445766,0.002163541498,0.032178910320
0.099835590100,-0.043341615437,0.002267181781,0.017081284878
0.097208337700,-0.043401433447,0.002411949977,0.000695153173
0.094581085300,-0.043347525620,0.002330316239,-0.020452314483
0.091953833000,-0.043354381436,0.002280149586,0.041563063588
0.089326580600,-0.043605935911,0.002234819156,0.081044695646
0.086699328200,-0.043758480376,0.002203925418,0.102262742100
0.084072075900,-0.044064337215,0.002325089625,0.137039898698
0.081444823500,-0.044359678412,0.002202435686,0.101451092953
0.078817571100,-0.044468356337,0.001996191577,0.076659525288
0.076190318700,-0.044651885068,0.001857275901,0.107317596800
0.073563066400,-0.045005818686,0.001840983572,0.188084254999
0.070935814000,-0.045550594594,0.001919725744,0.237167137993
0.068308561600,-0.046102333742,0.001893166036,0.200688786030
0.065681309300,-0.046481064145,0.001910975090,0.106139384480
0.063054056900,-0.046569451146,0.001989051617,-0.013110779820
0.060426804500,-0.046366405412,0.002169464421,-0.117950742318
0.057799552100,-0.045914030332,0.002275717382,-0.160376308443
0.055172299800,-0.045484996903,0.002241472433,-0.130020698871
0.052545047400,-0.045149995724,0.002315778950,-0.093982416857
0.049917795000,-0.044818278052,0.002571291305,-0.035506903835
0.047290542700,-0.044825377993,0.002684635060,0.072943151044
0.044663290300,-0.045092240889,0.002500938005,0.202100703538
0.042036037900,-0.045669655389,0.002456710518,0.279221000658
0.039408785500,-0.046301170841,0.002430522716,0.272503643598
0.036781533200,-0.046847637025,0.002254930619,0.215582961750
0.034154280800,-0.047216705386,0.002160285224,0.146676007184
0.031527028400,-0.047479410067,0.002141071787,0.170105844529
0.028899776100,-0.047966119267,0.002093481241,0.102085063401
0.026272523700,-0.047901946621,0.002170196134,-0.017973835019
0.023645271300,-0.047658806966,0.002216276627,0.057678171774
0.021018019000,-0.048011366269,0.002126979462,0.446163261496
0.018390766600,-0.049876466596,0.002100736535,0.504638745165
0.015763514200,-0.050532222578,0.002023211867,0.264176563733
0.013136261800,-0.051140771775,0.001829999947,0.207428907374
0.010509009500,-0.051506228324,0.001649983141,0.100396077373
0.007881757100,-0.051589430304,0.001448389340,0.014200817509
0.005254504700,-0.051491231861,0.001320892873,-0.114038791471
0.002627252400,-0.050948687266,0.001092783593,-1.469693175614
0.000000000000,-0.043758116142,0.000990445642,-2.750172697565
