0.391460603250,0.015470468367,0.000449933482,0.330313351536
0.388833350880,0.014404342945,0.000692185218,0.227884114191
0.386206098510,0.014527678204,0.001042061615,-0.163681626929
0.383578846140,0.015144462296,0.000963980496,-0.117163370240
0.380951593770,0.015029966365,0.001015331834,0.001373409542
0.378324341400,0.015005719557,0.000999916668,-0.041854872020
0.375697089030,0.015188310596,0.000967914353,-0.046654984736
0.373069836660,0.015199206812,0.000869760475,0.040668636574
0.370442584290,0.015050551786,0.000788900073,0.094239838724
0.367815331920,0.014873906686,0.000756403161,0.108492174668
0.365188079550,0.014722991730,0.000659818814,0.096565205425
0.362560827170,0.014564869727,0.000588156646,0.050610090282
0.359933574800,0.014550910719,0.000630653812,0.084533636310
0.357306322430,0.014231412348,0.000550945614,-0.014893013003
0.354679070060,0.014797614552,0.000606478182,-0.102107871744
0.352051817690,0.015087562256,0.000713072556,-0.034513707059
0.349424565320,0.015295828660,0.000773085661,-0.022754617751
0.346797312950,0.015460895812,0.000898668444,-0.026621043302
0.344170060580,0.015633016250,0.000929210870,0.003997224344
0.341542808210,0.015653339266,0.000895230996,0.177507301745
0.338915555840,0.014927288516,0.000736715677,0.005391486276
0.336288303460,0.015509367997,0.000802589009,-0.125353531943
0.333661051090,0.015673338696,0.000903628669,-0.003656481192
0.331033798720,0.015650987803,0.000955217369,0.010336455231
0.328406546350,0.015759993331,0.000841150378,-0.034961282267
0.325779293980,0.015943722529,0.000878721379,-0.056181404864
0.323152041610,0.016090804090,0.001058609588,-0.038816186885
0.320524789240,0.016148980210,0.001221013962,-0.045340386525
0.317897536870,0.016278422768,0.001403148533,-0.051151957639
0.315270284500,0.016350893029,0.001595397024,-0.047903673662
0.312643032100,0.016452777949,0.001786506149,-0.056891514770
0.310015779800,0.016584044416,0.002127362775,-0.034077803026
0.307388527400,0.016542870877,0.002593884901,-0.029671154824
0.304761275000,0.016584228640,0.002961951367,-0.057156254778
0.302134022600,0.016706437471,0.003188984504,-0.043558392796
0.299506770300,0.016791344227,0.003405152443,-0.018637492738
0.296879517900,0.016777805468,0.003649971710,-0.003039596215
0.294252265500,0.016777691773,0.003735584685,0.000517029713
0.291625013200,0.016774753148,0.003782437649,0.012475135863
0.288997760800,0.016806889309,0.003724352447,0.021371810812
0.286370508400,0.016782930219,0.003674777957,0.030521703666
0.283743256000,0.016711562157,0.003647830516,0.029495750767
0.281116003700,0.016696060621,0.003535074853,0.028633323055
0.278488751300,0.016721067610,0.003397809837,0.028502841145
0.275861498900,0.016725164526,0.003319357787,0.039652516086
0.273234246600,0.016670683190,0.003180834726,0.045201380919
0.270606994200,0.016615208459,0.003024354414,0.041234894121
0.267979741800,0.016585762819,0.002953349145,0.052363116465
0.265352489400,0.016468852734,0.002844920268,0.052435532905
0.262725237100,0.016406369059,0.002712607421,0.043958653601
0.260097984700,0.016291685417,0.002646556990,0.079461173843
0.257470732300,0.016053319807,0.002459127882,0.046414660209
0.254843480000,0.015971169539,0.002362449953,0.009657028682
0.252216227600,0.015919841443,0.002490322493,0.030767809382
0.249588975200,0.015751283634,0.002617481409,0.030800329247
0.246961722900,0.015725293425,0.002709428813,-0.022802838965
0.244334470500,0.015821323170,0.002963599500,-0.042396228472
0.241707218100,0.015919117518,0.003160185354,-0.025459204488
0.239079965700,0.015991512802,0.003258468048,-0.008387647529
0.236452713400,0.016036216706,0.003237286545,-0.015710114724
0.233825461000,0.016116728183,0.003204285705,-0.016881989974
0.231198208600,0.016193549248,0.003140953343,0.000086435242
0.228570956300,0.016197682329,0.003045600137,0.021933359760
0.225943703900,0.016181503492,0.003056083327,0.039315685999
0.223316451500,0.016089874461,0.003013130213,0.038159277131
0.220689199100,0.016009017977,0.002930747857,0.010606703987
0.218061946800,0.016066456545,0.002832338793,-0.001559893201
0.215434694400,0.016124883224,0.002893773617,0.016440030102
0.212807442000,0.016046527427,0.002927168880,0.082162805255
0.210180189700,0.015728691396,0.002689803804,0.123241380485
0.207552937300,0.015347455627,0.002552454194,0.129517150177
0.204925684900,0.014992270327,0.002327672182,0.105440190802
0.202298432500,0.014726921044,0.002229287629,0.064397936255
0.199671180200,0.014607728616,0.002311845201,0.004444223810
0.197043927800,0.014618283847,0.002326488853,-0.026948289058
0.194416675400,0.014619080711,0.002373625147,-0.028726241148
0.191789423100,0.014628140920,0.002352318901,-0.026922149694
0.189162170700,0.014599353960,0.002361523325,-0.018909271124
0.186534918300,0.014599633896,0.002425273162,-0.014393495606
0.183907666000,0.014540889021,0.002438866134,0.010001453714
0.181280413600,0.014386939423,0.002455297978,-0.000124038995
0.178653161200,0.014417581784,0.002558134608,-0.007145880005
0.176025908800,0.014341217352,0.002724677725,0.017595029400
0.173398656500,0.014210784060,0.002828532140,0.017553277507
0.170771404100,0.014165053048,0.002773863232,-0.002313118535
0.168144151700,0.014137381657,0.002699035666,-0.006489967146
0.165516899400,0.014115968050,0.002669307500,0.031689054108
0.162889647000,0.013914626714,0.002655496049,0.079104949685
0.160262394600,0.013679907962,0.002513592134,0.102723847434
0.157635142200,0.013354167890,0.002378620121,0.141487326527
0.155007889900,0.012904538798,0.002188454352,0.124363818721
0.152380637500,0.012629560851,0.001976353574,0.078559741635
0.149753385100,0.012465722611,0.001827327419,0.065009549038
0.147126132800,0.012321299801,0.001649696260,0.049177996188
0.144498880400,0.012206054683,0.001572480060,0.021482622196
0.141871628000,0.012176853663,0.001399702665,0.020100778626
0.139244375600,0.012064371284,0.001254650418,0.060169508720
0.136617123300,0.011770463220,0.001124919831,0.118147417403
0.133989870900,0.011370568015,0.001004879485,0.076109966954
0.131362618500,0.011296369794,0.000978666278,-0.068161852462
0.128735366200,0.011608946779,0.000894477222,-0.152302342934
0.126108113800,0.011983211235,0.000840153012,-0.189381667662
0.123480861400,0.012459830000,0.000818648385,-0.226027455845
0.120853609000,0.013044560898,0.000967615835,-0.250556273113
0.118226356700,0.013642887203,0.001034242662,-0.212400748426
0.115599104300,0.014057160284,0.001004093470,-0.176642374281
0.112971851900,0.014492174348,0.001035371766,-0.214263867866
0.110344599600,0.015048871140,0.001039863107,-0.157151467882
0.107717347200,0.015240761245,0.000890130034,-0.023777441195
0.105090094800,0.015193213784,0.000804035302,0.056155957473
0.102462842500,0.014883323723,0.000777497376,0.151698401380
0.099835590100,0.014414144495,0.000760360232,0.200389323194
0.097208337700,0.013921484288,0.000877355167,0.186124330019
0.094581085300,0.013578607654,0.000897812451,0.109026382025
0.091953833000,0.013558941486,0.000865388162,0.043088387958
0.089326580600,0.013638462379,0.000978052266,0.033492049937
0.086699328200,0.013635565257,0.000939599647,0.072072552058
0.084072075900,0.013429547241,0.000903388309,0.163156737699
0.081444823500,0.013067278377,0.000914371002,0.175717366571
0.078817571100,0.012710679738,0.000850170310,0.223086641800
0.076190318700,0.012131300510,0.000785522865,0.280696721909
0.073563066400,0.011449103916,0.000843752938,0.282644341859
0.070935814000,0.010951093110,0.000769361239,0.256951070653
0.068308561600,0.010419595120,0.000720343492,0.256000177482
0.065681309300,0.009925852797,0.000883304336,0.239241866488
0.063054056900,0.009436065146,0.001002707419,0.237396907943
0.060426804500,0.008984321308,0.001057839644,0.230375178561
0.057799552100,0.008547433977,0.000975137494,0.171591587170
0.055172299800,0.008379379092,0.001187337119,0.111240233229
0.052545047400,0.008252000542,0.001259209085,0.095638937902
0.049917795000,0.008076897628,0.001360562671,0.093280522340
0.047290542700,0.007869135189,0.001504627238,0.039678425104
0.044663290300,0.007923499734,0.001501093772,-0.026083089020
0.042036037900,0.008052953921,0.001480177816,-0.043313550115
0.039408785500,0.008164211173,0.001427149039,-0.026367602372
0.036781533200,0.008149499505,0.001308468471,-0.009801130082
0.034154280800,0.008136806749,0.001268067537,0.030740189146
0.031527028400,0.007934831239,0.001302894052,0.073931490198
0.028899776100,0.007687518063,0.001364160797,0.140478383829
0.026272523700,0.007175843328,0.001367099169,0.408397981402
0.023645271300,0.005527866568,0.001096756726,0.373163331740
0.021018019000,0.005183275735,0.001047392384,-0.085596965404
0.018390766600,0.005970198820,0.001158422433,-0.205497856806
0.015763514200,0.006231000309,0.001247461565,-0.061503713690
0.013136261800,0.006316971066,0.001260712770,0.002808869137
0.010509009500,0.006234274013,0.001157717138,0.058402477290
0.007881757100,0.006062164725,0.001036235084,0.048927944321
0.005254504700,0.006088618377,0.000721408009,-0.061499313195
0.002627252400,0.006460484168,0.000554650580,-0.020479939256
0.000000000000,0.006345949036,0.000411972120,0.031881170987
