0.391460603250,0.056181778006,0.000618295396,-0.000531447426
0.388833350880,0.056226921549,0.000812773417,0.267629422290
0.386206098510,0.054780539980,0.001207572117,-0.041703519757
0.383578846140,0.056528445477,0.001066061111,-0.290204862147
0.380951593770,0.056389014573,0.000996876714,0.194603701357
0.378324341400,0.055617144242,0.000885443657,0.162942833927
0.375697089030,0.055624775072,0.000786926447,0.106214614131
0.373069836660,0.055097289046,0.000736461896,0.230714952975
0.370442584290,0.054365352686,0.000594683202,0.114668558106
0.367815331920,0.054447709303,0.000689104251,-0.464366343690
0.365188079550,0.056802043928,0.000879208949,-0.474086586821
0.362560827170,0.056967386463,0.000856515432,0.036797384842
0.359933574800,0.056696967438,0.000960918331,-0.079048652266
0.357306322430,0.057563031203,0.001038386664,-0.244393379472
0.354679070060,0.058114857114,0.001100381726,-0.169371911772
0.352051817690,0.058451754385,0.001142417501,-0.171139408806
0.349424565320,0.058779479635,0.001201933738,-0.120784739150
0.346797312950,0.059100732783,0.001300977916,-0.142109782301
0.344170060580,0.059632879344,0.001263606084,-0.233078372867
0.341542808210,0.060354370722,0.001189355592,-0.275073979092
0.338915555840,0.061099165084,0.001354198847,-0.267493641803
0.336288303460,0.061871135930,0.001316137439,-0.229083333834
0.333661051090,0.062413927136,0.001275807363,-0.161162604623
0.331033798720,0.062758235992,0.001137588652,-0.087570573515
0.328406546350,0.062901716594,0.001101679966,-0.035336911204
0.325779293980,0.063003283932,0.001133045773,0.187811328407
0.323152041610,0.061941006912,0.001205320690,0.203199959168
0.320524789240,0.062122998987,0.001220740531,-0.139367269970
0.317897536870,0.062859398185,0.001295405653,-0.185242193967
0.315270284500,0.063166037165,0.001411837169,-0.059824609201
0.312643032100,0.063207664814,0.001415765202,0.007314756467
0.310015779800,0.063150754899,0.001446230306,0.009236973989
0.307388527400,0.063155024893,0.001388558486,-0.001334225052
0.304761275000,0.063177413032,0.001399606331,-0.019010013179
0.302134022600,0.063257458739,0.001287254787,-0.018240686182
0.299506770300,0.063268769886,0.001178621730,0.026255490257
0.296879517900,0.063140494783,0.001201594254,0.035461009509
0.294252265500,0.063104771997,0.001328621772,0.005200162022
0.291625013200,0.063076202115,0.001461773432,0.012515955408
0.288997760800,0.063010907298,0.001580128842,-0.001478022101
0.286370508400,0.063039644754,0.001729639360,-0.024382406927
0.283743256000,0.063064982569,0.001873479715,-0.013313727720
0.281116003700,0.063042823408,0.002015324700,-0.008542620688
0.278488751300,0.063076638914,0.002156189543,-0.013006379656
0.275861498900,0.063036196103,0.002299708436,-0.015483186793
0.273234246600,0.063078631124,0.002371604101,-0.036004448317
0.270606994200,0.063158321342,0.002537471133,-0.027587660914
0.267979741800,0.063175078393,0.002697142770,-0.008352720088
0.265352489400,0.063221504004,0.002908284025,-0.015507702982
0.262725237100,0.063309538854,0.003020984032,-0.018083920613
0.260097984700,0.063415322834,0.002997132896,-0.020465571927
0.257470732300,0.063454520494,0.003002708930,-0.025138088263
0.254843480000,0.063581341707,0.003062303891,-0.037154143731
0.252216227600,0.063697273919,0.003082169160,-0.024897381130
0.249588975200,0.063740081263,0.003129637374,0.009785588433
0.246961722900,0.063689821639,0.003088426127,0.048727765898
0.244334470500,0.063562475220,0.003167739707,0.067762462446
0.241707218100,0.063438384048,0.003257371965,0.111526953061
0.239079965700,0.063097634127,0.003457694945,0.178185538752
0.236452713400,0.062608404958,0.003678388852,0.194097696144
0.233825461000,0.062201023873,0.003745682182,0.186635833847
0.231198208600,0.061742521913,0.003918242500,0.174740018577
0.228570956300,0.061414584394,0.004069477004,0.118896430825
0.225943703900,0.061230586371,0.004251509553,0.097278026949
0.223316451500,0.061044513968,0.004208347891,0.047691822813
0.220689199100,0.061057361575,0.004192883936,-0.033159688678
0.218061946800,0.061269225525,0.004187583954,-0.056815194388
0.215434694400,0.061350856451,0.004104950494,0.000242034147
0.212807442000,0.061271740684,0.004083740015,0.044623782204
0.210180189700,0.061108177426,0.003845295665,0.099760690577
0.207552937300,0.060723643291,0.003527722683,0.134356644469
0.204925684900,0.060356952366,0.003362150162,0.148431600122
0.202298432500,0.059925231649,0.003142668886,0.186257222500
0.199671180200,0.059383135566,0.002835945688,0.193857167993
0.197043927800,0.058900521736,0.002452715962,0.174436345482
0.194416675400,0.058443733760,0.002042627115,0.182158896720
0.191789423100,0.057911321086,0.001655665597,0.162671396847
0.189162170700,0.057580404779,0.001293730253,0.110907196265
0.186534918300,0.057294721294,0.001024924017,0.121902833077
0.183907666000,0.056971461977,0.000690390145,0.121625945145
0.181280413600,0.056749401952,0.000232236964,0.094093456847
0.178653161200,0.056549630095,-0.000057969623,0.039326519101
0.176025908800,0.056615398427,-0.000311552884,-0.033093097958
0.173398656500,0.056755391846,-0.000487117092,-0.062399268161
0.170771404100,0.056940210690,-0.000563050972,-0.057717226930
0.168144151700,0.057077662584,-0.000691546686,-0.047646233472
0.165516899400,0.057203290146,-0.000897078660,-0.029463557305
0.162889647000,0.057276014771,-0.000995288190,-0.029763907604
0.160262394600,0.057402282622,-0.001141036675,-0.034081452044
0.157635142200,0.057543446474,-0.001181626453,0.019371267519
0.155007889900,0.057350654585,-0.001154247084,0.051794062595
0.152380637500,0.057261408806,-0.000978727606,0.020238028573
0.149753385100,0.057270596811,-0.000893550710,0.008619400920
0.147126132800,0.057259574590,-0.000891005668,-0.002703364088
0.144498880400,0.057245684030,-0.000783557334,-0.014730382474
0.141871628000,0.057281961621,-0.000663888751,-0.038601181748
0.139244375600,0.057338826167,-0.000706271661,-0.051161795216
0.136617123300,0.057351861932,-0.000550858722,0.004902267882
0.133989870900,0.057194671149,-0.000478905994,0.024236127507
0.131362618500,0.057045910008,-0.000522856310,0.018181096624
0.128735366200,0.056958268799,-0.000408345608,0.024127801244
0.126108113800,0.056764839481,-0.000443344293,0.018031615288
0.123480861400,0.056687856599,-0.000515563899,-0.029912106654
0.120853609000,0.056743033885,-0.000460258544,0.307376209650
0.118226356700,0.054847369214,-0.000412532016,0.059620479612
0.115599104300,0.056107823343,-0.000117801618,-0.150880306256
0.112971851900,0.055518618304,0.000187466275,0.167169508516
0.110344599600,0.055113543947,0.000394694130,0.118748605207
0.107717347200,0.054844945672,0.000567246430,0.083403129072
0.105090094800,0.054732930743,0.000677015560,-0.004254184713
0.102462842500,0.054885067771,0.000993741473,-0.090196642193
0.099835590100,0.055136749965,0.001048869161,-0.146302626601
0.097208337700,0.055596715871,0.000935605600,-0.161004588544
0.094581085300,0.055925290840,0.001030175971,-0.086692832877
0.091953833000,0.056112244895,0.001038933396,-0.031858199773
0.089326580600,0.056232488265,0.000978221428,-0.015156059424
0.086699328200,0.056286703086,0.000866278212,0.042775984217
0.084072075900,0.055877810216,0.000969943366,0.106931666042
0.081444823500,0.055651314044,0.000897023986,0.087867258858
0.078817571100,0.055355818305,0.000772130330,0.148135173236
0.076190318700,0.054873088386,0.000767807978,0.175999215939
0.073563066400,0.054546804548,0.000721528714,0.079555091932
0.070935814000,0.054586839875,0.000665574908,0.034625594098
0.068308561600,0.054453612467,0.000839475194,0.018159941352
0.065681309300,0.054561351471,0.000895611790,-0.042946996394
0.063054056900,0.054687980726,0.001126888414,-0.075565414936
0.060426804500,0.054910046062,0.001417909352,-0.099173097047
0.057799552100,0.055166188132,0.001642283546,-0.067859938040
0.055172299800,0.055249411206,0.002002904432,-0.012523433186
0.052545047400,0.055207345244,0.002172302744,0.024267250587
0.049917795000,0.055089051352,0.002208176147,0.059379475734
0.047290542700,0.054890492701,0.002237096114,0.108038454236
0.044663290300,0.054539048676,0.002293143120,0.101786721499
0.042036037900,0.054338142104,0.002156622870,0.064918321021
0.039408785500,0.054069236791,0.002028522028,0.140669938742
0.036781533200,0.053601228020,0.001887105337,0.138648961615
0.034154280800,0.053441070434,0.001831045159,0.065086549238
0.031527028400,0.053420986658,0.001740847688,0.065667663585
0.028899776100,0.053185917928,0.001640259069,0.107030375324
0.026272523700,0.052938804427,0.001449803300,0.144498348111
0.023645271300,0.052523193511,0.001480746323,0.525980474822
0.021018019000,0.050393806075,0.001438186643,0.306651887264
0.018390766600,0.051095777751,0.001673965848,-0.002031799329
0.015763514200,0.050606849538,0.001636280022,0.242113054828
0.013136261800,0.050000175318,0.001552628320,0.183300524435
0.010509009500,0.049821255879,0.001375449256,0.035403904000
0.007881757100,0.049985417607,0.001234400447,-0.085280460084
0.005254504700,0.050417158226,0.000973977036,-0.150723414269
0.002627252400,0.050908652098,0.000682662385,0.800206973815
0.000000000000,0.046183235428,0.000309921006,1.814778102489
