0.391460603250,-0.031074730904,-0.000117838002,0.836393863210
0.388833350880,-0.033378554374,0.000206290788,0.415689619205
0.386206098510,-0.033396546506,0.000381081952,-0.169274220035
0.383578846140,-0.032528668020,0.000459142337,-0.127316907479
0.380951593770,-0.032737643812,0.000558398720,0.071963611131
0.378324341400,-0.032887797370,0.000592916963,0.034059114381
0.375697089030,-0.032880378109,0.000636201055,-0.006006053813
0.373069836660,-0.032835148641,0.000608289048,-0.017772977879
0.370442584290,-0.032724187717,0.000706535364,0.040319769660
0.367815331920,-0.032995451734,0.000888348549,0.050315367966
0.365188079550,-0.032970043041,0.000911706929,-0.077538701468
0.362560827170,-0.032569416064,0.000966461230,-0.213051259716
0.359933574800,-0.031835001135,0.000971276786,-0.037742748094
0.357306322430,-0.032351997003,0.000958498898,0.127968643493
0.354679070060,-0.032507837781,0.001029620496,0.124714955933
0.352051817690,-0.033003711812,0.001110681293,0.115987796411
0.349424565320,-0.033068892695,0.001121038520,0.001227589133
0.346797312950,-0.032917565585,0.001193416778,-0.014170775917
0.344170060580,-0.032895710301,0.001199219245,-0.010081445418
0.341542808210,-0.032758016961,0.001184771909,-0.040409358086
0.338915555840,-0.032615684392,0.001334648585,-0.023458080975
0.336288303460,-0.032596201215,0.001329008698,-0.007728625746
0.333661051090,-0.032551629396,0.001435257497,-0.027580913134
0.331033798720,-0.032470045151,0.001521887436,-0.012986734228
0.328406546350,-0.032448989185,0.001613053951,-0.014852041118
0.325779293980,-0.032339639627,0.001632734396,-0.034950327929
0.323152041610,-0.032247034729,0.001512785564,-0.016597040922
0.320524789240,-0.032253805180,0.001559448575,-0.024564111904
0.317897536870,-0.032123987362,0.001755899953,-0.026512874933
0.315270284500,-0.032135509038,0.001737292068,0.006453477301
0.312643032100,-0.032188394454,0.001774973403,-0.031405404996
0.310015779800,-0.032100728998,0.001911701863,-0.043976907968
0.307388527400,-0.032072671038,0.001938592098,-0.023376544732
0.304761275000,-0.032074621450,0.002017049347,-0.015353105477
0.302134022600,-0.032088845172,0.002126656228,-0.010420071815
0.299506770300,-0.032185570965,0.002115650610,-0.012181240465
0.296879517900,-0.032210177258,0.002216104195,-0.037829491128
0.294252265500,-0.032148073408,0.002288278443,-0.029029164934
0.291625013200,-0.032145953922,0.002275377859,-0.013603460929
0.288997760800,-0.032153738474,0.002383063465,0.002281960153
0.286370508400,-0.032227461829,0.002439103396,0.001424672874
0.283743256000,-0.032290705691,0.002382167843,-0.004288274946
0.281116003700,-0.032356334277,0.002289121528,0.024394688380
0.278488751300,-0.032526620132,0.002237322209,0.028426572959
0.275861498900,-0.032591580876,0.002159298421,-0.007291732749
0.273234246600,-0.032563383150,0.002005123234,-0.002686836970
0.270606994200,-0.032675337668,0.001879964866,0.022577269349
0.267979741800,-0.032783905820,0.001727073099,0.029005464508
0.265352489400,-0.032842758739,0.001527853978,0.030650804136
0.262725237100,-0.032920521533,0.001632489477,0.042461560551
0.260097984700,-0.033037123676,0.001880765831,0.022231595183
0.257470732300,-0.033042901909,0.002250731083,-0.031326243314
0.254843480000,-0.032951387464,0.002606741438,-0.055405917753
0.252216227600,-0.032881496199,0.002807022542,-0.045687353590
0.249588975200,-0.032870314014,0.002926471164,-0.043594910580
0.246961722900,-0.032805180026,0.003081339110,-0.049619759969
0.244334470500,-0.032779099716,0.003173691850,-0.050853788862
0.241707218100,-0.032701357646,0.003306402777,-0.070166150400
0.239079965700,-0.032551912341,0.003459996530,-0.083002698832
0.236452713400,-0.032434420693,0.003565675227,-0.078422909555
0.233825461000,-0.032279946972,0.003650152084,-0.071398965266
0.231198208600,-0.032204991141,0.003770974268,-0.062133567527
0.228570956300,-0.032125503478,0.003954607409,-0.066142864381
0.225943703900,-0.032000131222,0.003980193757,-0.068535122869
0.223316451500,-0.031861797637,0.004055607899,-0.072460712759
0.220689199100,-0.031709893690,0.004151654897,-0.052537996737
0.218061946800,-0.031651017607,0.004211777892,-0.017067544355
0.215434694400,-0.031688536614,0.004304345986,0.001910222702
0.212807442000,-0.031720615061,0.004358223245,0.032232431273
0.210180189700,-0.031833608937,0.004364441160,0.059056301689
0.207552937300,-0.031957619087,0.004232588722,0.061259674955
0.204925684900,-0.032060759731,0.004175354325,0.056967189812
0.202298432500,-0.032136413366,0.004126392312,0.066624136504
0.199671180200,-0.032266941329,0.004124441238,0.099460891594
0.197043927800,-0.032434415212,0.004243494503,0.079035660848
0.194416675400,-0.032432748968,0.004426169568,0.084303567794
0.191789423100,-0.032556350716,0.004491256474,0.155294534510
0.189162170700,-0.032868060205,0.004481973853,0.172652595658
0.186534918300,-0.033104662021,0.004560226741,0.132111058857
0.183907666000,-0.033224089121,0.004646457039,0.129150340133
0.181280413600,-0.033423965121,0.004707514517,0.141170108235
0.178653161200,-0.033595285486,0.004799158052,0.144015924157
0.176025908800,-0.033859556611,0.004848755166,0.122830000299
0.173398656500,-0.033930819185,0.004816856771,0.082819198986
0.170771404100,-0.034005877701,0.004891293908,0.081645270441
0.168144151700,-0.034096066087,0.004918220018,0.051832409459
0.165516899400,-0.034086189713,0.004827515441,0.067945735576
0.162889647000,-0.034284174029,0.004703118460,0.157256407090
0.160262394600,-0.034686783371,0.004607806614,0.173671876435
0.157635142200,-0.034983528432,0.004475728353,0.132100423645
0.155007889900,-0.035172003463,0.004357722245,0.092535282229
0.152380637500,-0.035333088778,0.004226990386,0.082108588328
0.149753385100,-0.035510646464,0.004075351510,0.104388186374
0.147126132800,-0.035784294540,0.003977008116,0.127359168162
0.144498880400,-0.036019469815,0.003730202682,0.116306159605
0.141871628000,-0.036141225865,0.003638307566,0.118027823662
0.139244375600,-0.036354650132,0.003463380128,0.133536610998
0.136617123300,-0.036622171087,0.003241410043,0.090272655792
0.133989870900,-0.036669274088,0.003044684173,0.042218869041
0.131362618500,-0.036680032962,0.002887183522,0.018888705700
0.128735366200,-0.036622853736,0.002940877098,-0.022325760721
0.126108113800,-0.036467439133,0.002943676819,-0.006622556297
0.123480861400,-0.036514008769,0.003059403649,0.060167576880
0.120853609000,-0.036735680555,0.003200986514,0.086705790974
0.118226356700,-0.036948851593,0.003246006798,0.071294896941
0.115599104300,-0.037090635656,0.003347618999,0.073240989542
0.112971851900,-0.037270471669,0.003540969727,0.077743699637
0.110344599600,-0.037347746212,0.003622711487,0.112307487707
0.107717347200,-0.037631144349,0.003605221285,0.191639236852
0.105090094800,-0.038101793948,0.003670088114,0.216286192574
0.102462842500,-0.038555984710,0.003802166590,0.185527991276
0.099835590100,-0.038921220547,0.003773605259,0.160049626977
0.097208337700,-0.039329869971,0.003554055816,0.186573248533
0.094581085300,-0.039852833276,0.003442657002,0.203258142872
0.091953833000,-0.040329388915,0.003460513492,0.169508532931
0.089326580600,-0.040650988236,0.003561880880,0.117283319253
0.086699328200,-0.040844435072,0.003475857724,0.078697198417
0.084072075900,-0.041011061582,0.003673438058,0.058372579505
0.081444823500,-0.041134237983,0.003807794462,0.033770032405
0.078817571100,-0.041206468609,0.003938587838,0.028554005828
0.076190318700,-0.041273723146,0.004110164718,0.026216917020
0.073563066400,-0.041269240144,0.004243565314,0.004739264290
0.070935814000,-0.041252799143,0.004278196611,-0.038917221917
0.068308561600,-0.040990741882,0.004383235907,-0.086873005917
0.065681309300,-0.040724163449,0.004411201831,-0.070906941411
0.063054056900,-0.040591432455,0.004406684899,-0.081719130466
0.060426804500,-0.040243712329,0.004551583666,-0.079146080903
0.057799552100,-0.040103178948,0.004575765544,-0.014857613293
0.055172299800,-0.040136854340,0.004519906770,0.038260599824
0.052545047400,-0.040337783749,0.004270370033,0.129373791338
0.049917795000,-0.040835530946,0.003943402957,0.163726028654
0.047290542700,-0.041163244242,0.003702770358,0.129185488618
0.044663290300,-0.041424387691,0.003425698034,0.087135952511
0.042036037900,-0.041627987375,0.003237149335,0.059445299105
0.039408785500,-0.041714577730,0.003026755151,0.067012524604
0.036781533200,-0.041906671401,0.002840965193,0.081802678690
0.034154280800,-0.042050646306,0.002609522369,0.115537128611
0.031527028400,-0.042431600273,0.002475673676,0.207512357254
0.028899776100,-0.043082490578,0.002459639358,0.226677047162
0.026272523700,-0.043509310890,0.002288951662,0.179527666554
0.023645271300,-0.043874241223,0.002083549351,0.166491628573
0.021018019000,-0.044207897124,0.001961549031,0.193086543046
0.018390766600,-0.044688509459,0.001978739291,0.188858792078
0.015763514200,-0.045037502452,0.001917826381,0.121207121925
0.013136261800,-0.045210902973,0.001778525201,0.090692779643
0.010509009500,-0.045410309517,0.001587363406,0.010683563462
0.007881757100,-0.045181688882,0.001446643438,-0.152307298193
0.005254504700,-0.044447360588,0.001347994187,-0.335569360448
0.002627252400,-0.043256532518,0.001250213555,-1.093962944913
0.000000000000,-0.038612049746,0.000295031758,-1.789679131072
