0.391460603250,-0.037229952391,-0.000388597008,1.003274169745
0.388833350880,-0.039946207389,-0.000285153071,0.625314453878
0.386206098510,-0.040601611018,-0.000050537944,0.244809256496
0.383578846140,-0.041232233521,0.000000095895,0.182201020893
0.380951593770,-0.041420394643,0.000128730994,0.236095203667
0.378324341400,-0.042378995609,0.000137476150,0.305097589560
0.375697089030,-0.043033859360,0.000048054430,-0.113242013022
0.373069836660,-0.041902891803,0.000184998933,-0.182993824398
0.370442584290,-0.041696508795,0.000212908552,0.175009042184
0.367815331920,-0.042479771640,0.000100488558,0.284513234664
0.365188079550,-0.042957451091,0.000086394607,0.147191486414
0.362560827170,-0.043092693085,0.000005746317,0.064578605652
0.359933574800,-0.043131991976,-0.000096928768,0.043471680443
0.357306322430,-0.043126987864,-0.000141369795,0.017958366865
0.354679070060,-0.043070098347,-0.000187185791,-0.025200909592
0.352051817690,-0.042917411791,-0.000290232412,-0.050714685588
0.349424565320,-0.042696975247,-0.000152178736,-0.069262410039
0.346797312950,-0.042533891119,-0.000055696822,-0.063567824858
0.344170060580,-0.042326047991,0.000030354745,-0.054606221691
0.341542808210,-0.042130832082,0.000118420591,-0.066611285989
0.338915555840,-0.041913024445,0.000273415618,-0.099670284605
0.336288303460,-0.041636077341,0.000447507801,-0.070427907568
0.333661051090,-0.041500362298,0.000717815886,-0.037346491966
0.331033798720,-0.041420284500,0.000886396151,-0.025484654207
0.328406546350,-0.041396000023,0.001077001382,-0.006324136343
0.325779293980,-0.041438451943,0.001347987902,-0.002331838092
0.323152041610,-0.041477847624,0.001604667833,-0.004270390006
0.320524789240,-0.041433745912,0.001786512368,-0.007920652408
0.317897536870,-0.041438840563,0.002001577726,-0.024637509960
0.315270284500,-0.041414726602,0.002249039895,-0.063396396530
0.312643032100,-0.041197100625,0.002400148965,-0.078272890417
0.310015779800,-0.041058951632,0.002476041287,-0.040845726804
0.307388527400,-0.041028514771,0.002660651737,-0.034830430642
0.304761275000,-0.040924770741,0.002769066132,-0.054244312066
0.302134022600,-0.040788003624,0.002759390378,-0.056399665399
0.299506770300,-0.040677411839,0.002706292679,-0.051095646230
0.296879517900,-0.040513140919,0.002631109303,-0.042364331309
0.294252265500,-0.040435112177,0.002544269194,-0.023097144470
0.291625013200,-0.040352201379,0.002582400879,-0.040999231755
0.288997760800,-0.040199308768,0.002503809345,-0.030557425700
0.286370508400,-0.040155998395,0.002390347856,-0.008225428305
0.283743256000,-0.040096564253,0.002408342358,-0.005300564602
0.281116003700,-0.040134059718,0.002336517284,0.005046623693
0.278488751300,-0.040162541222,0.002184842977,0.024179935400
0.275861498900,-0.040309439832,0.002167636965,0.049661152397
0.273234246600,-0.040469885835,0.002127825242,0.066693861389
0.270606994200,-0.040714876819,0.002209660966,0.084438061200
0.267979741800,-0.040930462463,0.002429771726,0.091522343178
0.265352489400,-0.041213989991,0.002680905788,0.081723390078
0.262725237100,-0.041364075679,0.003042392225,0.009904757527
0.260097984700,-0.041258784947,0.003223086176,-0.032856982834
0.257470732300,-0.041215416578,0.003378417929,-0.013088916843
0.254843480000,-0.041156555632,0.003547998911,-0.012098958836
0.252216227600,-0.041102844157,0.003483722452,-0.022613147048
0.249588975200,-0.040976159769,0.003469494678,-0.043352251047
0.246961722900,-0.040835333265,0.003411066942,-0.013927242615
0.244334470500,-0.040827926497,0.003420272917,0.007589175788
0.241707218100,-0.040792654869,0.003526056798,-0.007522599800
0.239079965700,-0.040706905646,0.003532916506,-0.017951467604
0.236452713400,-0.040635556094,0.003549119866,-0.020451550696
0.233825461000,-0.040539013247,0.003567496302,0.008425303881
0.231198208600,-0.040553912812,0.003503392479,0.051824599665
0.228570956300,-0.040637732897,0.003527662405,0.036796229559
0.225943703900,-0.040582567341,0.003570956376,0.009229834015
0.223316451500,-0.040492202189,0.003626477102,0.034976044993
0.220689199100,-0.040603675323,0.003567825183,0.096751379957
0.218061946800,-0.040879148999,0.003505844949,0.132288425751
0.215434694400,-0.041175410468,0.003552720294,0.143137269009
0.212807442000,-0.041533759567,0.003515066734,0.132307736166
0.210180189700,-0.041839724701,0.003448678783,0.109841349443
0.207552937300,-0.042063031246,0.003469726048,0.076747186311
0.204925684900,-0.042196670682,0.003434561424,0.023144267713
0.202298432500,-0.042220540864,0.003508269795,0.023039881133
0.199671180200,-0.042329463006,0.003568664599,0.078591008786
0.197043927800,-0.042610718480,0.003639493647,0.106266966490
0.194416675400,-0.042843453652,0.003734522322,0.107314625982
0.191789423100,-0.043130840331,0.003797875742,0.114292647501
0.189162170700,-0.043416379869,0.003677306891,0.117072703744
0.186534918300,-0.043613801768,0.003600836270,0.096513653824
0.183907666000,-0.043744598486,0.003333774167,0.094637237234
0.181280413600,-0.043954822003,0.003114389575,0.112701577560
0.178653161200,-0.044211071429,0.002921972750,0.095572294540
0.176025908800,-0.044365259759,0.002652533795,0.038494047024
0.173398656500,-0.044379798400,0.002516067611,0.032368660601
0.170771404100,-0.044472544771,0.002502131939,0.088461957733
0.168144151700,-0.044718696337,0.002258355380,0.128547126740
0.165516899400,-0.045014797594,0.001912330291,0.117064613752
0.162889647000,-0.045147393698,0.001672538111,0.077262840695
0.160262394600,-0.045188664977,0.001508626493,0.040705968989
0.157635142200,-0.045296349081,0.001359702605,0.056244471771
0.155007889900,-0.045405333203,0.001314228349,0.051607200530
0.152380637500,-0.045487073430,0.001223743099,0.022335848448
0.149753385100,-0.045522239236,0.001272771402,-0.005804018043
0.147126132800,-0.045488029002,0.001259047919,-0.041417049099
0.144498880400,-0.045351191782,0.001318709760,-0.064603750954
0.141871628000,-0.045210881617,0.001383288645,-0.093520315397
0.139244375600,-0.044966524046,0.001405029707,-0.111294472962
0.136617123300,-0.044777234378,0.001364138421,-0.082681882376
0.133989870900,-0.044827863161,0.001418181773,-0.040769555254
0.131362618500,-0.044876885481,0.001592108127,-0.030261086065
0.128735366200,-0.044961619710,0.001686825028,-0.072419109952
0.126108113800,-0.044830370663,0.001836221533,-0.165430919958
0.123480861400,-0.044416351669,0.001880848962,-0.222193516062
0.120853609000,-0.043930666271,0.001991688942,-0.243947639614
0.118226356700,-0.043340313280,0.001983269743,-0.253796515995
0.115599104300,-0.042745414889,0.001796625158,-0.172516844575
0.112971851900,-0.042565272933,0.001523644097,-0.018537153887
0.110344599600,-0.042709669056,0.001421030468,0.092302265348
0.107717347200,-0.043089337376,0.001566448116,0.151265145591
0.105090094800,-0.043531994314,0.001605544178,0.144759823102
0.102462842500,-0.043895153498,0.001568632563,0.126192352315
0.099835590100,-0.044220395676,0.001703307212,0.136280968102
0.097208337700,-0.044557028017,0.001727236255,0.115788506760
0.094581085300,-0.044796739026,0.001722392768,0.035488892391
0.091953833000,-0.044783123968,0.001859434931,0.038507059848
0.089326580600,-0.045049009838,0.002036566501,0.107847267191
0.086699328200,-0.045347897226,0.001994526974,0.128117789165
0.084072075900,-0.045737557487,0.001985631174,0.143564298064
0.081444823500,-0.046122997162,0.002030684712,0.157470236693
0.078817571100,-0.046532765195,0.002026338270,0.176903927816
0.076190318700,-0.046959987412,0.002041955280,0.168530288041
0.073563066400,-0.047314515854,0.001986179169,0.111663193534
0.070935814000,-0.047478403239,0.002065289257,0.089049153037
0.068308561600,-0.047715130123,0.002046432888,0.069546889701
0.065681309300,-0.047787597899,0.002088002635,0.056136229550
0.063054056900,-0.047955100495,0.002170287024,0.093671302892
0.060426804500,-0.048173648757,0.002131680746,0.129774031504
0.057799552100,-0.048469699775,0.002219442093,0.128495804191
0.055172299800,-0.048749867182,0.002370957012,0.091164597749
0.052545047400,-0.048905415681,0.002383588584,0.073133408203
0.049917795000,-0.049035422073,0.002385256142,0.022381194080
0.047290542700,-0.048886745403,0.002130885578,-0.053412475158
0.044663290300,-0.048615084499,0.002181844017,-0.060996391386
0.042036037900,-0.048469424765,0.002137836997,-0.025858027573
0.039408785500,-0.048399824714,0.001923686832,0.023479869123
0.036781533200,-0.048506552529,0.001733410117,0.086616798865
0.034154280800,-0.048839011232,0.001670439410,0.157184475487
0.031527028400,-0.049297395469,0.001730637005,0.166769936264
0.028899776100,-0.049700332732,0.001772728203,0.142493106584
0.026272523700,-0.050073651273,0.001802634158,0.164258542653
0.023645271300,-0.050607861658,0.001844762683,0.187611419363
0.021018019000,-0.051118045529,0.001773338219,0.159350904506
0.018390766600,-0.051495711058,0.001797079042,0.120234227717
0.015763514200,-0.051697873711,0.001870409538,0.062712064685
0.013136261800,-0.051749608102,0.001829057622,0.030504301327
0.010509009500,-0.051804075201,0.001677721179,0.053588316506
0.007881757100,-0.051922835304,0.001485083337,0.016670923238
0.005254504700,-0.051842079692,0.001416785913,-0.142567755614
0.002627252400,-0.051202041276,0.001499954182,-1.436807597756
0.000000000000,-0.044271268777,0.001202579565,-2.642026239161
