0.391460603250,0.051990945399,0.000546623631,0.447456995422
0.388833350880,0.050792674086,0.000621276017,-0.155683565342
0.386206098510,0.052738868134,0.000496567110,-0.145508540397
0.383578846140,0.051466117648,0.000003539967,0.474312419666
0.380951593770,0.050416324599,-0.000185167651,0.352715347882
0.378324341400,0.049778307251,-0.000210618033,0.370657251456
0.375697089030,0.048563774953,-0.000107066024,0.092336433339
0.373069836660,0.049324277426,-0.000031204885,-0.430699153264
0.370442584290,0.050840410696,-0.000033061498,-0.239933674852
0.367815331920,0.050580665238,0.000116916881,0.068615144669
0.365188079550,0.050365276347,0.000330698482,0.044250892884
0.362560827170,0.050247031432,0.000577755155,0.181465691968
0.359933574800,0.049324796503,0.000613986739,-0.075715133112
0.357306322430,0.050494125910,0.000770956724,-0.321933608582
0.354679070060,0.051025859472,0.000798698412,-0.177925965526
0.352051817690,0.051492968746,0.000870242881,-0.124561682688
0.349424565320,0.051745376942,0.000919165584,-0.089115049782
0.346797312950,0.052077796840,0.001023737527,-0.111274027540
0.344170060580,0.052464829750,0.001213568865,-0.195102858668
0.341542808210,0.053163581162,0.001358602769,-0.256786793379
0.338915555840,0.053861565149,0.001475690527,-0.226955077516
0.336288303460,0.054400629114,0.001484766675,-0.205642246145
0.333661051090,0.054973575139,0.001366872838,-0.180582773066
0.331033798720,0.055424323679,0.001280447987,-0.150670129982
0.328406546350,0.055819007463,0.001182730948,-0.148280238984
0.325779293980,0.056110253059,0.001225608274,-0.136196271937
0.323152041610,0.056386962610,0.001338391493,-0.127421756108
0.320524789240,0.056606256508,0.001495506906,-0.072074495805
0.317897536870,0.056684741792,0.001585554675,-0.029910181881
0.315270284500,0.056692364117,0.001651584824,-0.002802651731
0.312643032100,0.056662687738,0.001662021786,0.011992827639
0.310015779800,0.056580044316,0.001599765553,0.003543868631
0.307388527400,0.056571636860,0.001617903275,-0.018023183744
0.304761275000,0.056556221304,0.001609007145,-0.003220013790
0.302134022600,0.056525417887,0.001625027248,0.002562398201
0.299506770300,0.056454806970,0.001547708706,0.010729485272
0.296879517900,0.056380066230,0.001582109267,0.044358566761
0.294252265500,0.056146443219,0.001589894869,0.051893834435
0.291625013200,0.055965120818,0.001726708829,0.034094341124
0.288997760800,0.055859256116,0.001874296394,0.026182645880
0.286370508400,0.055724440125,0.001996001996,0.019934983553
0.283743256000,0.055653173916,0.002209759911,-0.009628417057
0.281116003700,0.055668683475,0.002389003703,-0.027467960632
0.278488751300,0.055689246157,0.002545100655,-0.016971484362
0.275861498900,0.055686196282,0.002704843265,-0.010054329012
0.273234246600,0.055689244356,0.002778724089,-0.009182934136
0.270606994200,0.055712714087,0.002865671979,-0.018147629899
0.267979741800,0.055779174658,0.002988072308,-0.036639893797
0.265352489400,0.055907515477,0.002991774046,-0.041276732710
0.262725237100,0.055972131096,0.003136244290,-0.018567918639
0.260097984700,0.056044152988,0.003131710120,-0.029158251522
0.257470732300,0.056167912615,0.003021910969,-0.051897328514
0.254843480000,0.056305463156,0.002995431443,-0.027684085921
0.252216227600,0.056371783135,0.003048691566,-0.001452297369
0.249588975200,0.056386855380,0.003107755454,0.004360586241
0.246961722900,0.056481256022,0.002958140173,0.012634574708
0.244334470500,0.056507344903,0.002783586380,0.074503587381
0.241707218100,0.056306034803,0.002735867990,0.137866967453
0.239079965700,0.056010190054,0.002693336565,0.154456430647
0.236452713400,0.055732802437,0.002806499317,0.177635394012
0.233825461000,0.055309492023,0.003020595340,0.200749967393
0.231198208600,0.054881403263,0.003184107077,0.190457285302
0.228570956300,0.054509833643,0.003352130510,0.181710271144
0.225943703900,0.054174055379,0.003571180240,0.122776881833
0.223316451500,0.054041371715,0.003742436803,0.053103397549
0.220689199100,0.054037433791,0.003861137694,0.038980087214
0.218061946800,0.053977196895,0.003964655419,0.040360969267
0.215434694400,0.053980577870,0.003958109618,0.009443674670
0.212807442000,0.054059637123,0.003858641449,0.057907669723
0.210180189700,0.053837176278,0.003792684215,0.135594176088
0.207552937300,0.053475977106,0.003551802159,0.158535921834
0.204925684900,0.053122730560,0.003288927049,0.176873507126
0.202298432500,0.052626248072,0.003025176688,0.225464532226
0.199671180200,0.051995078133,0.002829734007,0.250999139453
0.197043927800,0.051326230860,0.002579653750,0.223836911431
0.194416675400,0.050825653234,0.002289883421,0.191041743346
0.191789423100,0.050360977653,0.001938579093,0.258562231260
0.189162170700,0.049493996443,0.001466050945,0.405943193398
0.186534918300,0.048109491999,0.000846848549,0.122872643471
0.183907666000,0.048474499166,0.000495217030,-0.135374764992
0.181280413600,0.048704042630,0.000066991951,-0.092712478294
0.178653161200,0.048945870243,-0.000277786947,-0.077983560670
0.176025908800,0.049123387107,-0.000418679791,-0.074265703713
0.173398656500,0.049367030557,-0.000581350151,-0.113444921674
0.170771404100,0.049759590783,-0.000795532031,-0.142450436403
0.168144151700,0.050096645891,-0.000850896143,-0.152713697016
0.165516899400,0.050472041026,-0.000977031879,-0.149107740255
0.162889647000,0.050808134526,-0.000928594710,-0.135648920693
0.160262394600,0.051096015162,-0.000800970415,-0.101640952604
0.157635142200,0.051191046546,-0.000707037465,-0.086338582900
0.155007889900,0.051331605491,-0.000552943086,-0.100786345631
0.152380637500,0.051468283309,-0.000431322512,-0.076927257308
0.149753385100,0.051495715312,-0.000305603127,-0.057447310055
0.147126132800,0.051517487076,-0.000116264529,-0.073506270011
0.144498880400,0.051610858474,0.000023967596,-0.066463899996
0.141871628000,0.051668714111,0.000136293310,-0.060876101568
0.139244375600,0.051714206572,0.000372881565,-0.083130037565
0.136617123300,0.051908417305,0.000536046705,-0.088888023827
0.133989870900,0.052040068654,0.000479018328,-0.082015693695
0.131362618500,0.052144435683,0.000534923958,-0.056697848879
0.128735366200,0.052129470739,0.000510374509,-0.029449016699
0.126108113800,0.052097047777,0.000435148707,-0.028475272987
0.123480861400,0.052031999890,0.000560387310,-0.027017304252
0.120853609000,0.052085927814,0.000646814674,-0.033811663596
0.118226356700,0.052050184574,0.000588953714,0.041212346111
0.115599104300,0.051773861270,0.000690400162,0.146077391770
0.112971851900,0.051255040116,0.000812458364,0.241070179148
0.110344599600,0.050544719510,0.000932029421,0.250313728362
0.107717347200,0.049973379731,0.000908574834,0.178508724672
0.105090094800,0.049621983739,0.001042358150,0.088758606982
0.102462842500,0.049558050752,0.001153940773,-0.020538439205
0.099835590100,0.049793309052,0.001054334786,-0.177918509287
0.097208337700,0.050517694992,0.000985621931,-0.194597953793
0.094581085300,0.050802610116,0.001040115102,-0.041952095822
0.091953833000,0.050724835076,0.000920077393,0.062166018277
0.089326580600,0.050494096243,0.000820024594,0.131821989451
0.086699328200,0.050172098962,0.000688927931,0.126323459913
0.084072075900,0.049934454241,0.000628430691,0.073738158245
0.081444823500,0.049875473057,0.000658416424,0.119492251147
0.078817571100,0.049487318685,0.000547976946,0.220155631724
0.076190318700,0.048858349974,0.000450600299,0.242952250572
0.073563066400,0.048372485129,0.000479394409,0.175195840683
0.070935814000,0.048080971562,0.000472890805,0.102308245737
0.068308561600,0.047965664158,0.000601922573,0.001820004664
0.065681309300,0.048184116992,0.000830415307,-0.060497474034
0.063054056900,0.048420680182,0.000856957325,-0.072752367032
0.060426804500,0.048816988231,0.000994859939,-0.068685576958
0.057799552100,0.049052715507,0.001167633036,0.005576994625
0.055172299800,0.049165041342,0.001325094183,0.030091527484
0.052545047400,0.049362151645,0.001510295507,0.035734986577
0.049917795000,0.049424189039,0.001675617388,0.111327227176
0.047290542700,0.049156994675,0.001659889803,0.212456094884
0.044663290300,0.048697348428,0.001700177084,0.271868818789
0.042036037900,0.048137442700,0.001644688166,0.233512962259
0.039408785500,0.047829018825,0.001551655592,0.201522789788
0.036781533200,0.047460682530,0.001312047404,0.180031230745
0.034154280800,0.047251300941,0.001333964192,0.132989997800
0.031527028400,0.047045816401,0.001332959889,0.168882869781
0.028899776100,0.046607411940,0.001178537602,0.210331600713
0.026272523700,0.046237422978,0.001068087551,0.158327937836
0.023645271300,0.046036770330,0.000734751803,0.208878914382
0.021018019000,0.045404874998,0.000624347336,0.317728132563
0.018390766600,0.044611496519,0.000773526940,0.277227984292
0.015763514200,0.044026580199,0.000680114322,0.204077889207
0.013136261800,0.043569054314,0.000689776155,0.178988377022
0.010509009500,0.043230982596,0.000732183576,0.147073190023
0.007881757100,0.042960419568,0.000638962374,0.007272174166
0.005254504700,0.043331714776,0.000364381305,-0.144665482667
0.002627252400,0.043865749206,0.000191619962,0.649151315756
0.000000000000,0.040020782637,-0.000103953987,1.475802748831
