0.391460603250,0.047427760915,0.000769120703,-0.228054097470
0.388833350880,0.047847796724,0.001169534166,-0.545926572196
0.386206098510,0.049841693986,0.001293346539,-0.086963405645
0.383578846140,0.048517060127,0.001455725945,0.178250579170
0.380951593770,0.049039912053,0.001508365788,0.072739569243
0.378324341400,0.048152237461,0.001514696455,-0.011695488080
0.375697089030,0.049117742478,0.001480681964,-0.210738807868
0.373069836660,0.049220907704,0.001453351905,0.093152424210
0.370442584290,0.048666676786,0.001399264874,0.226749767165
0.367815331920,0.048358132001,0.001580122396,0.325445599221
0.365188079550,0.047174243668,0.001443294935,0.086996125101
0.362560827170,0.048076764954,0.001576642729,-0.419339985946
0.359933574800,0.049489002677,0.001677218465,-0.483638898698
0.357306322430,0.050704820677,0.001783236669,-0.261758512309
0.354679070060,0.050939366659,0.001743042187,-0.047780816125
0.352051817690,0.051055988837,0.001758904825,-0.042858815291
0.349424565320,0.051248793032,0.001769827297,-0.084513249931
0.346797312950,0.051561825507,0.001718410658,-0.136966620290
0.344170060580,0.052026200835,0.001701685182,-0.192038134967
0.341542808210,0.052594782427,0.001693867782,-0.200489325910
0.338915555840,0.053099019015,0.001583179309,-0.183154000575
0.336288303460,0.053542680982,0.001517672971,-0.166385859309
0.333661051090,0.053911715163,0.001494114088,-0.125668680755
0.331033798720,0.054110572309,0.001480268278,-0.109785642823
0.328406546350,0.054387460557,0.001324710981,-0.073554897829
0.325779293980,0.054437999574,0.001238360950,-0.026217144991
0.323152041610,0.054443147399,0.001274447376,-0.030543221361
0.320524789240,0.054519361792,0.001381910692,-0.056860967389
0.317897536870,0.054664658950,0.001359799156,-0.032491670549
0.315270284500,0.054621296266,0.001376579276,-0.011795851910
0.312643032100,0.054597869366,0.001368472804,-0.033171570043
0.310015779800,0.054685903651,0.001309211197,-0.054511440727
0.307388527400,0.054789226915,0.001363947515,-0.058169551838
0.304761275000,0.054913255445,0.001278081260,-0.052990462753
0.302134022600,0.055027312921,0.001202793569,-0.034883531281
0.299506770300,0.055108576930,0.001161191148,-0.007253028055
0.296879517900,0.055073045048,0.001124320052,0.002420022386
0.294252265500,0.055094306937,0.001116718056,-0.029901507530
0.291625013200,0.055161635104,0.001190111947,-0.002777961481
0.288997760800,0.055081371261,0.001196143914,0.015517085248
0.286370508400,0.054967225937,0.001244254618,-0.002211222834
0.283743256000,0.055037219563,0.001479026241,-0.040573630583
0.281116003700,0.055187779806,0.001713972398,-0.037905409917
0.278488751300,0.055213805240,0.001767923171,-0.009152061524
0.275861498900,0.055184298949,0.001927688903,-0.009800662719
0.273234246600,0.055211610968,0.002130412607,-0.020909897636
0.270606994200,0.055220651943,0.002284992489,-0.027913737029
0.267979741800,0.055296028293,0.002383758514,-0.047357812552
0.265352489400,0.055448404769,0.002571944191,-0.053590000569
0.262725237100,0.055549543702,0.002775277392,-0.049888903989
0.260097984700,0.055691753598,0.002864554094,-0.058801513242
0.257470732300,0.055813637842,0.003011595148,-0.053423486825
0.254843480000,0.055926238520,0.003128219900,-0.033611585976
0.252216227600,0.056004357205,0.003242245358,-0.024443797695
0.249588975200,0.056076186296,0.003419701264,0.012568438216
0.246961722900,0.056030385184,0.003553972407,0.069324610352
0.244334470500,0.055826916480,0.003638146468,0.099961775112
0.241707218100,0.055609925515,0.003810283602,0.131487153087
0.239079965700,0.055246607466,0.004020852697,0.182572217013
0.236452713400,0.054741622618,0.004183265502,0.188450617143
0.233825461000,0.054276513058,0.004396490095,0.177000189056
0.231198208600,0.053837032762,0.004597833080,0.138942307703
0.228570956300,0.053577060637,0.004603686707,0.080717535619
0.225943703900,0.053476976114,0.004639343881,0.043132691068
0.223316451500,0.053427359977,0.004562413343,0.002434914610
0.220689199100,0.053468531573,0.004452094204,-0.019874259949
0.218061946800,0.053516534580,0.004419072557,-0.008693832389
0.215434694400,0.053470465959,0.004330956432,0.017414543378
0.212807442000,0.053367956871,0.004123148154,0.032850247625
0.210180189700,0.053257333413,0.003902726743,0.041703476332
0.207552937300,0.053137942304,0.003657422561,0.069338645782
0.204925684900,0.052926837427,0.003353308856,0.121291732159
0.202298432500,0.052631850621,0.003124182213,0.136986231087
0.199671180200,0.052396013937,0.002847054098,0.154770098893
0.197043927800,0.051982440943,0.002661967823,0.194417363377
0.194416675400,0.051536416169,0.002524874841,0.180975016715
0.191789423100,0.051227936784,0.002363413330,0.151856236543
0.189162170700,0.050944244951,0.002085791029,0.152876676545
0.186534918300,0.050643512896,0.001916714678,0.170660537068
0.183907666000,0.050280888727,0.001645299231,0.149399899521
0.181280413600,0.050106284161,0.001391652323,0.121188411842
0.178653161200,0.049943620906,0.001084581927,0.120831455471
0.176025908800,0.049767972266,0.000781988163,0.096070748351
0.173398656500,0.049723258049,0.000610920461,0.047461950604
0.170771404100,0.049797208312,0.000475977432,0.037355499414
0.168144151700,0.049763910797,0.000197316134,0.047611970562
0.165516899400,0.049795765012,0.000055225446,0.031892752457
0.162889647000,0.049855950625,-0.000110754883,0.054275978811
0.160262394600,0.049776766702,-0.000319148875,0.100036575651
0.157635142200,0.049617769318,-0.000424555643,0.122085705370
0.155007889900,0.049422613781,-0.000474614387,0.195388285171
0.152380637500,0.048853383279,-0.000668030898,0.264250860628
0.149753385100,0.048211184586,-0.000834220833,0.237715841958
0.147126132800,0.047710347568,-0.001011486774,0.164533884412
0.144498880400,0.047406505271,-0.001202281461,0.043024219262
0.141871628000,0.047525990367,-0.001197882743,-0.040687802297
0.139244375600,0.047652783757,-0.001252949706,0.025701061558
0.136617123300,0.047440007694,-0.001252064220,0.096314549079
0.133989870900,0.047165941994,-0.001224175746,0.113681046473
0.131362618500,0.046821447492,-0.001259615956,0.134360318326
0.128735366200,0.046361958394,-0.001379915911,0.117068439795
0.126108113800,0.046111007237,-0.001400581087,0.111726631596
0.123480861400,0.045760989093,-0.001215473600,0.115306025471
0.120853609000,0.045463164010,-0.000886712887,0.125191475634
0.118226356700,0.045003985854,-0.000476933094,0.132726680147
0.115599104300,0.044699653815,-0.000203575442,0.084029260760
0.112971851900,0.044533603210,0.000112921983,0.067997861622
0.110344599600,0.044309013351,0.000449292447,0.092661165135
0.107717347200,0.044079840135,0.000896841633,0.026438127545
0.105090094800,0.044138462206,0.001283315794,-0.086503571872
0.102462842500,0.044486002039,0.001609687168,-0.184819172739
0.099835590100,0.045073802729,0.001856705320,-0.244134194503
0.097208337700,0.045755779967,0.001985247568,-0.261905396111
0.094581085300,0.046491079126,0.001946498388,-0.243714327934
0.091953833000,0.047054672868,0.001793127143,-0.151836398707
0.089326580600,0.047311260149,0.001697176240,-0.069564778899
0.086699328200,0.047377842651,0.001661472087,0.000805747412
0.084072075900,0.047318189280,0.001549759655,0.070858567947
0.081444823500,0.046995599001,0.001318127526,0.164611722412
0.078817571100,0.046583764001,0.001459573479,0.190820290690
0.076190318700,0.046173744689,0.001637624677,0.120521459847
0.073563066400,0.046060216754,0.001604546913,0.049430046755
0.070935814000,0.046025413027,0.001627111651,-0.013808102902
0.068308561600,0.046244936625,0.001720800855,-0.024307575950
0.065681309300,0.046343224960,0.001886570704,0.043765241132
0.063054056900,0.046172751342,0.002075793142,0.041560883157
0.060426804500,0.046219112216,0.002301277279,0.028997403693
0.057799552100,0.046261507904,0.002478548992,0.062486002289
0.055172299800,0.046125925333,0.002521774289,0.120093871834
0.052545047400,0.045884523016,0.002565964951,0.172297434475
0.049917795000,0.045490751707,0.002480264435,0.178583706918
0.047290542700,0.045172728832,0.002576594714,0.174375418777
0.044663290300,0.044826223991,0.002787091941,0.145295354076
0.042036037900,0.044630483617,0.002761393516,0.111682476374
0.039408785500,0.044354647054,0.002641900342,0.099277324577
0.036781533200,0.044099683829,0.002541046222,0.058630087735
0.034154280800,0.044023672821,0.002444497907,0.032517834100
0.031527028400,0.043985588737,0.002274411959,0.032393577588
0.028899776100,0.043765677337,0.002143363101,0.052475879189
0.026272523700,0.043609168323,0.002198658285,0.060706306008
0.023645271300,0.043349298199,0.001909731230,0.126505008243
0.021018019000,0.042888464991,0.001725451137,0.158087763574
0.018390766600,0.042338496159,0.001716742711,0.046178702269
0.015763514200,0.042461204242,0.001655611980,-0.052448562004
0.013136261800,0.042479908121,0.001554541508,0.002416304617
0.010509009500,0.042473189889,0.001463206368,-0.022311977381
0.007881757100,0.042602058329,0.001207320698,-0.075162354111
0.005254504700,0.042969277949,0.000815466218,-0.083600321843
0.002627252400,0.043139788585,0.000486196317,0.835634645236
0.000000000000,0.038612859672,0.000118777994,1.756172049058
