0.391460603250,0.015485266383,0.000161032575,0.371033287527
0.388833350880,0.014623924301,0.000145671844,-0.273977999160
0.386206098510,0.016935459182,0.000281897004,0.040725251122
0.383578846140,0.014261200795,0.000251450157,0.280953034310
0.380951593770,0.015455348881,0.000585289622,-0.020794900294
0.378324341400,0.014195216861,0.000483904470,0.488587438034
0.375697089030,0.012950687568,0.000514594924,-0.045740323251
0.373069836660,0.014416775528,0.000432627590,-0.342663739415
0.370442584290,0.014769792816,0.000364979676,-0.039029672476
0.367815331920,0.014664393548,0.000351275553,0.021932939035
0.365188079550,0.014636153249,0.000345591688,0.056574961152
0.362560827170,0.014354468030,0.000264890826,0.210813337726
0.359933574800,0.013440389806,0.000175570524,0.010781660836
0.357306322430,0.014208078897,0.000159007551,-0.291093213396
0.354679070060,0.014841013480,0.000269863024,-0.199587511666
0.352051817690,0.015134090751,0.000215614276,-0.080012180609
0.349424565320,0.015126215404,0.000273813771,-0.070037241587
0.346797312950,0.015360831982,0.000380761030,-0.129760344904
0.344170060580,0.015621115773,0.000464788464,-0.109486148782
0.341542808210,0.015814787651,0.000534759822,-0.109051964174
0.338915555840,0.016082064399,0.000720989276,-0.108602094028
0.336288303460,0.016349392514,0.000971840808,-0.064406338207
0.333661051090,0.016405592565,0.001190805026,-0.038019307729
0.331033798720,0.016443676514,0.001488145914,-0.022325633721
0.328406546350,0.016496404728,0.001701876447,-0.048878311278
0.325779293980,0.016581704190,0.001913449590,-0.036720036629
0.323152041610,0.016564777909,0.002157688341,-0.027924722954
0.320524789240,0.016590634727,0.002402594224,-0.044313961262
0.317897536870,0.016681375748,0.002503029196,-0.046843712664
0.315270284500,0.016780502110,0.002641631081,-0.055269196422
0.312643032100,0.017005020198,0.002609809888,-0.077950326589
0.310015779800,0.017238373682,0.002602212526,-0.079917181792
0.307388527400,0.017438566844,0.002520394299,-0.076651754422
0.304761275000,0.017667573110,0.002520140117,-0.070045554594
0.302134022600,0.017887337627,0.002389653628,-0.055968099985
0.299506770300,0.017970962773,0.002472204443,-0.008589675511
0.296879517900,0.017962626602,0.002511830445,-0.008827362523
0.294252265500,0.018089978626,0.002409122556,-0.025285766055
0.291625013200,0.018188254309,0.002261677159,-0.017003579794
0.288997760800,0.018250743133,0.002232974069,-0.013431945235
0.286370508400,0.018287893559,0.002194868160,-0.011113965236
0.283743256000,0.018271653332,0.002159724271,-0.009005599570
0.281116003700,0.018286148561,0.002025351015,-0.003198076446
0.278488751300,0.018244671837,0.002084429398,0.019703644129
0.275861498900,0.018102109808,0.002170520915,0.059519213193
0.273234246600,0.017827402918,0.002251117804,0.057525312493
0.270606994200,0.017636582532,0.002490461557,0.046467099440
0.267979741800,0.017500260540,0.002646366052,0.034955070099
0.265352489400,0.017473687461,0.002772736920,0.016073862150
0.262725237100,0.017440905051,0.002883774633,0.012083517398
0.260097984700,0.017466857447,0.003031090985,-0.002099595601
0.257470732300,0.017519184639,0.003031573757,-0.003887658165
0.254843480000,0.017556658909,0.003050574094,-0.020341538994
0.252216227600,0.017679484429,0.003131759623,-0.034916260247
0.249588975200,0.017802010979,0.003068869581,-0.006380254528
0.246961722900,0.017801762885,0.003049823330,0.025470278799
0.244334470500,0.017793167180,0.003039662245,0.025299228293
0.241707218100,0.017796280332,0.003001146997,0.018150386108
0.239079965700,0.017826779480,0.002997281994,0.009149104622
0.236452713400,0.017904279986,0.003032575907,0.009248668982
0.233825461000,0.017934288258,0.003009736717,0.018335950123
0.231198208600,0.017966657744,0.002970953852,0.014766807409
0.228570956300,0.018041571710,0.002985391893,-0.013193891518
0.225943703900,0.018146175715,0.003005997613,0.001460124271
0.223316451500,0.018175025892,0.002944575496,0.099290691885
0.220689199100,0.017833319186,0.002944020752,0.181396647894
0.218061946800,0.017403658343,0.002994374449,0.185111998333
0.215434694400,0.017000130926,0.003026709178,0.180581588033
0.212807442000,0.016553709578,0.003002810583,0.165368065283
0.210180189700,0.016224691031,0.003009616838,0.105734917707
0.207552937300,0.016060897101,0.002973350209,0.050147469568
0.204925684900,0.016033553575,0.002996292744,0.051213173592
0.202298432500,0.015899204540,0.003068788945,0.079536327409
0.199671180200,0.015726499480,0.003069347269,0.093907274177
0.197043927800,0.015459807025,0.003060348484,0.117503355797
0.194416675400,0.015186003239,0.003046637271,0.147957943584
0.191789423100,0.014787750358,0.002909951673,0.175417314052
0.189162170700,0.014402169549,0.002718103094,0.169551063740
0.186534918300,0.014078877291,0.002611409753,0.142190809415
0.183907666000,0.013835983426,0.002448976799,0.128571892110
0.181280413600,0.013578597186,0.002183141401,0.085120363393
0.178653161200,0.013522981386,0.001918778802,0.021590999133
0.176025908800,0.013516268296,0.001789263838,-0.007198707876
0.173398656500,0.013562558612,0.001538416689,-0.006678843694
0.170771404100,0.013519269633,0.001354166251,0.025357442850
0.168144151700,0.013392535421,0.001098943355,-0.001998272823
0.165516899400,0.013454854981,0.000815802512,-0.028110509781
0.162889647000,0.013472286813,0.000681078319,-0.047904651528
0.160262394600,0.013588627632,0.000544628172,-0.068179451165
0.157635142200,0.013690064854,0.000479959295,-0.052701479200
0.155007889900,0.013753000626,0.000531018246,-0.035790197261
0.152380637500,0.013724958903,0.000639669058,-0.034178804566
0.149753385100,0.013776830773,0.000718165931,-0.054059600749
0.147126132800,0.013913325346,0.000763952643,-0.067527438537
0.144498880400,0.014070794700,0.000936218710,-0.085663033343
0.141871628000,0.014305496938,0.001082533781,-0.098459632502
0.139244375600,0.014469459201,0.001088182107,-0.033405637417
0.136617123300,0.014398280398,0.001127129620,0.035197794830
0.133989870900,0.014182850422,0.001281180208,0.045550369697
0.131362618500,0.014126590089,0.001378621484,-0.030898205216
0.128735366200,0.014241389831,0.001575265336,0.044115053256
0.126108113800,0.013689316824,0.001852519386,0.023433096469
0.123480861400,0.014054756124,0.001906590000,-0.292955799988
0.120853609000,0.015253324958,0.001603566328,-0.266187236999
0.118226356700,0.015504076915,0.001467148742,-0.096758649319
0.115599104300,0.015866826514,0.001224028481,-0.087570999257
0.112971851900,0.015969294796,0.000950736208,0.017297211820
0.110344599600,0.015832630413,0.000618529220,0.038710053437
0.107717347200,0.015735785982,0.000463208679,0.067405251937
0.105090094800,0.015437445391,0.000429738106,0.151573225811
0.102462842500,0.014963530607,0.000422715860,0.150751774877
0.099835590100,0.014695363191,0.000438672155,0.113952783569
0.097208337700,0.014442749842,0.000513889199,0.132672186266
0.094581085300,0.014196607585,0.000523177750,0.094848458847
0.091953833000,0.014160733080,0.000543544672,0.060352371129
0.089326580600,0.014007087029,0.000679194966,0.118406850066
0.086699328200,0.013716408866,0.000711587289,0.165077916166
0.084072075900,0.013412946363,0.000790639446,0.191367723983
0.081444823500,0.013026528709,0.000880411632,0.226496330229
0.078817571100,0.012477070014,0.000749336689,0.261879895482
0.076190318700,0.011873338645,0.000685192108,0.208250685317
0.073563066400,0.011624920991,0.000687106154,0.078807219097
0.070935814000,0.011665904146,0.000702914036,0.003304035600
0.068308561600,0.011812838978,0.000800601813,0.012424018725
0.065681309300,0.011826314275,0.000880015663,0.070485818799
0.063054056900,0.011646144483,0.000899849378,0.172860657524
0.060426804500,0.011147997636,0.000965779064,0.206854365449
0.057799552100,0.010701816118,0.001047605809,0.121495179590
0.055172299800,0.010641891512,0.001061237847,0.013946505222
0.052545047400,0.010752056258,0.001199533877,-0.019275796978
0.049917795000,0.010902509468,0.001299010493,-0.015989145486
0.047290542700,0.010982870948,0.001219872541,-0.025279789780
0.044663290300,0.011166879414,0.001118113420,0.008366582261
0.042036037900,0.011112490908,0.001082270908,0.059975200089
0.039408785500,0.011032199282,0.001151711351,0.060450271205
0.036781533200,0.010875639015,0.001158877563,0.109383582418
0.034154280800,0.010485233479,0.001122843607,0.157844558788
0.031527028400,0.010125491268,0.001246507589,0.125075000273
0.028899776100,0.009904846802,0.001284699569,0.116050560657
0.026272523700,0.009589201460,0.001326066036,0.324321281102
0.023645271300,0.008320289747,0.001283118832,0.334663486617
0.021018019000,0.007949766432,0.001306131255,0.061722128348
0.018390766600,0.008089273218,0.001344749718,-0.012808589091
0.015763514200,0.008056625412,0.001382491511,0.056726533920
0.013136261800,0.007835608457,0.001459976804,0.097319937470
0.010509009500,0.007561726252,0.001265071388,0.145018414692
0.007881757100,0.007168013101,0.000913032020,0.135759686350
0.005254504700,0.007033786438,0.000708362439,0.063899173903
0.002627252400,0.007014523386,0.000445301137,0.057323366625
0.000000000000,0.006807851090,0.000178163594,0.094185009157
