0.391460603250,-0.051427379258,0.000221295327,0.485280759137
0.388833350880,-0.052762121695,0.000356837932,0.273222681258
0.386206098510,-0.052888203577,0.000526035297,-0.203281967100
0.383578846140,-0.051594428516,0.000565206110,0.238791897422
0.380951593770,-0.054066455380,0.000611277867,0.753894092307
0.378324341400,-0.055530013796,0.000694958034,0.444077547487
0.375697089030,-0.056278576209,0.000631788822,0.597643745578
0.373069836660,-0.058522325927,0.000493971355,0.629166605860
0.370442584290,-0.059444541819,0.000391289364,0.217846506289
0.367815331920,-0.059563184151,0.000280173180,0.018353068903
0.365188079550,-0.059544087454,0.000250173284,-0.073460876681
0.362560827170,-0.059278198226,0.000152673872,0.039471630219
0.359933574800,-0.059846897834,0.000373910932,0.062923155668
0.357306322430,-0.059605454943,0.000418835090,-0.098361487525
0.354679070060,-0.059233981303,0.000447336788,-0.119639180242
0.352051817690,-0.058791205598,0.000565891955,-0.415702058993
0.349424565320,-0.056834925858,0.000584825235,-0.219723340870
0.346797312950,-0.057787750947,0.000771177649,0.071331248698
0.344170060580,-0.057153745979,0.000871525250,-0.246961900872
0.341542808210,-0.056494119687,0.001002155774,-0.267499254960
0.338915555840,-0.055842750202,0.000949044001,-0.221011504700
0.336288303460,-0.055369144932,0.000960457512,-0.146277884582
0.333661051090,-0.055042383154,0.001161561063,-0.102822432145
0.331033798720,-0.054728380855,0.001148068877,-0.072329788407
0.328406546350,-0.054581403285,0.001157584890,-0.023489084759
0.325779293980,-0.054537466445,0.001204224823,-0.005134264413
0.323152041610,-0.054499346536,0.001223594824,-0.014337042686
0.320524789240,-0.054464341562,0.001266004090,0.003454035215
0.317897536870,-0.054555261399,0.001366431826,0.007858411452
0.315270284500,-0.054523304542,0.001405593931,-0.031258702951
0.312643032100,-0.054390593982,0.001448996593,-0.063681203406
0.310015779800,-0.054322012328,0.001381470526,-0.019337635587
0.307388527400,-0.054292302835,0.001378711842,0.014364539833
0.304761275000,-0.054338047809,0.001403882060,0.010248132171
0.302134022600,-0.054349815020,0.001383794188,0.019254436388
0.299506770300,-0.054451364068,0.001463135103,0.000326992455
0.296879517900,-0.054418401838,0.001535630308,-0.030939210503
0.294252265500,-0.054297791334,0.001505479912,-0.017598004993
0.291625013200,-0.054277786582,0.001528892823,0.003113236088
0.288997760800,-0.054353366986,0.001536051003,-0.004480260311
0.286370508400,-0.054264476210,0.001649585366,-0.061662339342
0.283743256000,-0.054055596917,0.001895452935,-0.059870034973
0.281116003700,-0.053986462008,0.002085771591,-0.044133181196
0.278488751300,-0.053898486006,0.002259980112,-0.036702029854
0.275861498900,-0.053842840775,0.002449423653,-0.040105605454
0.273234246600,-0.053744000022,0.002572707063,-0.041551329283
0.270606994200,-0.053640413910,0.002793329864,-0.018289398924
0.267979741800,-0.053666195695,0.002945514333,-0.019738018636
0.265352489400,-0.053558019222,0.003164170643,-0.040061095477
0.262725237100,-0.053500008124,0.003317011742,-0.005533993868
0.260097984700,-0.053530360488,0.003327721533,0.034724790992
0.257470732300,-0.053645764988,0.003368695099,0.057688761718
0.254843480000,-0.053734991253,0.003522492469,0.058771294306
0.252216227600,-0.053910843179,0.003621039888,0.097896108111
0.249588975200,-0.054132704308,0.003800849337,0.122767905051
0.246961722900,-0.054455725602,0.003976440469,0.175599954098
0.244334470500,-0.054943063677,0.004128227439,0.229460585416
0.241707218100,-0.055508005202,0.004266399877,0.228214133943
0.239079965700,-0.056005405490,0.004362724008,0.197290148136
0.236452713400,-0.056455331924,0.004562646869,0.169130797376
0.233825461000,-0.056784536213,0.004749357079,0.137813325737
0.231198208600,-0.057029163414,0.004842087522,0.081491789741
0.228570956300,-0.057107698794,0.004953023718,-0.002654694586
0.225943703900,-0.056964371844,0.005017953853,-0.013496358328
0.223316451500,-0.056944370158,0.005020763738,0.006025701917
0.220689199100,-0.056897050059,0.005019020684,0.036767920520
0.218061946800,-0.056978557826,0.005091990014,0.073150154327
0.215434694400,-0.057179790585,0.005028529285,0.057624660725
0.212807442000,-0.057306436868,0.004871083915,0.028321700458
0.210180189700,-0.057420118043,0.004600595608,0.047373697369
0.207552937300,-0.057713643258,0.004257452202,0.117775196697
0.204925684900,-0.058161434776,0.003937931685,0.164844869303
0.202298432500,-0.058590935083,0.003480294076,0.178013705315
0.199671180200,-0.059084133146,0.003065128614,0.208284789555
0.197043927800,-0.059621967740,0.002852104478,0.216333552777
0.194416675400,-0.060118336146,0.002605168382,0.214171239498
0.191789423100,-0.060643321133,0.002262800104,0.188610236522
0.189162170700,-0.061006748319,0.002003152350,0.136242536000
0.186534918300,-0.061223104268,0.001719247354,0.125288103955
0.183907666000,-0.061478023165,0.001502041028,0.124091667789
0.181280413600,-0.061686095193,0.001351329773,0.091482736205
0.178653161200,-0.061815435700,0.001155444478,0.074864484631
0.176025908800,-0.061963900970,0.000907280473,0.085370184383
0.173398656500,-0.062116413159,0.000635495638,0.057382841564
0.170771404100,-0.062128031521,0.000507899227,0.017098058651
0.168144151700,-0.062092619081,0.000384008012,-0.012047655213
0.165516899400,-0.061990012077,0.000288252250,-0.016172289558
0.162889647000,-0.061924405193,0.000116726086,-0.030301070281
0.160262394600,-0.061754088625,0.000169050351,-0.042790852268
0.157635142200,-0.061627565281,0.000304845560,-0.035929995907
0.155007889900,-0.061514970122,0.000326543105,-0.042086640499
0.152380637500,-0.061342973905,0.000335735882,-0.039284304169
0.149753385100,-0.061311724513,0.000486356217,-0.011626939296
0.147126132800,-0.061318188433,0.000664273854,-0.022782210551
0.144498880400,-0.061255528591,0.000736378467,-0.069043758152
0.141871628000,-0.061091351112,0.000830654663,-0.083618037120
0.139244375600,-0.061033360503,0.001041942153,-0.023339321673
0.136617123300,-0.061171215036,0.001089900891,0.037460042163
0.133989870900,-0.061381208693,0.001273431831,0.069789714143
0.131362618500,-0.061687234876,0.001361177965,0.090041285686
0.128735366200,-0.061982840578,0.001514431323,0.064092272612
0.126108113800,-0.062118414577,0.001698752262,0.030083246724
0.123480861400,-0.062226139177,0.001989517284,0.035972215583
0.120853609000,-0.062390427765,0.002154713663,0.099967106438
0.118226356700,-0.062718819585,0.002451508234,0.113355743015
0.115599104300,-0.062969531196,0.002866862039,0.093664164252
0.112971851900,-0.063188169581,0.003134527441,0.090710453849
0.110344599600,-0.063301057303,0.003388848296,0.024511100928
0.107717347200,-0.063184106159,0.003457688944,-0.062240743108
0.105090094800,-0.062758593039,0.003402599918,-0.101884565486
0.102462842500,-0.062401952037,0.003309376344,-0.074234287301
0.099835590100,-0.062161787154,0.003303696344,0.020964925646
0.097208337700,-0.062258511960,0.003315924036,0.129838214232
0.094581085300,-0.062477253592,0.003236786460,0.203831095166
0.091953833000,-0.062899128877,0.003104079700,0.229073470330
0.089326580600,-0.063399095910,0.003176055283,0.232261811833
0.086699328200,-0.063956497273,0.003175880551,0.188076689718
0.084072075900,-0.064292938328,0.003104438087,0.123620008939
0.081444823500,-0.064574652912,0.003145861830,0.023928221640
0.078817571100,-0.064395920177,0.003227716824,-0.063860276906
0.076190318700,-0.064140542545,0.003325129355,-0.056064290424
0.073563066400,-0.063986409653,0.003517582647,-0.056188465447
0.070935814000,-0.063747140499,0.003590480734,-0.058864890683
0.068308561600,-0.063622845363,0.003736405983,-0.019495638614
0.065681309300,-0.063595823982,0.003877435824,0.031188416544
0.063054056900,-0.063715769362,0.003989151998,0.070240420378
0.060426804500,-0.063910264347,0.004200019171,0.058681405971
0.057799552100,-0.063993972298,0.004365818784,-0.000167870332
0.055172299800,-0.063885065756,0.004494479812,0.011411083323
0.052545047400,-0.063970037059,0.004386142331,0.053073928851
0.049917795000,-0.064054129516,0.004500354781,0.018830041232
0.047290542700,-0.064124189065,0.004493042472,0.027613639137
0.044663290300,-0.064275028882,0.004430043585,0.071515480663
0.042036037900,-0.064601113229,0.004218914688,0.116250299845
0.039408785500,-0.065011771988,0.004006947260,0.160979465005
0.036781533200,-0.065473206750,0.003849583768,0.194003244290
0.034154280800,-0.065974769217,0.003599901379,0.250853177540
0.031527028400,-0.066696151959,0.003454953822,0.249946874188
0.028899776100,-0.067164531295,0.003527831828,0.225381293237
0.026272523700,-0.067652398288,0.003536211540,0.168941765511
0.023645271300,-0.067789319829,0.003397041031,0.111274348253
0.021018019000,-0.068049652084,0.003282636284,0.230218419351
0.018390766600,-0.068840272415,0.003254955231,0.244892597879
0.015763514200,-0.069196157418,0.003368720563,0.136639483470
0.013136261800,-0.069387363197,0.003144554736,0.076952610831
0.010509009500,-0.069437280468,0.002775848403,-0.055147307414
0.007881757100,-0.069027435666,0.002480307675,-0.100241257355
0.005254504700,-0.068839766194,0.002178114602,-0.316213891575
0.002627252400,-0.067325380413,0.001930197352,-0.810435566318
0.000000000000,-0.064614981261,0.001655017743,-1.032160018508
