0.391460603250,-0.013736586108,0.000432342403,0.007940368701
0.388833350880,-0.013830313799,0.000590708212,-0.064658218459
0.386206098510,-0.013514654500,0.000779505149,-0.415733653661
0.383578846140,-0.011807243469,0.000812480237,-0.246505422156
0.380951593770,-0.012385223766,0.001088323563,0.135576835492
0.378324341400,-0.012685256743,0.001048986656,0.111502555362
0.375697089030,-0.013015879515,0.001147974485,0.113995325571
0.373069836660,-0.013275653058,0.001268250441,0.099114074934
0.370442584290,-0.013465063504,0.001283934082,0.060171837794
0.367815331920,-0.013540490659,0.001385590148,0.006910117324
0.365188079550,-0.013366780061,0.001613485092,-0.221011887251
0.362560827170,-0.012249889282,0.001671199912,0.107571775193
0.359933574800,-0.013854744790,0.001723768991,0.242202168706
0.357306322430,-0.013381021029,0.001841189911,-0.049051017916
0.354679070060,-0.013441125230,0.001962431829,0.004391472620
0.352051817690,-0.013181975606,0.001948044223,-0.065275737898
0.349424565320,-0.012817707413,0.001888803497,-0.118936432596
0.346797312950,-0.012425921684,0.001805407482,-0.125231616784
0.344170060580,-0.012101539419,0.001641671994,-0.111036553794
0.341542808210,-0.011749757308,0.001551259232,-0.130309964836
0.338915555840,-0.011338946598,0.001559594999,-0.136111699474
0.336288303460,-0.011009608089,0.001403950137,-0.110489598724
0.333661051090,-0.010764588913,0.001198418937,-0.075804099402
0.331033798720,-0.010668484210,0.000997081559,-0.022304056092
0.328406546350,-0.010695257122,0.000892647673,-0.023613663178
0.325779293980,-0.010600292030,0.000865714872,-0.055452174244
0.323152041610,-0.010489779687,0.000914208371,-0.026546622451
0.320524789240,-0.010464456510,0.000917502331,-0.028724741431
0.317897536870,-0.010348312073,0.000953545016,-0.062407218490
0.315270284500,-0.010242713924,0.001095233555,-0.059172299361
0.312643032100,-0.010161839830,0.001002211962,-0.051348400391
0.310015779800,-0.009998470418,0.001019476825,-0.067794690620
0.307388527400,-0.009845093012,0.001100697112,-0.053804705087
0.304761275000,-0.009748107346,0.001061011452,-0.052613183170
0.302134022600,-0.009570336177,0.000986091085,-0.052102213125
0.299506770300,-0.009462607209,0.001047851146,-0.004602179911
0.296879517900,-0.009522380460,0.001067530316,0.021983235015
0.294252265500,-0.009595887295,0.001132314276,0.007936038195
0.291625013200,-0.009586999163,0.001269499543,-0.003264169100
0.288997760800,-0.009583129131,0.001312166800,-0.012435408781
0.286370508400,-0.009519637979,0.001431452514,-0.036039764680
0.283743256000,-0.009403300437,0.001580165597,-0.014452296960
0.281116003700,-0.009443947404,0.001711714713,0.022114531887
0.278488751300,-0.009496913655,0.001936899215,-0.008967744784
0.275861498900,-0.009432276046,0.002019258751,-0.032083110641
0.273234246600,-0.009382009320,0.002196650492,-0.009782306513
0.270606994200,-0.009405460791,0.002449055599,0.005284514563
0.267979741800,-0.009438565175,0.002599893795,0.010303389856
0.265352489400,-0.009493712230,0.002855088635,-0.009125950755
0.262725237100,-0.009442479937,0.003072310481,-0.048910927155
0.260097984700,-0.009319882088,0.003226077214,-0.046813989884
0.257470732300,-0.009258133997,0.003392049701,-0.045304969249
0.254843480000,-0.009157439429,0.003580636070,-0.026485766680
0.252216227600,-0.009183010721,0.003792990647,-0.003909281267
0.249588975200,-0.009219312749,0.004036225248,0.005293559487
0.246961722900,-0.009293051892,0.004271811097,0.031544681571
0.244334470500,-0.009390788726,0.004422716129,0.051656898556
0.241707218100,-0.009633717804,0.004647872646,0.094275206815
0.239079965700,-0.010000240030,0.004787050684,0.111161920935
0.236452713400,-0.010363630439,0.004818792827,0.100087323289
0.233825461000,-0.010638858469,0.004934806714,0.082655662078
0.231198208600,-0.010844077164,0.004948184023,0.075325600001
0.228570956300,-0.011061556818,0.004877477709,0.072738673354
0.225943703900,-0.011242693965,0.004829743027,0.056735454475
0.223316451500,-0.011379876216,0.004836773100,0.033412355256
0.220689199100,-0.011483698212,0.004801964166,0.017209772041
0.218061946800,-0.011500928673,0.004829671510,0.023552996630
0.215434694400,-0.011600849702,0.004808786733,0.036467661382
0.212807442000,-0.011645795685,0.004766416094,0.023634178653
0.210180189700,-0.011642234421,0.004711268345,0.029077118557
0.207552937300,-0.011678135896,0.004663240091,0.060149725476
0.204925684900,-0.011795114051,0.004598493604,0.088644143886
0.202298432500,-0.011992793236,0.004500992987,0.104123571808
0.199671180200,-0.012143851773,0.004420549740,0.110260814365
0.197043927800,-0.012357300228,0.004342203480,0.142207249560
0.194416675400,-0.012659318533,0.004197395886,0.157571285092
0.191789423100,-0.012913477376,0.003917017323,0.147378684749
0.189162170700,-0.013111535521,0.003720524827,0.145058528053
0.186534918300,-0.013355314654,0.003595864016,0.158038672265
0.183907666000,-0.013680968071,0.003434991899,0.171374828782
0.181280413600,-0.013979643612,0.003310093549,0.162310840055
0.178653161200,-0.014262740053,0.003055135847,0.123507733339
0.176025908800,-0.014413939855,0.002745210870,0.099843023778
0.173398656500,-0.014498588997,0.002436360052,0.068085493855
0.170771404100,-0.014534189595,0.002184866443,0.035152781889
0.168144151700,-0.014507322646,0.001976412252,0.011009047147
0.165516899400,-0.014425021698,0.001919101230,0.018184279340
0.162889647000,-0.014373694156,0.001760203870,0.033824080164
0.160262394600,-0.014412482909,0.001503465016,0.077238383045
0.157635142200,-0.014641509087,0.001257559552,0.157286442433
0.155007889900,-0.015047607649,0.001054090603,0.282899007800
0.152380637500,-0.015870204787,0.000672495384,0.402809179740
0.149753385100,-0.016921258955,0.000407702574,0.365002453473
0.147126132800,-0.017530239106,0.000233072813,0.183545086609
0.144498880400,-0.017645657818,-0.000027266546,0.081348499209
0.141871628000,-0.017796619717,-0.000259433064,0.066695897904
0.139244375600,-0.017866273488,-0.000267118440,0.070974729860
0.136617123300,-0.018096005600,-0.000181480410,0.171686714078
0.133989870900,-0.018737140554,-0.000142725155,0.271295608861
0.131362618500,-0.019453223413,-0.000046383000,0.240629628395
0.128735366200,-0.019943245560,0.000151585164,0.187020725468
0.126108113800,-0.020400094004,0.000523446540,0.168884252684
0.123480861400,-0.020804230959,0.000745046877,0.133909004065
0.120853609000,-0.021079516503,0.000831184646,0.085998704640
0.118226356700,-0.021219472153,0.001114905085,0.049545637643
0.115599104300,-0.021333620824,0.001505131785,0.033630426949
0.112971851900,-0.021379096882,0.001976429159,0.001014893783
0.110344599600,-0.021365638961,0.002335628162,-0.065739723331
0.107717347200,-0.021140273394,0.002606509323,-0.153542148471
0.105090094800,-0.020642480044,0.002839648102,-0.257807284776
0.102462842500,-0.019828117010,0.002756531263,-0.307250525759
0.099835590100,-0.019097283956,0.002774351756,-0.265833253631
0.097208337700,-0.018453458608,0.002938724935,-0.230055311202
0.094581085300,-0.017972547900,0.003035051582,-0.139336645022
0.091953833000,-0.017822194062,0.002956484352,-0.041357797841
0.089326580600,-0.017897879552,0.002912065573,0.050873759032
0.086699328200,-0.018259945144,0.003007821398,0.110238323865
0.084072075900,-0.018559037372,0.003063661732,0.093474962520
0.081444823500,-0.018851933838,0.003142243075,0.060611584344
0.078817571100,-0.018987692719,0.003299931051,0.037195338080
0.076190318700,-0.019111322651,0.003312270821,0.028919546143
0.073563066400,-0.019172134521,0.003290748022,0.007176438271
0.070935814000,-0.019160350440,0.003369391677,-0.010822395184
0.068308561600,-0.019140918039,0.003445214137,0.007422935702
0.065681309300,-0.019196204144,0.003809297657,0.055882173379
0.063054056900,-0.019399597566,0.004170035493,0.073316581807
0.060426804500,-0.019477938559,0.004314887687,0.087919722183
0.057799552100,-0.019641753959,0.004497050830,0.112573720551
0.055172299800,-0.019848105025,0.004647340805,0.091547973675
0.052545047400,-0.020003361705,0.004671360869,0.077315427623
0.049917795000,-0.020171778485,0.004799685603,0.097672203061
0.047290542700,-0.020417790530,0.004838769039,0.072917709681
0.044663290300,-0.020429195606,0.004669013403,0.058486142951
0.042036037900,-0.020653826597,0.004520394345,0.097979886159
0.039408785500,-0.020921554639,0.004216633189,0.116254278450
0.036781533200,-0.021181794384,0.003981657967,0.145219775137
0.034154280800,-0.021574298406,0.003579862438,0.116873470410
0.031527028400,-0.021736681795,0.003327581769,0.050909731588
0.028899776100,-0.021849946323,0.003090824077,0.091986529534
0.026272523700,-0.022122381343,0.002927688881,0.033425490284
0.023645271300,-0.021927966672,0.002769523876,-0.121005549863
0.021018019000,-0.021525802706,0.002505419771,0.157924167222
0.018390766600,-0.022515764328,0.002470903762,0.214286151884
0.015763514200,-0.022599293299,0.002414822257,0.002142361091
0.013136261800,-0.022544591693,0.002323949318,-0.032939867737
0.010509009500,-0.022410399315,0.002274056843,-0.094918361544
0.007881757100,-0.022091506487,0.002040078458,-0.189439152481
0.005254504700,-0.021503920984,0.001716572382,-0.273505060187
0.002627252400,-0.020702926947,0.001212446102,-0.444755825228
0.000000000000,-0.019133675769,0.000686980288,-0.599073683126
