0.391460603250,0.003216630034,0.000197384694,-0.228813495865
0.388833350880,0.003746419924,0.000170519354,-0.124034095324
0.386206098510,0.003981588615,0.000374703657,-0.091813629085
0.383578846140,0.004231835455,0.000517283938,-0.132766589087
0.380951593770,0.004660673459,0.000613055193,-0.146082077435
0.378324341400,0.004983715705,0.000714358424,-0.097354822175
0.375697089030,0.005207434661,0.000788874372,-0.073034443696
0.373069836660,0.005384603261,0.000803339286,-0.018918074609
0.370442584290,0.005348573073,0.001002450519,0.029484078067
0.367815331920,0.005474752161,0.001057595359,-0.013143896415
0.365188079550,0.005560451509,0.001118005926,-0.011151293332
0.362560827170,0.005596956280,0.001086767951,-0.012648047524
0.359933574800,0.005650070452,0.001135530004,-0.035336093594
0.357306322430,0.005779726487,0.001290454027,-0.021630337695
0.354679070060,0.005795454611,0.001368084065,0.019373936769
0.352051817690,0.005735763139,0.001453185007,0.000527387140
0.349424565320,0.005841526366,0.001508245624,-0.041847702347
0.346797312950,0.005971736378,0.001516525699,-0.045320386397
0.344170060580,0.006066905081,0.001564652625,-0.021270593914
0.341542808210,0.006110973158,0.001556396692,-0.004028883049
0.338915555840,0.006127464990,0.001547475767,-0.055759465862
0.336288303460,0.006376986614,0.001642365725,-0.073060213842
0.333661051090,0.006486902531,0.001726498769,-0.041303189879
0.331033798720,0.006504295782,0.001680285566,-0.016714246130
0.328406546350,0.006546955890,0.001653336218,-0.018327239026
0.325779293980,0.006559232633,0.001567834390,-0.030051101156
0.323152041610,0.006652417104,0.001502624776,-0.045222217847
0.320524789240,0.006746589276,0.001513696945,-0.034459860625
0.317897536870,0.006760420678,0.001492309897,-0.006384447040
0.315270284500,0.006720915436,0.001474814437,-0.011646875516
0.312643032100,0.006777692408,0.001569180560,-0.030071071266
0.310015779800,0.006803000189,0.001479255288,-0.037385408880
0.307388527400,0.006869989262,0.001510997192,-0.033206120686
0.304761275000,0.006826418657,0.001637769088,-0.026072140961
0.302134022600,0.006769438600,0.001745148121,-0.025187139779
0.299506770300,0.006750424614,0.001755626442,-0.004613842861
0.296879517900,0.006678886815,0.001800330250,-0.004872208025
0.294252265500,0.006616864928,0.002019828293,-0.002168281301
0.291625013200,0.006570748200,0.002128287910,-0.018853980462
0.288997760800,0.006578722729,0.002165406088,-0.020044131066
0.286370508400,0.006473998077,0.002151771417,-0.015521766719
0.283743256000,0.006480526503,0.002143325503,-0.032974778955
0.281116003700,0.006470933429,0.002113904380,-0.004428295626
0.278488751300,0.006374434722,0.002103416528,0.012451153923
0.275861498900,0.006346614266,0.002065867324,-0.007589559602
0.273234246600,0.006319006958,0.001943632886,0.001248793524
0.270606994200,0.006230639386,0.001827881450,0.039489670477
0.267979741800,0.006086816358,0.001656975771,0.049370299851
0.265352489400,0.005972942077,0.001533872475,0.030756953415
0.262725237100,0.005924404152,0.001425961285,0.008858220395
0.260097984700,0.005899542479,0.001406071410,0.019455716636
0.257470732300,0.005781796242,0.001607876019,-0.000589222882
0.254843480000,0.005807143560,0.002044657040,-0.058578804627
0.252216227600,0.005969965848,0.002381337876,-0.051961038391
0.249588975200,0.005995031993,0.002470842643,-0.031996888437
0.246961722900,0.006013780092,0.002685691901,-0.047940324122
0.244334470500,0.006095821093,0.002740876551,-0.051236343023
0.241707218100,0.006134734457,0.002726819187,-0.038188531839
0.239079965700,0.006151186208,0.002773482626,-0.058008087439
0.236452713400,0.006281273142,0.002943494898,-0.076797585960
0.233825461000,0.006417340283,0.003068344022,-0.082856930084
0.231198208600,0.006553680231,0.003191157383,-0.065086696543
0.228570956300,0.006597712569,0.003328012474,-0.045932698887
0.225943703900,0.006658210949,0.003465724467,-0.061667141401
0.223316451500,0.006790608677,0.003587738076,-0.059481802960
0.220689199100,0.006835989969,0.003678494433,-0.044471289109
0.218061946800,0.006892564233,0.003715601961,-0.046621396005
0.215434694400,0.006977754825,0.003841813236,-0.035923677498
0.212807442000,0.007064770268,0.003905983264,-0.008541026699
0.210180189700,0.007083948216,0.004012292223,0.030773461622
0.207552937300,0.006992421449,0.004031263784,0.052291160720
0.204925684900,0.006955831187,0.004023963759,0.050320611928
0.202298432500,0.006824745777,0.004086103519,0.042312667395
0.199671180200,0.006823882018,0.004197339889,0.045487579548
0.197043927800,0.006691980858,0.004242493953,0.056414515297
0.194416675400,0.006623400559,0.004302582939,0.035883995446
0.191789423100,0.006569772282,0.004458174920,0.056488290297
0.189162170700,0.006462898790,0.004575831358,0.083930268416
0.186534918300,0.006306254502,0.004621900249,0.107726966999
0.183907666000,0.006123076005,0.004704829406,0.094199758051
0.181280413600,0.006016336717,0.004790929509,0.100138487378
0.178653161200,0.005844274134,0.004871005201,0.124477537514
0.176025908800,0.005611225962,0.004827225233,0.122467612097
0.173398656500,0.005375869476,0.004782160232,0.095347815278
0.170771404100,0.005220041771,0.004823225450,0.071229228737
0.168144151700,0.005126603218,0.004846120262,0.042455688019
0.165516899400,0.005145959276,0.004864316470,0.060091350567
0.162889647000,0.005049997631,0.004779903883,0.123731009710
0.160262394600,0.004767234419,0.004594791303,0.148976250507
0.157635142200,0.004516455610,0.004536035401,0.143044476418
0.155007889900,0.004251410220,0.004390673339,0.127778342124
0.152380637500,0.004057292065,0.004232807066,0.088158162212
0.149753385100,0.003918061351,0.004161866240,0.080334327800
0.147126132800,0.003781867499,0.004084488324,0.092735827519
0.144498880400,0.003646706803,0.003840475811,0.088183642111
0.141871628000,0.003519522811,0.003699037830,0.084656838837
0.139244375600,0.003396598148,0.003569257198,0.120070436504
0.136617123300,0.003149977690,0.003414621998,0.135845550062
0.133989870900,0.002949745673,0.003260749274,0.116702334343
0.131362618500,0.002847630523,0.003026109673,0.076801111966
0.128735366200,0.002862211800,0.002813342601,0.023156753641
0.126108113800,0.002994348403,0.002721965932,0.030769289269
0.123480861400,0.002998978720,0.002858475589,0.113200755726
0.120853609000,0.002771144164,0.002872738880,0.164616128808
0.118226356700,0.002403331558,0.002995697755,0.158691538370
0.115599104300,0.002108985616,0.003144423233,0.109716154875
0.112971851900,0.002000213455,0.003264265421,0.041142900266
0.110344599600,0.001995539334,0.003291307799,0.017833391355
0.107717347200,0.001990194556,0.003381790965,0.110265056426
0.105090094800,0.001583436228,0.003518555869,0.202033873707
0.102462842500,0.001100742081,0.003513700796,0.161938823221
0.099835590100,0.000884568185,0.003426263978,0.154058559723
0.097208337700,0.000484594648,0.003559905818,0.182257118573
0.094581085300,0.000086790936,0.003379290870,0.239192642645
0.091953833000,-0.000563960455,0.003317526779,0.318023037911
0.089326580600,-0.001271790336,0.003315084992,0.281341771821
0.086699328200,-0.001752325660,0.003423352357,0.176168625674
0.084072075900,-0.002024781961,0.003371336935,0.078026294830
0.081444823500,-0.002108346980,0.003379097497,0.025590089322
0.078817571100,-0.002132254224,0.003391227882,0.039957515795
0.076190318700,-0.002269467265,0.003434212636,0.028340750253
0.073563066400,-0.002230090978,0.003714658165,-0.009702428992
0.070935814000,-0.002117500521,0.003929616158,-0.037073713611
0.068308561600,-0.001987829374,0.003897223801,-0.079471139829
0.065681309300,-0.001703840291,0.004050290849,-0.115631641561
0.063054056900,-0.001349192021,0.003995165887,-0.116721731039
0.060426804500,-0.001026957784,0.003843680494,-0.109338268244
0.057799552100,-0.000755700213,0.003829275817,-0.061934078371
0.055172299800,-0.000715904112,0.003713999968,-0.008852798905
0.052545047400,-0.000721965110,0.003533000049,0.042208373672
0.049917795000,-0.000993200317,0.003376313609,0.155836366820
0.047290542700,-0.001522271506,0.003074628639,0.167909825815
0.044663290300,-0.001844508127,0.002971104229,0.106467059316
0.042036037900,-0.002123928752,0.002804048801,0.113836586857
0.039408785500,-0.002461114821,0.002576944099,0.081712382278
0.036781533200,-0.002557687924,0.002239398501,0.026857601990
0.034154280800,-0.002617433048,0.002175837218,0.066236800915
0.031527028400,-0.002934043697,0.002036085610,0.116954775722
0.028899776100,-0.003329272129,0.001997089648,0.081656948240
0.026272523700,-0.003504640411,0.001950134301,-0.076688749809
0.023645271300,-0.003023889169,0.001750709738,-0.069713661377
0.021018019000,-0.003135989831,0.001564179291,0.229047417076
0.018390766600,-0.004125898410,0.001778663364,0.311240896120
0.015763514200,-0.004674196475,0.001785203601,0.233722117074
0.013136261800,-0.005184274746,0.001572044147,0.155685326754
0.010509009500,-0.005322810854,0.001408718472,0.049950242688
0.007881757100,-0.005297945571,0.001096122086,-0.112102656576
0.005254504700,-0.004713833967,0.000855533157,-0.297311675249
0.002627252400,-0.003725453416,0.000636450294,-0.460375773391
0.000000000000,-0.002237366097,0.000300433910,-0.533698489111
