0.391460603250,-0.042535889705,0.000271870685,-0.227693832165
0.388833350880,-0.041977303651,0.000317107157,0.066916393710
0.386206098510,-0.043100989454,0.000368621303,0.560153212849
0.383578846140,-0.044970210824,0.000415142439,0.656348608149
0.380951593770,-0.046658188419,0.000690038910,0.339523783118
0.378324341400,-0.046724218383,0.000747542110,0.035679275425
0.375697089030,-0.046819185111,0.000834070100,0.008248468403
0.373069836660,-0.046815163254,0.000859089637,-0.004725512330
0.370442584290,-0.046823187042,0.000991045223,0.017176174660
0.367815331920,-0.046896751662,0.001048146069,0.047571849138
0.365188079550,-0.047024315713,0.001155129171,0.052016872257
0.362560827170,-0.047223257212,0.001252706676,0.078401594653
0.359933574800,-0.047423725048,0.001355141433,0.050255230437
0.357306322430,-0.047471155503,0.001438324021,0.057087747079
0.354679070060,-0.047789297159,0.001571438182,0.061227611355
0.352051817690,-0.047839288562,0.001564885988,-0.001986432223
0.349424565320,-0.047850133919,0.001611358062,-0.038244091090
0.346797312950,-0.047703375620,0.001678709931,-0.092362563316
0.344170060580,-0.047428884988,0.001605172439,-0.138367596981
0.341542808210,-0.047058829104,0.001673612545,-0.171062270489
0.338915555840,-0.046615878939,0.001772375737,-0.192263970838
0.336288303460,-0.046215240601,0.001733387502,-0.171117006393
0.333661051090,-0.045874449293,0.001679795348,-0.144493801125
0.331033798720,-0.045568962984,0.001641108282,-0.121451311257
0.328406546350,-0.045290141452,0.001515987916,-0.095050555715
0.325779293980,-0.045137785675,0.001637707496,-0.047590780179
0.323152041610,-0.045096624739,0.001832946915,-0.042082854436
0.320524789240,-0.044974853188,0.001894118370,-0.035335187252
0.317897536870,-0.044985881422,0.001985627417,-0.026876565882
0.315270284500,-0.044905298892,0.002011175344,-0.028108030507
0.312643032100,-0.044870181346,0.002125560083,-0.010503032386
0.310015779800,-0.044874820157,0.002108246946,-0.029625406495
0.307388527400,-0.044760293011,0.002061483655,-0.044123301568
0.304761275000,-0.044743769358,0.001971478248,-0.018346265795
0.302134022600,-0.044734071085,0.001923781260,-0.011449533518
0.299506770300,-0.044675564509,0.001762639044,-0.019829726746
0.296879517900,-0.044640442155,0.001473842953,-0.010934228572
0.294252265500,-0.044604850238,0.001317992362,-0.001185270919
0.291625013200,-0.044598071881,0.001217628259,0.009705221295
0.288997760800,-0.044669009088,0.001203470029,0.025960637989
0.286370508400,-0.044768006942,0.001141238618,0.000937312176
0.283743256000,-0.044693724047,0.001092298281,-0.035575571559
0.281116003700,-0.044675619961,0.001232172155,-0.007939704250
0.278488751300,-0.044744093262,0.001405001341,0.009308350544
0.275861498900,-0.044763358814,0.001606338363,-0.011441677231
0.273234246600,-0.044748056521,0.001934255319,-0.026740071197
0.270606994200,-0.044702071282,0.002242131258,-0.014808435982
0.267979741800,-0.044753335522,0.002503700437,0.002726540849
0.265352489400,-0.044809964252,0.002748420233,0.004833415850
0.262725237100,-0.044828581317,0.002953611532,0.006840904953
0.260097984700,-0.044905071099,0.003115806296,-0.009359537035
0.257470732300,-0.044885913922,0.003135597231,-0.048803435798
0.254843480000,-0.044746562836,0.003218816194,-0.063651470903
0.252216227600,-0.044608266712,0.003386396401,-0.057711260677
0.249588975200,-0.044484398047,0.003489924776,-0.081552408656
0.246961722900,-0.044292784506,0.003617584706,-0.087046002714
0.244334470500,-0.044073130241,0.003863873128,-0.066663558542
0.241707218100,-0.043937109794,0.003972426811,-0.038579927534
0.239079965700,-0.043866581841,0.003974853615,-0.056517419838
0.236452713400,-0.043658887746,0.004153922379,-0.062945489487
0.233825461000,-0.043522621595,0.004242315018,-0.000867366785
0.231198208600,-0.043668046199,0.004341770853,0.061640960414
0.228570956300,-0.043865137635,0.004479009075,0.117177248372
0.225943703900,-0.044280020651,0.004622231241,0.188546444279
0.223316451500,-0.044828061272,0.004752110473,0.183932171405
0.220689199100,-0.045269376567,0.004933487918,0.163300448419
0.218061946800,-0.045683524664,0.004993348715,0.140429110793
0.215434694400,-0.045941060452,0.005098958070,0.082135866631
0.212807442000,-0.046075213041,0.005256485432,0.026392013851
0.210180189700,-0.046061879294,0.005286119671,-0.025548354507
0.207552937300,-0.045954075018,0.005201222598,-0.048395259394
0.204925684900,-0.045813588718,0.005220402943,0.002014459846
0.202298432500,-0.045925842444,0.005148907271,0.067725226834
0.199671180200,-0.046091284006,0.004839319291,0.119954834269
0.197043927800,-0.046378940484,0.004485442538,0.181623733844
0.194416675400,-0.046886059074,0.004244644583,0.227273677683
0.191789423100,-0.047393888678,0.004001892484,0.215623903959
0.189162170700,-0.047771362365,0.003764283946,0.202104166849
0.186534918300,-0.048189715819,0.003499210369,0.173792121259
0.183907666000,-0.048354522650,0.003258024645,0.096580125627
0.181280413600,-0.048392871688,0.003099565516,0.040894105739
0.178653161200,-0.048303752553,0.002762998320,-0.019678758755
0.176025908800,-0.047997273741,0.002411508064,-0.026476367664
0.173398656500,-0.047849890031,0.002301266761,0.041471580330
0.170771404100,-0.047864784503,0.002248435719,0.071152217792
0.168144151700,-0.047960570598,0.002229907187,0.097887334406
0.165516899400,-0.048147820447,0.002145953348,0.123926188077
0.162889647000,-0.048435594668,0.002178721793,0.114642349900
0.160262394600,-0.048590086130,0.002200317622,0.148079832398
0.157635142200,-0.048893359230,0.002052582148,0.222213705170
0.155007889900,-0.049324703557,0.002046827393,0.231269293147
0.152380637500,-0.049670919714,0.002030785287,0.222485553448
0.149753385100,-0.050084093255,0.001974707678,0.213311657871
0.147126132800,-0.050395900480,0.001761663967,0.181525587254
0.144498880400,-0.050710524384,0.001686416619,0.174047946216
0.141871628000,-0.051016690214,0.001686205377,0.193237911221
0.139244375600,-0.051370920622,0.001476181446,0.183691506192
0.136617123300,-0.051657553379,0.001317958244,0.148433026424
0.133989870900,-0.051847427253,0.001182366659,0.142662117139
0.131362618500,-0.052159354757,0.000899035976,0.160801779683
0.128735366200,-0.052418274401,0.000632384468,0.099342797596
0.126108113800,-0.052403025725,0.000411803213,-0.028802378973
0.123480861400,-0.052040846039,0.000345379226,-0.120701290108
0.120853609000,-0.051665681867,0.000437616614,-0.091168046052
0.118226356700,-0.051526981318,0.000688135106,0.028610555237
0.115599104300,-0.051679104837,0.001016260368,0.116401574809
0.112971851900,-0.051954988281,0.001036006401,0.187174771225
0.110344599600,-0.052529915865,0.001211177321,0.257437459966
0.107717347200,-0.053193591835,0.001614893595,0.245969329923
0.105090094800,-0.053819920220,0.001927225977,0.187702130633
0.102462842500,-0.054201594596,0.002061812758,0.120734022398
0.099835590100,-0.054526838907,0.002214846945,0.094516120344
0.097208337700,-0.054714667064,0.002405331027,0.053357101101
0.094581085300,-0.054755473322,0.002637942461,-0.024128521764
0.091953833000,-0.054507746490,0.002835589551,-0.062251641105
0.089326580600,-0.054369936629,0.003155218390,-0.040773799816
0.086699328200,-0.054258742676,0.003219309050,-0.048273110229
0.084072075900,-0.054007713382,0.003023331192,-0.038435489164
0.081444823500,-0.053882346686,0.002873807681,0.017981697370
0.078817571100,-0.053969643239,0.002838987257,0.064654043827
0.076190318700,-0.054129859558,0.002955407366,0.077510728968
0.073563066400,-0.054263096247,0.002993808435,0.055483544679
0.070935814000,-0.054267939581,0.003197500149,-0.002286816856
0.068308561600,-0.054137694340,0.003160328011,-0.031062590621
0.065681309300,-0.054090511570,0.003258252077,-0.023946423243
0.063054056900,-0.054020778930,0.003413029520,0.022335266056
0.060426804500,-0.054090496605,0.003359408381,0.052312030448
0.057799552100,-0.054186249366,0.003398427390,0.042709448613
0.055172299800,-0.054304692179,0.003524747358,0.045118520213
0.052545047400,-0.054412367457,0.003630198433,0.020624900144
0.049917795000,-0.054427206572,0.003701530783,0.035571315911
0.047290542700,-0.054526314621,0.003693060773,0.082253912758
0.044663290300,-0.054776601249,0.003719171956,0.151822666510
0.042036037900,-0.055255055504,0.003547732855,0.217335724600
0.039408785500,-0.055877357835,0.003543678920,0.206590710622
0.036781533200,-0.056399186135,0.003542840558,0.185855551084
0.034154280800,-0.056825332697,0.003344310698,0.133090412773
0.031527028400,-0.057225157830,0.003029759041,0.102519544267
0.028899776100,-0.057419627114,0.003046063961,0.011059614520
0.026272523700,-0.057317151092,0.002974267951,-0.241782524025
0.023645271300,-0.056164868871,0.002711663015,-0.035470668492
0.021018019000,-0.057230392896,0.002891001745,0.115897028465
0.018390766600,-0.056911093788,0.002916768566,-0.091996230381
0.015763514200,-0.056842319782,0.002773362519,-0.018904246418
0.013136261800,-0.056880357193,0.002571523298,0.028006636653
0.010509009500,-0.057072051472,0.002350521815,0.049342778152
0.007881757100,-0.057157483857,0.002248812724,0.047993820441
0.005254504700,-0.057338529887,0.001963205696,0.012945456938
0.002627252400,-0.057266883708,0.001697018389,-1.495909805003
0.000000000000,-0.049510062839,0.001149343923,-2.977301423894
