0.391460603250,-0.052049234860,-0.000149882651,-0.327033230215
0.388833350880,-0.051227920006,-0.000006354022,-0.233923937773
0.386206098510,-0.050830783901,0.000151191520,0.002836932546
0.383578846140,-0.051222616500,0.000318068189,0.406459122888
0.380951593770,-0.052951349434,0.000604419784,0.637392378019
0.378324341400,-0.054574004158,0.000696950855,0.261606724357
0.375697089030,-0.054307353328,0.000749304350,-0.080048375426
0.373069836660,-0.054148653069,0.000841274658,0.155391889404
0.370442584290,-0.055129542891,0.000923329253,0.343335326990
0.367815331920,-0.055947740503,0.000886230778,0.129305814570
0.365188079550,-0.055835904586,0.000822348723,-0.050590642121
0.362560827170,-0.055743598954,0.000909695454,-0.044312417662
0.359933574800,-0.055687208841,0.000932987822,-0.034609195167
0.357306322430,-0.055603131107,0.000900106880,-0.024029917603
0.354679070060,-0.055596462409,0.000907659361,-0.020877652082
0.352051817690,-0.055552664112,0.000948486808,-0.032253225062
0.349424565320,-0.055466406625,0.001006203998,-0.026804577490
0.346797312950,-0.055483246875,0.001042083174,-0.014720958057
0.344170060580,-0.055435546596,0.001196327124,-0.032966150457
0.341542808210,-0.055325447305,0.001232293899,-0.031863220907
0.338915555840,-0.055312444549,0.001242761289,0.004984162794
0.336288303460,-0.055337590814,0.001317932950,0.016688025712
0.333661051090,-0.055314867607,0.001444548093,-0.000431739411
0.331033798720,-0.055248766435,0.001574314509,-0.009416957351
0.328406546350,-0.055235150716,0.001587024264,-0.251192391730
0.325779293980,-0.053927358524,0.001576701157,-0.331295563057
0.323152041610,-0.053528567214,0.001625616124,0.209893869339
0.320524789240,-0.055064508112,0.001633127782,0.300179901700
0.317897536870,-0.055030614475,0.001703810616,0.003118763700
0.315270284500,-0.054979961187,0.001817280960,-0.013899401910
0.312643032100,-0.054911779644,0.001978973439,-0.013651593130
0.310015779800,-0.054869406244,0.002065894711,-0.022755278799
0.307388527400,-0.054783390469,0.002161878651,-0.013366499955
0.304761275000,-0.054808237631,0.002390344880,0.009827207473
0.302134022600,-0.054818766604,0.002507646127,0.006701153448
0.299506770300,-0.054801713040,0.002538787366,-0.007776181981
0.296879517900,-0.054750878502,0.002528273736,-0.007926250354
0.294252265500,-0.054726417886,0.002647069146,0.021243358113
0.291625013200,-0.054835688619,0.002761127811,0.021534827325
0.288997760800,-0.054838735430,0.002693464091,-0.016613713009
0.286370508400,-0.054794308682,0.002641149461,-0.008011628558
0.283743256000,-0.054830115022,0.002673806536,0.014840350192
0.281116003700,-0.054880089014,0.002649470479,0.012770796616
0.278488751300,-0.054927187924,0.002557533162,0.009933307956
0.275861498900,-0.055004245353,0.002407236425,0.006580382665
0.273234246600,-0.055044509983,0.002243220806,0.020103747434
0.270606994200,-0.055143498145,0.001975910969,0.049017588210
0.267979741800,-0.055333922094,0.001728429271,0.060000417246
0.265352489400,-0.055550414336,0.001915284400,0.030564295210
0.262725237100,-0.055585156782,0.002301947790,-0.019658282744
0.260097984700,-0.055516433664,0.002700351294,-0.035915786439
0.257470732300,-0.055446531554,0.003029083702,-0.036209379735
0.254843480000,-0.055397041635,0.003285252344,-0.047479171322
0.252216227600,-0.055280333512,0.003402148606,-0.078201156855
0.249588975200,-0.055021420314,0.003490687084,-0.073347414790
0.246961722900,-0.054937836833,0.003552397379,-0.028447234698
0.244334470500,-0.054858878461,0.003602805432,-0.034091175052
0.241707218100,-0.054741044004,0.003642573232,-0.046794112332
0.239079965700,-0.054634169147,0.003738057200,-0.025354670074
0.236452713400,-0.054587718356,0.003793764095,-0.012105763389
0.233825461000,-0.054503551745,0.003788268629,-0.036372490346
0.231198208600,-0.054339551978,0.003854829200,-0.047001776020
0.228570956300,-0.054205083003,0.003992893264,-0.051487483896
0.225943703900,-0.054033799054,0.004056533440,-0.053955574077
0.223316451500,-0.053834680843,0.004081121143,-0.026682637884
0.220689199100,-0.053759959372,0.004136049580,0.031818910808
0.218061946800,-0.053878948421,0.004137288842,0.089177635539
0.215434694400,-0.054097289504,0.004068102086,0.118287619476
0.212807442000,-0.054370971958,0.004005373556,0.129979962548
0.210180189700,-0.054695923844,0.003975029453,0.106343089740
0.207552937300,-0.054865309186,0.003847909287,0.072585406508
0.204925684900,-0.054998952354,0.003770259752,0.074719603089
0.202298432500,-0.055157220260,0.003804070699,0.087758511530
0.199671180200,-0.055376131398,0.003758203302,0.084805866448
0.197043927800,-0.055559649368,0.003767040410,0.075867478857
0.194416675400,-0.055791180776,0.003839372506,0.103941701462
0.191789423100,-0.056154574902,0.003789132958,0.118798240422
0.189162170700,-0.056427357002,0.003724909482,0.104895365170
0.186534918300,-0.056683420562,0.003613902544,0.089726203911
0.183907666000,-0.056903766898,0.003584441558,0.071250634586
0.181280413600,-0.057028216592,0.003549093040,0.038191371899
0.178653161200,-0.057087711255,0.003565082531,0.010743518725
0.176025908800,-0.057108166760,0.003523113250,0.021154753283
0.173398656500,-0.057189978349,0.003491666742,0.003442355379
0.170771404100,-0.057068678964,0.003460804844,-0.007145377487
0.168144151700,-0.057062352495,0.003240813649,0.039228322001
0.165516899400,-0.057209946267,0.003193734891,0.070190543375
0.162889647000,-0.057393570279,0.003100446498,0.097395718093
0.160262394600,-0.057669106914,0.002799899151,0.151692322609
0.157635142200,-0.058078626806,0.002589942982,0.169827481178
0.155007889900,-0.058416244206,0.002415863040,0.151736103296
0.152380637500,-0.058666069112,0.002245517669,0.160395813025
0.149753385100,-0.059006498364,0.002206874844,0.198113818893
0.147126132800,-0.059467146425,0.002143453457,0.200676638594
0.144498880400,-0.059747029635,0.001966035016,0.129711438636
0.141871628000,-0.059828414538,0.001852692888,0.106281774785
0.139244375600,-0.059990414558,0.001728257328,0.122110546232
0.136617123300,-0.060143779215,0.001461469934,0.114862686193
0.133989870900,-0.060300531037,0.001061181491,0.080941160816
0.131362618500,-0.060304970443,0.000909576331,0.051494821104
0.128735366200,-0.060278827438,0.001079147915,0.029382073681
0.126108113800,-0.060142362759,0.001420510650,0.017143756190
0.123480861400,-0.060086315014,0.001583546830,0.064374654769
0.120853609000,-0.060201313062,0.001592044082,0.086213220486
0.118226356700,-0.060242654373,0.001669733203,0.017111040324
0.115599104300,-0.060009155977,0.001850681902,0.011281829062
0.112971851900,-0.059999300123,0.001957218355,0.075314574702
0.110344599600,-0.060152743098,0.001988703894,0.113434132142
0.107717347200,-0.060392522411,0.002143734932,0.131926027178
0.105090094800,-0.060671307812,0.002293918860,0.189321944831
0.102462842500,-0.061169307780,0.002288437879,0.242126700817
0.099835590100,-0.061632833535,0.002549096369,0.200373165016
0.097208337700,-0.061873410272,0.002692503097,0.157428730187
0.094581085300,-0.062107531463,0.002818531104,0.132774435826
0.091953833000,-0.062328993002,0.003034394788,0.129031078839
0.089326580600,-0.062543404112,0.003050238366,0.113280633445
0.086699328200,-0.062656801417,0.003191231961,0.106028675466
0.084072075900,-0.062829001403,0.003249475072,0.151284604278
0.081444823500,-0.063104706378,0.003187491703,0.164311270065
0.078817571100,-0.063306246274,0.003344202276,0.136914379440
0.076190318700,-0.063505933398,0.003428208901,0.135206617303
0.073563066400,-0.063660793320,0.003515421054,0.071596576240
0.070935814000,-0.063551432752,0.003585371787,0.059594639817
0.068308561600,-0.063649315299,0.003494330798,0.104454242224
0.065681309300,-0.063777988966,0.003530967849,0.084964870535
0.063054056900,-0.063827588713,0.003598259267,0.058839542422
0.060426804500,-0.063872179570,0.003541737779,0.085131318246
0.057799552100,-0.064059641790,0.003345468525,0.116482577475
0.055172299800,-0.064267980596,0.003337821910,0.077203729936
0.052545047400,-0.064360838959,0.003325124326,0.056107183584
0.049917795000,-0.064433895621,0.003264412822,0.076760292495
0.047290542700,-0.064637252967,0.003129626760,0.082095924355
0.044663290300,-0.064763762107,0.003043950107,0.053614623578
0.042036037900,-0.064801746912,0.002796716649,0.026938042478
0.039408785500,-0.064803968512,0.002706442113,0.026335311972
0.036781533200,-0.064831821286,0.002494755059,0.072698375276
0.034154280800,-0.065119290745,0.002357705180,0.133758416905
0.031527028400,-0.065434324284,0.002328253759,0.153040653501
0.028899776100,-0.065880946153,0.002300873667,0.176572456747
0.026272523700,-0.066315276921,0.002341251193,0.178097006450
0.023645271300,-0.066733006188,0.002097425383,0.128903311969
0.021018019000,-0.067112399695,0.002148381034,0.141172560132
0.018390766600,-0.067577801325,0.002221089481,0.155326442675
0.015763514200,-0.067962552218,0.002182945243,0.062022202925
0.013136261800,-0.067916289722,0.002218641435,-0.049528982730
0.010509009500,-0.067693688265,0.002148650189,-0.181754525055
0.007881757100,-0.066984958058,0.002077564370,-0.351870129308
0.005254504700,-0.065936733241,0.002068864338,-0.366760728532
0.002627252400,-0.065118542535,0.001831135948,-1.193776277590
0.000000000000,-0.059719093145,0.000996496747,-2.077814580130
