0.391460603250,-0.047205454614,-0.000434732679,0.171790451859
0.388833350880,-0.047748618020,-0.000618374466,0.222377230083
0.386206098510,-0.048783753530,-0.000648014741,0.279284862302
0.383578846140,-0.049275205075,-0.000852106510,0.352484086565
0.380951593770,-0.050528393717,-0.000876625814,0.247118475808
0.378324341400,-0.050408010079,-0.000742878508,0.125350506428
0.375697089030,-0.051094962399,-0.000842519373,0.487182648432
0.373069836660,-0.052897094843,-0.000741318978,0.637011324915
0.370442584290,-0.054447229997,-0.000531089294,0.365216247476
0.367815331920,-0.054795319899,-0.000453419266,0.086978899951
0.365188079550,-0.054827398114,-0.000208084763,0.009407990641
0.362560827170,-0.054685000262,-0.000072452263,-0.044255259969
0.359933574800,-0.054567063693,0.000054882072,-0.036608954760
0.357306322430,-0.054511457481,0.000213096126,-0.042977845465
0.354679070060,-0.054329684814,0.000398135176,-0.056434725410
0.352051817690,-0.054205433881,0.000478555768,-0.046902717666
0.349424565320,-0.054131569799,0.000445068525,-0.050711840409
0.346797312950,-0.053916822713,0.000617183477,-0.116830992661
0.344170060580,-0.053578988396,0.000715965584,-0.202151239514
0.341542808210,-0.052883146784,0.000890036941,-0.255864627874
0.338915555840,-0.052253016030,0.000982677631,-0.224724880413
0.336288303460,-0.051740601469,0.001000266154,-0.189434800009
0.333661051090,-0.051276578364,0.001067280562,-0.170057207883
0.331033798720,-0.050859710752,0.001065863482,-0.129966500980
0.328406546350,-0.050594457688,0.001074744282,-0.088727522886
0.325779293980,-0.050408502475,0.001147901000,-0.103713576788
0.323152041610,-0.050121611301,0.001165958481,-0.116169625469
0.320524789240,-0.049868687506,0.001344024128,-0.090816946178
0.317897536870,-0.049725861701,0.001516209280,-0.064901772292
0.315270284500,-0.049640180682,0.001610847432,-0.035044793519
0.312643032100,-0.049635231121,0.001760649687,-0.022347598582
0.310015779800,-0.049600903682,0.001733647608,-0.027730784117
0.307388527400,-0.049589565272,0.001666841476,-0.005838493480
0.304761275000,-0.049613692077,0.001670894537,-0.011892825506
0.302134022600,-0.049528860110,0.001705654873,-0.014928860861
0.299506770300,-0.049524806629,0.001653604954,0.024003089799
0.296879517900,-0.049661471057,0.001618723811,0.049547020611
0.294252265500,-0.049760629448,0.001645382281,0.057016394817
0.291625013200,-0.049956085075,0.001599206273,0.109616339425
0.288997760800,-0.050259099677,0.001697738377,0.081329228979
0.286370508400,-0.050417579302,0.001832884329,0.023353432404
0.283743256000,-0.050446712991,0.002076842715,0.000013006942
0.281116003700,-0.050513079701,0.002374985080,0.002757350443
0.278488751300,-0.050529028486,0.002595197089,0.015285905784
0.275861498900,-0.050623092244,0.002735221355,0.044371269232
0.273234246600,-0.050741010788,0.002928993350,0.028291827463
0.270606994200,-0.050732620161,0.003130190933,-0.001194057542
0.267979741800,-0.050660646887,0.003275009593,-0.013560656161
0.265352489400,-0.050577984531,0.003338123196,-0.004659315011
0.262725237100,-0.050537457707,0.003378127405,-0.013168216629
0.260097984700,-0.050463981318,0.003336912832,-0.047359584425
0.257470732300,-0.050326263535,0.003458582637,-0.067580498826
0.254843480000,-0.050150347304,0.003533265375,-0.038434621722
0.252216227600,-0.050101735678,0.003449760778,-0.028960320939
0.249588975200,-0.049989421517,0.003463737864,-0.044217988619
0.246961722900,-0.049831315979,0.003387673987,-0.032439172552
0.244334470500,-0.049757896463,0.003320554145,0.006785491145
0.241707218100,-0.049720443262,0.003298250090,-0.005124678507
0.239079965700,-0.049614487765,0.003299179735,0.013841179698
0.236452713400,-0.049651979775,0.003315271408,0.078877748840
0.233825461000,-0.049894021715,0.003233302714,0.149565611246
0.231198208600,-0.050312596407,0.003272317258,0.191142768246
0.228570956300,-0.050798237764,0.003399230003,0.211964202703
0.225943703900,-0.051372194479,0.003624879191,0.220713091753
0.223316451500,-0.051869665695,0.003806812087,0.146974828550
0.220689199100,-0.052046781383,0.003919731921,0.049794216608
0.218061946800,-0.052045285253,0.004064227835,0.008312129583
0.215434694400,-0.052007762738,0.004285404700,0.014677966519
0.212807442000,-0.052037052884,0.004435470368,0.034554831471
0.210180189700,-0.052095254750,0.004460002532,0.044094123594
0.207552937300,-0.052160568928,0.004364092328,0.095538470794
0.204925684900,-0.052497172331,0.004164934763,0.166723153900
0.202298432500,-0.052910773627,0.004030195620,0.196946747040
0.199671180200,-0.053377861008,0.003864594237,0.215258115614
0.197043927800,-0.053942617710,0.003683144617,0.245401771029
0.194416675400,-0.054544259354,0.003486202621,0.251957202096
0.191789423100,-0.055167373711,0.003290238691,0.253011091998
0.189162170700,-0.055792209297,0.003037343297,0.241087065596
0.186534918300,-0.056301826908,0.002610988186,0.191122991421
0.183907666000,-0.056674963015,0.002068159782,0.129457851825
0.181280413600,-0.056861230311,0.001499773429,0.064033560490
0.178653161200,-0.056913151170,0.001153775236,-0.012231503277
0.176025908800,-0.056667017807,0.000957442373,-0.093803097876
0.173398656500,-0.056273774244,0.000655834347,-0.149421406629
0.170771404100,-0.055764825464,0.000498394486,-0.149682989140
0.168144151700,-0.055447365042,0.000464829728,-0.116465381679
0.165516899400,-0.055206928018,0.000476488760,-0.097327289430
0.162889647000,-0.055028370256,0.000645037528,-0.063108938538
0.160262394600,-0.054933127745,0.000699822977,-0.032375759419
0.157635142200,-0.054903654746,0.000763337690,-0.036604755797
0.155007889900,-0.054834797236,0.000833067703,-0.034644180289
0.152380637500,-0.054859440140,0.001095300329,-0.027668414729
0.149753385100,-0.054827317514,0.001500866525,-0.052760825603
0.147126132800,-0.054761275061,0.001675276968,-0.069792145161
0.144498880400,-0.054633169866,0.001760058977,-0.077623791669
0.141871628000,-0.054505778611,0.001873697969,-0.061729518733
0.139244375600,-0.054482094929,0.001918362960,-0.037526144254
0.136617123300,-0.054452559730,0.001962219502,-0.039925591433
0.133989870900,-0.054390296251,0.001957481734,0.006335236710
0.131362618500,-0.054533304124,0.002048841269,0.012576583416
0.128735366200,-0.054510271091,0.002250692034,-0.051077505473
0.126108113800,-0.054375240127,0.002400375182,-0.112414858493
0.123480861400,-0.054076598857,0.002386076705,-0.190277829593
0.120853609000,-0.053536478452,0.002404771158,-0.152968721238
0.118226356700,-0.053449983534,0.002351187500,-0.021454276719
0.115599104300,-0.053587160801,0.002156430789,0.091662905396
0.112971851900,-0.054060066930,0.002156016153,0.196840793749
0.110344599600,-0.054700575873,0.002338399522,0.251028705984
0.107717347200,-0.055430191270,0.002441718490,0.214126324495
0.105090094800,-0.055867858382,0.002311065416,0.121564368890
0.102462842500,-0.056090972716,0.002348722016,0.039134888150
0.099835590100,-0.056099701240,0.002472889554,-0.004589410999
0.097208337700,-0.056033692272,0.002472559089,-0.028439979771
0.094581085300,-0.055906564345,0.002480843064,-0.008269122354
0.091953833000,-0.055880742587,0.002591492265,0.014401448869
0.089326580600,-0.055877689363,0.002569303962,0.038631072249
0.086699328200,-0.055968278606,0.002595068333,0.108204768040
0.084072075900,-0.056356215245,0.002565065591,0.149257971629
0.081444823500,-0.056628771908,0.002460984851,0.118784794523
0.078817571100,-0.056829564637,0.002416423862,0.122811762106
0.076190318700,-0.057124407508,0.002351434012,0.106251859153
0.073563066400,-0.057281780884,0.002294653786,0.146295929704
0.070935814000,-0.057811549954,0.002357126318,0.209194828983
0.068308561600,-0.058311614536,0.002318614578,0.195820019750
0.065681309300,-0.058741612029,0.002290191720,0.122341435950
0.063054056900,-0.058798325475,0.002278784140,0.019324036409
0.060426804500,-0.058669821584,0.002302514721,-0.066475596440
0.057799552100,-0.058238275029,0.002484700428,-0.094670498480
0.055172299800,-0.057973487043,0.002645185479,-0.058414487647
0.052545047400,-0.057729214707,0.002769172734,-0.068632890085
0.049917795000,-0.057486459861,0.002917795452,-0.047342232693
0.047290542700,-0.057417149730,0.003013922539,0.053931540982
0.044663290300,-0.057602540139,0.003142244088,0.135946922405
0.042036037900,-0.058021213862,0.003242787220,0.183007944965
0.039408785500,-0.058475112918,0.003208213505,0.215966692511
0.036781533200,-0.058973240432,0.003032402161,0.206135914853
0.034154280800,-0.059348443678,0.002895757983,0.186600177112
0.031527028400,-0.059705521451,0.002782092811,0.192645465347
0.028899776100,-0.060129420393,0.002817870368,0.176028170803
0.026272523700,-0.060395889783,0.002753232158,-0.115717632245
0.023645271300,-0.059300400788,0.002564119138,0.088773218945
0.021018019000,-0.060938045543,0.002457360926,0.421282871710
0.018390766600,-0.061326364054,0.002436238763,0.232924597437
0.015763514200,-0.061957789629,0.002364223848,0.312676930898
0.013136261800,-0.062779939180,0.002185595600,0.351086395010
0.010509009500,-0.063522904668,0.001924267942,0.219512696196
0.007881757100,-0.063764592600,0.001642683608,0.066980800663
0.005254504700,-0.063724649533,0.001488882481,-0.046927738251
0.002627252400,-0.063425785217,0.001540467763,-2.543146235228
0.000000000000,-0.050283980694,0.001260407382,-4.952895387591
