0.391460603250,-0.000708951619,0.000372722118,0.231252676702
0.388833350880,-0.001547725581,0.000577426651,0.115915981062
0.386206098510,-0.001442466804,0.000714951411,-0.151930927311
0.383578846140,-0.000716058339,0.000794591152,0.353709585736
0.380951593770,-0.003212491138,0.000860421402,0.046244482087
0.378324341400,-0.000902896323,0.000812127161,-0.240238546181
0.375697089030,-0.001867591069,0.000671280416,0.191081984907
0.373069836660,-0.001841980831,0.000640903611,-0.010811815324
0.370442584290,-0.001749073676,0.000508290432,0.028995089714
0.367815331920,-0.001855036805,0.000376049067,0.077057325305
0.365188079550,-0.001997734122,0.000289060963,0.086550181050
0.362560827170,-0.002178375974,0.000222807024,0.067528701406
0.359933574800,-0.002207152587,0.000271027637,0.017000357010
0.357306322430,-0.002179882985,0.000355673530,-0.228195669505
0.354679070060,-0.000878832626,0.000221732802,-0.034600799955
0.352051817690,-0.002064092195,0.000463531829,0.212536841246
0.349424565320,-0.001814484099,0.000455581237,-0.030216326139
0.346797312950,-0.001665193532,0.000434173832,-0.028347763935
0.344170060580,-0.001410415860,0.000431825948,-0.028417494549
0.341542808210,-0.001265782276,0.000603214298,0.003150423464
0.338915555840,-0.001216126884,0.000736249820,0.015188997768
0.336288303460,-0.001193116745,0.000699223079,0.025152728538
0.333661051090,-0.001219423801,0.000676942086,0.034840967510
0.331033798720,-0.001265104704,0.000746216994,0.003921732061
0.328406546350,-0.001162102943,0.000816209727,-0.028959391092
0.325779293980,-0.001070448854,0.000831043302,-0.017701433577
0.323152041610,-0.001009354054,0.000848575091,-0.025417026813
0.320524789240,-0.000917910323,0.000909354319,-0.038162716704
0.317897536870,-0.000861022777,0.001073477320,-0.049628525357
0.315270284500,-0.000767681412,0.001204455807,-0.041359145571
0.312643032100,-0.000723701614,0.001546699911,-0.023870515951
0.310015779800,-0.000745254645,0.002035738943,-0.033099318508
0.307388527400,-0.000747406363,0.002455441425,-0.049960759662
0.304761275000,-0.000663400371,0.002826742902,-0.065506696841
0.302134022600,-0.000541574997,0.003028850930,-0.063687057030
0.299506770300,-0.000428906114,0.003294770568,-0.020662500874
0.296879517900,-0.000459610544,0.003537526207,-0.005110377275
0.294252265500,-0.000381126510,0.003633688334,-0.019203984012
0.291625013200,-0.000313491580,0.003658195204,0.015330669455
0.288997760800,-0.000411642128,0.003703054817,0.029464614381
0.286370508400,-0.000425673942,0.003596643905,0.026988034304
0.283743256000,-0.000506825776,0.003513958772,0.024332730876
0.281116003700,-0.000464059956,0.003379259360,0.002571843477
0.278488751300,-0.000407197812,0.003257414124,0.012491305418
0.275861498900,-0.000427672475,0.003140482115,0.022791463858
0.273234246600,-0.000447588667,0.003035001587,0.028347697328
0.270606994200,-0.000537611586,0.002913557274,0.045137533022
0.267979741800,-0.000671289328,0.002816370748,0.064877071305
0.265352489400,-0.000811521122,0.002743864185,0.057849724445
0.262725237100,-0.000907336464,0.002612250001,0.041271077386
0.260097984700,-0.000986652730,0.002492646425,0.042611080299
0.257470732300,-0.001112506577,0.002424176001,0.036018666438
0.254843480000,-0.001212714133,0.002329604033,0.031458340227
0.252216227600,-0.001353189101,0.002274325709,0.053314977799
0.249588975200,-0.001544570073,0.002468674767,0.035900622612
0.246961722900,-0.001619627118,0.002670993344,-0.009945581107
0.244334470500,-0.001551450498,0.002826997783,-0.027231964759
0.241707218100,-0.001474817657,0.003025603419,-0.010572184586
0.239079965700,-0.001422452921,0.003123203883,-0.023447247915
0.236452713400,-0.001321125275,0.003142466791,-0.038551813669
0.233825461000,-0.001194313884,0.003064383917,-0.031039467941
0.231198208600,-0.001089369376,0.003001134061,-0.013244610821
0.228570956300,-0.001065228855,0.003019595912,0.025134101580
0.225943703900,-0.001160875199,0.003029368275,0.031389083329
0.223316451500,-0.001160182896,0.002988597714,0.025295631973
0.220689199100,-0.001194402993,0.002956861807,0.014196770406
0.218061946800,-0.001171869097,0.002921219353,-0.012051636336
0.215434694400,-0.001113883265,0.002921008911,-0.010771924202
0.212807442000,-0.001144017370,0.002914752143,0.057498302583
0.210180189700,-0.001403973025,0.002802961540,0.131314391026
0.207552937300,-0.001772108553,0.002589057300,0.121476412775
0.204925684900,-0.002093235515,0.002308927408,0.084538101444
0.202298432500,-0.002328658466,0.002193648268,0.040913737754
0.199671180200,-0.002419926069,0.002306132683,-0.009174933118
0.197043927800,-0.002443438923,0.002382773205,-0.015723816149
0.194416675400,-0.002487734388,0.002405980715,-0.034753206970
0.191789423100,-0.002453277644,0.002419281101,-0.080992447208
0.189162170700,-0.002349280784,0.002434064671,-0.079195609501
0.186534918300,-0.002271623114,0.002482649095,-0.032908167204
0.183907666000,-0.002411518524,0.002446889994,0.054285978323
0.181280413600,-0.002743345976,0.002574431187,0.044601695654
0.178653161200,-0.002820674564,0.002757039142,-0.010529933377
0.176025908800,-0.002775100655,0.002829551431,0.012318376419
0.173398656500,-0.002901783625,0.002929353925,0.027576247802
0.170771404100,-0.002969531878,0.002948072163,0.009684297493
0.168144151700,-0.002997653257,0.002900503457,0.001196987108
0.165516899400,-0.003048329236,0.002796262210,0.041858693563
0.162889647000,-0.003278221416,0.002635710326,0.067172910179
0.160262394600,-0.003434243501,0.002495222510,0.064027678229
0.157635142200,-0.003645931445,0.002442057995,0.102504977326
0.155007889900,-0.003976973378,0.002337799316,0.121737548479
0.152380637500,-0.004287230593,0.002135530894,0.117441685898
0.149753385100,-0.004596765009,0.001919537346,0.091604512016
0.147126132800,-0.004766580575,0.001785088608,0.045345255433
0.144498880400,-0.004863199918,0.001680871574,0.017589897050
0.141871628000,-0.004938457829,0.001540445145,0.004401200969
0.139244375600,-0.004992445332,0.001375429436,0.028519607409
0.136617123300,-0.005206813618,0.001318187655,0.084612956065
0.133989870900,-0.005560621227,0.001238901867,0.071264131817
0.131362618500,-0.005689974124,0.001100884048,-0.029358532768
0.128735366200,-0.005520468441,0.001099427493,-0.107314801674
0.126108113800,-0.005203163931,0.001080543193,-0.182732338521
0.123480861400,-0.004680820580,0.000964228558,-0.230796364449
0.120853609000,-0.004133129252,0.000977108926,-0.236150914308
0.118226356700,-0.003588755261,0.001118214296,-0.235231771364
0.115599104300,-0.002956073694,0.001274732718,-0.254277409246
0.112971851900,-0.002367019084,0.001190405911,-0.229635557211
0.110344599600,-0.001931589304,0.001262239182,-0.117062673549
0.107717347200,-0.001785427269,0.001221019620,-0.014120749180
0.105090094800,-0.001851832432,0.001006783468,0.074668479405
0.102462842500,-0.002184023579,0.000842680957,0.150577411982
0.099835590100,-0.002614089525,0.000879619349,0.174340996983
0.097208337700,-0.003023738967,0.000908307582,0.161446166816
0.094581085300,-0.003325838952,0.001017200681,0.112779667713
0.091953833000,-0.003409728823,0.001151609291,0.089992255666
0.089326580600,-0.003448266225,0.001061893563,0.092693929039
0.086699328200,-0.003582283499,0.001055935458,0.117010510918
0.084072075900,-0.003819854348,0.000924829515,0.122795327819
0.081444823500,-0.003986452503,0.000861090355,0.139258604245
0.078817571100,-0.004316859968,0.000823585318,0.204682293456
0.076190318700,-0.004814982454,0.000735634257,0.256362185061
0.073563066400,-0.005424172726,0.000857018761,0.265975052519
0.070935814000,-0.005961710658,0.001106674739,0.242743723932
0.068308561600,-0.006412226371,0.001023861543,0.255301104902
0.065681309300,-0.007040016321,0.001045841747,0.264316801315
0.063054056900,-0.007576035225,0.000964180738,0.189637061239
0.060426804500,-0.007830607339,0.001135556692,0.193420126156
0.057799552100,-0.008375054784,0.001354464586,0.216267178372
0.055172299800,-0.008695274182,0.001459598590,0.138426962140
0.052545047400,-0.008875766473,0.001589658841,0.080311849309
0.049917795000,-0.009003488610,0.001631098516,0.068410498659
0.047290542700,-0.009154010420,0.001574777771,0.040061473887
0.044663290300,-0.009133394564,0.001530734174,-0.028271903018
0.042036037900,-0.008930945036,0.001579950670,-0.052946015089
0.039408785500,-0.008846717314,0.001574404420,-0.032598195908
0.036781533200,-0.008818094873,0.001599937555,-0.011657680392
0.034154280800,-0.008873917518,0.001659127457,0.062299666390
0.031527028400,-0.009218438447,0.001620099437,0.131428153012
0.028899776100,-0.009572760046,0.001611683914,0.090221009058
0.026272523700,-0.009717319657,0.001566139320,-0.090811033281
0.023645271300,-0.009135449024,0.001508250049,-0.064359322942
0.021018019000,-0.009377173546,0.001490436575,0.248739298298
0.018390766600,-0.010416964372,0.001561720854,0.251826241919
0.015763514200,-0.010754832541,0.001644065506,0.088555694850
0.013136261800,-0.010885796436,0.001523894065,0.054018571369
0.010509009500,-0.011015930609,0.001478099910,0.042118958660
0.007881757100,-0.011023852761,0.001270674105,0.006665625662
0.005254504700,-0.010923255082,0.000928234781,-0.118524262576
0.002627252400,-0.010275525397,0.000661250298,-0.377571929272
0.000000000000,-0.008870482279,0.000393465656,-0.541030198170
