0.391460603250,-0.035471676423,0.000261680911,0.379282723139
0.388833350880,-0.036591263067,0.000426090660,0.365306038654
0.386206098510,-0.037136794075,0.000740715273,0.455333777967
0.383578846140,-0.038981091594,0.000882883562,0.243602697760
0.380951593770,-0.038316565833,0.000989444965,0.035395619262
0.378324341400,-0.039128262441,0.001012409745,0.172925469667
0.375697089030,-0.039279982367,0.000995220907,0.396208457270
0.373069836660,-0.041302899048,0.000901423998,0.272396841617
0.370442584290,-0.040813780344,0.000966659554,-0.085631988817
0.367815331920,-0.040854729467,0.000947977681,0.167717466150
0.365188079550,-0.041674341998,0.001092580883,0.200310735299
0.362560827170,-0.041681834438,0.001275580517,0.018962574607
0.359933574800,-0.041533841886,0.001213730506,-0.042060707906
0.357306322430,-0.041344681566,0.001290093422,-0.042811347137
0.354679070060,-0.041144203898,0.001443684365,-0.045141926190
0.352051817690,-0.040892969369,0.001431336502,-0.061949032166
0.349424565320,-0.040633076139,0.001407451379,-0.084984101597
0.346797312950,-0.040274681126,0.001442766804,-0.135519795455
0.344170060580,-0.039815431852,0.001345945412,-0.173146212213
0.341542808210,-0.039279399823,0.001231912595,-0.209656242675
0.338915555840,-0.038702882248,0.001183164100,-0.199531617228
0.336288303460,-0.038225036763,0.001110537843,-0.144429765746
0.333661051090,-0.037924626412,0.000987661394,-0.085394306748
0.331033798720,-0.037774135975,0.000842665113,-0.050408258576
0.328406546350,-0.037693823797,0.000852591135,-0.013527381202
0.325779293980,-0.037723979863,0.000821986374,-0.007004171464
0.323152041610,-0.037703658486,0.000839151477,-0.012641861205
0.320524789240,-0.037707944499,0.000869285745,-0.005189808861
0.317897536870,-0.037699410893,0.000941188070,-0.058542512380
0.315270284500,-0.037462510214,0.001030759336,-0.067281947994
0.312643032100,-0.037387876862,0.001001033445,-0.023542611586
0.310015779800,-0.037365777409,0.001101129956,-0.023024677392
0.307388527400,-0.037276442484,0.001159824315,-0.033888149108
0.304761275000,-0.037198282239,0.001179964562,-0.048842537041
0.302134022600,-0.037023268453,0.001168138241,-0.045511415610
0.299506770300,-0.036958670458,0.001159493649,-0.002098817849
0.296879517900,-0.036994043866,0.001122566620,0.004274536438
0.294252265500,-0.037009761280,0.001195561364,-0.021617410213
0.291625013200,-0.036932521974,0.001305481593,-0.054165104958
0.288997760800,-0.036792428614,0.001381388058,-0.056034988643
0.286370508400,-0.036680665086,0.001489841686,-0.029775052921
0.283743256000,-0.036661790286,0.001649055578,-0.020994083627
0.281116003700,-0.036616145200,0.001739361628,-0.035521261096
0.278488751300,-0.036542611918,0.001906279810,-0.034046973683
0.275861498900,-0.036472235583,0.002110135906,-0.001734933862
0.273234246600,-0.036582292198,0.002266940768,0.011208949382
0.270606994200,-0.036597842546,0.002471604248,-0.017394004212
0.267979741800,-0.036541898435,0.002808632513,-0.057296138133
0.265352489400,-0.036387731314,0.003024730926,-0.051956358404
0.262725237100,-0.036314778900,0.003204798296,-0.018113478691
0.260097984700,-0.036314578686,0.003455980040,-0.015334299512
0.257470732300,-0.036256116237,0.003609718375,0.001145217170
0.254843480000,-0.036290603024,0.003720431872,0.034872852413
0.252216227600,-0.036393020606,0.003899558518,0.037702761706
0.249588975200,-0.036463113382,0.004070051941,0.045158949657
0.246961722900,-0.036593573952,0.004216066675,0.086625136426
0.244334470500,-0.036835170902,0.004418723464,0.131037071772
0.241707218100,-0.037228615500,0.004573831390,0.191628897021
0.239079965700,-0.037792338653,0.004676538572,0.206870201509
0.236452713400,-0.038249969947,0.004886045664,0.151895663342
0.233825461000,-0.038570965559,0.004995586787,0.110946448575
0.231198208600,-0.038829586246,0.005014341987,0.066651984093
0.228570956300,-0.038946752186,0.005019566058,0.018762659491
0.225943703900,-0.038981114117,0.005033463253,0.003445659850
0.223316451500,-0.038994337669,0.005050202107,-0.023128986808
0.220689199100,-0.038933626111,0.005022451876,-0.024486596815
0.218061946800,-0.038922951529,0.004941924603,0.013402083017
0.215434694400,-0.039024734630,0.004899951923,0.038723588803
0.212807442000,-0.039121055456,0.004756698110,0.054016765242
0.210180189700,-0.039242499168,0.004557037725,0.064826381358
0.207552937300,-0.039366981478,0.004401954036,0.066828482335
0.204925684900,-0.039481169546,0.004291851034,0.094697713296
0.202298432500,-0.039765787271,0.004039200731,0.144108081339
0.199671180200,-0.040106510101,0.003867769046,0.159064766689
0.197043927800,-0.040461664361,0.003725308171,0.162966689144
0.194416675400,-0.040814084517,0.003545108609,0.170220280746
0.191789423100,-0.041176995728,0.003331240098,0.165524746698
0.189162170700,-0.041445801556,0.003104128010,0.137349829415
0.186534918300,-0.041637239428,0.002934565911,0.153444744648
0.183907666000,-0.042056637678,0.002699152648,0.201874324386
0.181280413600,-0.042493056682,0.002519417000,0.157906505724
0.178653161200,-0.042660318355,0.002347161495,0.097452093475
0.176025908800,-0.042735931261,0.002114012601,0.088880334067
0.173398656500,-0.042832366431,0.001853067672,0.090778930054
0.170771404100,-0.042892054881,0.001626501247,0.067952131031
0.168144151700,-0.042871885861,0.001286152818,0.045289095688
0.165516899400,-0.042841670032,0.001155723289,0.083679575312
0.162889647000,-0.042909219924,0.001090106344,0.094946574574
0.160262394600,-0.042970504641,0.000868785668,0.085952092393
0.157635142200,-0.043122003665,0.000636645337,0.175514481221
0.155007889900,-0.043738518464,0.000509826415,0.264246411247
0.152380637500,-0.044312039434,0.000237027533,0.238996882504
0.149753385100,-0.044828345414,0.000034565320,0.157834662738
0.147126132800,-0.044947434275,0.000029430108,0.059809544258
0.144498880400,-0.044938515961,-0.000060656691,0.054732102136
0.141871628000,-0.045110285674,0.000009150451,0.091971019603
0.139244375600,-0.045354446627,0.000064612308,0.124944833714
0.136617123300,-0.045663808122,0.000149213532,0.146992853243
0.133989870900,-0.046085446431,0.000140167119,0.187152444434
0.131362618500,-0.046637216644,0.000328328814,0.211431444977
0.128735366200,-0.047179917113,0.000517003297,0.183807915435
0.126108113800,-0.047587981939,0.000810033636,0.103370169348
0.123480861400,-0.047770250247,0.001203209893,0.025859676966
0.120853609000,-0.047902732016,0.001580591981,0.016796631499
0.118226356700,-0.048050974423,0.001839581107,0.030160196306
0.115599104300,-0.048167938170,0.002222440197,-0.001472415353
0.112971851900,-0.048048096539,0.002720357221,-0.033589943472
0.110344599600,-0.047952647986,0.003011876317,-0.066918567530
0.107717347200,-0.047655247363,0.003195957072,-0.159657687615
0.105090094800,-0.047120023693,0.003244497196,-0.242955438509
0.102462842500,-0.046382974078,0.003171931533,-0.282110226407
0.099835590100,-0.045694911592,0.003251778704,-0.197172671612
0.097208337700,-0.045392491668,0.003431425548,-0.092430886005
0.094581085300,-0.045286360973,0.003487012623,-0.012827013636
0.091953833000,-0.045449835553,0.003555935819,0.046168517679
0.089326580600,-0.045603256074,0.003457887532,0.085130620831
0.086699328200,-0.045852743929,0.003393722972,0.170303816587
0.084072075900,-0.046339987826,0.003378759397,0.206692740576
0.081444823500,-0.046772411885,0.003445475249,0.139497154922
0.078817571100,-0.047050197790,0.003390512599,0.059501319337
0.076190318700,-0.047038021968,0.003368448927,-0.036508795914
0.073563066400,-0.046813672239,0.003407359274,-0.092720021722
0.070935814000,-0.046488179208,0.003545424591,-0.072856014836
0.068308561600,-0.046377209751,0.003782925444,0.049009893957
0.065681309300,-0.046564705650,0.004008230155,0.084714094481
0.063054056900,-0.046679238766,0.004181891832,0.080772688467
0.060426804500,-0.046804969144,0.004357976997,0.094608597724
0.057799552100,-0.047059354253,0.004523383298,0.137923915144
0.055172299800,-0.047306695851,0.004649835607,0.154074273906
0.052545047400,-0.047566272222,0.004769782836,0.128805067410
0.049917795000,-0.047812958866,0.004690576405,0.131270466529
0.047290542700,-0.048046724326,0.004717716809,0.112900316976
0.044663290300,-0.048152192032,0.004779470762,0.067119610973
0.042036037900,-0.048226994921,0.004714107035,0.074167888822
0.039408785500,-0.048441245458,0.004419564969,0.134955748997
0.036781533200,-0.048885420737,0.004076973459,0.151658474335
0.034154280800,-0.049248179429,0.003824932217,0.130248925073
0.031527028400,-0.049606877987,0.003639460908,0.161252084354
0.028899776100,-0.050110854334,0.003565897949,0.130307742886
0.026272523700,-0.050284077563,0.003501130362,0.048880340250
0.023645271300,-0.050426901958,0.003471975740,0.037065375639
0.021018019000,-0.050516586537,0.003458016013,0.048521633076
0.018390766600,-0.050790007169,0.003297547947,0.063754220692
0.015763514200,-0.050945531307,0.003132393735,-0.004931032200
0.013136261800,-0.050938653185,0.002884093567,-0.063726103753
0.010509009500,-0.050803690296,0.002512324083,-0.133223290203
0.007881757100,-0.050396624182,0.002021183779,-0.231117725021
0.005254504700,-0.049680016666,0.001665822811,-0.323673365050
0.002627252400,-0.048778545768,0.001489237894,-1.548599049323
0.000000000000,-0.041632836719,0.001260886595,-2.740798511180
