0.391460603250,-0.018507024702,-0.000175266949,0.344401667594
0.388833350880,-0.019507499944,-0.000322257354,0.641922085401
0.386206098510,-0.021945901157,-0.000666467971,0.471239461472
0.383578846140,-0.021955473563,-0.000688188184,-0.008000262710
0.380951593770,-0.021763670699,-0.000755971418,0.195108399871
0.378324341400,-0.022888053291,-0.000693082576,0.137095330045
0.375697089030,-0.022782180130,-0.000668158110,0.033422074487
0.373069836660,-0.023081667097,-0.000514992117,-0.093647746943
0.370442584290,-0.022282937384,-0.000154354188,0.077806339077
0.367815331920,-0.023426530993,0.000094668786,0.323831632317
0.365188079550,-0.023930901690,0.000167321516,0.118510680999
0.362560827170,-0.023868385490,0.000148794156,-0.036359973008
0.359933574800,-0.023725372632,0.000190258374,-0.050668380491
0.357306322430,-0.023606204303,0.000237885246,-0.101790563049
0.354679070060,-0.023232987900,0.000310228359,-0.107909771258
0.352051817690,-0.023151462783,0.000521216875,-0.073797625189
0.349424565320,-0.023072835870,0.000748938515,-0.073093754055
0.346797312950,-0.022890265386,0.000897389019,-0.296679316529
0.344170060580,-0.021625772908,0.000887775689,-0.235157423856
0.341542808210,-0.022122780726,0.001085973122,-0.045289290112
0.338915555840,-0.021582494447,0.001284859798,-0.248775197073
0.336288303460,-0.021042268626,0.001392176475,-0.195887846077
0.333661051090,-0.020646376855,0.001543742021,-0.130092170666
0.331033798720,-0.020396059209,0.001562467712,-0.126906506801
0.328406546350,-0.020020743324,0.001544594579,-0.138697575318
0.325779293980,-0.019692605876,0.001526856559,-0.119561509338
0.323152041610,-0.019422493184,0.001477275471,-0.122085961820
0.320524789240,-0.019051813234,0.001530998741,-0.113719626697
0.317897536870,-0.018799811276,0.001683495064,-0.060911655179
0.315270284500,-0.018700521083,0.001714991663,-0.030514047425
0.312643032100,-0.018609514028,0.001738396231,-0.027106264627
0.310015779800,-0.018530139155,0.001838738463,-0.024496957481
0.307388527400,-0.018512786786,0.001762046002,-0.009229799326
0.304761275000,-0.018467511547,0.001745630521,-0.006717257554
0.302134022600,-0.018449619147,0.001857383881,0.008688313500
0.299506770300,-0.018500503139,0.001914593124,0.014908396934
0.296879517900,-0.018565931665,0.001994960047,0.030707746718
0.294252265500,-0.018738297590,0.001980693231,0.058062858264
0.291625013200,-0.018946154847,0.002003526318,0.059876271755
0.288997760800,-0.019108788990,0.002148301068,0.051494307526
0.286370508400,-0.019284629708,0.002368465883,0.041749721022
0.283743256000,-0.019389902155,0.002474248974,0.043511923833
0.281116003700,-0.019513210635,0.002671490825,0.034797720232
0.278488751300,-0.019601718206,0.002851529941,0.008806605161
0.275861498900,-0.019575414251,0.003005939832,-0.009921873287
0.273234246600,-0.019520068329,0.003017872489,-0.022462507991
0.270606994200,-0.019399685043,0.003095315557,-0.011539698806
0.267979741800,-0.019386856643,0.003118480580,0.015731558595
0.265352489400,-0.019398616326,0.003022013022,-0.011325737430
0.262725237100,-0.019233596203,0.003035607956,-0.022549288137
0.260097984700,-0.019153102241,0.003051181638,-0.003571660040
0.257470732300,-0.019111272236,0.003090589280,-0.003314151422
0.254843480000,-0.019029523012,0.002999589928,0.018870589013
0.252216227600,-0.019078648180,0.002858300851,0.034825779235
0.249588975200,-0.019079441032,0.002706221448,0.023037266847
0.246961722900,-0.019030687913,0.002503238911,0.003689605643
0.244334470500,-0.018915412572,0.002363175645,-0.021218196673
0.241707218100,-0.018737986023,0.002276662798,-0.021344529312
0.239079965700,-0.018628901007,0.002147332120,0.012015306141
0.236452713400,-0.018640813516,0.002109480151,0.093323844174
0.233825461000,-0.018935442984,0.002263650124,0.181669463797
0.231198208600,-0.019328428130,0.002430402002,0.228289559525
0.228570956300,-0.019839363300,0.002605100596,0.240234130793
0.225943703900,-0.020333093556,0.002808753222,0.236677018015
0.223316451500,-0.020822061961,0.003026074297,0.212862360581
0.220689199100,-0.021158075754,0.003276360790,0.158494169245
0.218061946800,-0.021379418914,0.003459325641,0.111063162013
0.215434694400,-0.021538089014,0.003650032456,0.089811454308
0.212807442000,-0.021617193906,0.003680353954,0.080880829732
0.210180189700,-0.021752216947,0.003733503086,0.095824523594
0.207552937300,-0.021952239920,0.003593156323,0.145647399336
0.204925684900,-0.022367152552,0.003423438959,0.201877695633
0.202298432500,-0.022950821831,0.003349953223,0.226485679474
0.199671180200,-0.023480017513,0.003154276969,0.213658738202
0.197043927800,-0.024003240350,0.002957802171,0.202544619021
0.194416675400,-0.024528943814,0.002760490040,0.186747508946
0.191789423100,-0.024980745475,0.002559375588,0.190847061057
0.189162170700,-0.025534904420,0.002192217787,0.194643958660
0.186534918300,-0.026010255155,0.001712553463,0.172026908672
0.183907666000,-0.026481275619,0.001301235629,0.113379479438
0.181280413600,-0.026693631531,0.001073948706,-0.039877857669
0.178653161200,-0.026495417113,0.001007312175,-0.176716483372
0.176025908800,-0.026055742550,0.000932527593,-0.245895269564
0.173398656500,-0.025511473817,0.000908420799,-0.268377781915
0.170771404100,-0.025004492992,0.000907523310,-0.286920755417
0.168144151700,-0.024403828094,0.000958194713,-0.271214310006
0.165516899400,-0.023894816206,0.000913754302,-0.216192532571
0.162889647000,-0.023560140722,0.000971464773,-0.163243931166
0.160262394600,-0.023315521040,0.001065050659,-0.127361432168
0.157635142200,-0.023160330715,0.001154202187,-0.094005903340
0.155007889900,-0.023073434791,0.001318915834,-0.069309902644
0.152380637500,-0.022971855248,0.001582675682,-0.061059976582
0.149753385100,-0.022891748372,0.001691482744,-0.087069577175
0.147126132800,-0.022713694729,0.001871872306,-0.092294778458
0.144498880400,-0.022600086704,0.002091615274,-0.073175900046
0.141871628000,-0.022467290729,0.002204314112,-0.092477107188
0.139244375600,-0.022279963086,0.002217136502,-0.104322507020
0.136617123300,-0.022143741712,0.002215909338,-0.083923424864
0.133989870900,-0.022050037499,0.002202376354,-0.056028198319
0.131362618500,-0.022042640304,0.002201379552,-0.053751176935
0.128735366200,-0.021917760186,0.002182055086,-0.078004693821
0.126108113800,-0.021717241652,0.002157722564,-0.033776219096
0.123480861400,-0.021709657203,0.002339277952,0.016501239458
0.120853609000,-0.021762565403,0.002261184381,0.020878324252
0.118226356700,-0.021789180248,0.002021400944,0.028148300199
0.115599104300,-0.021939560927,0.001791079172,0.076253036832
0.112971851900,-0.022158530478,0.001642351787,0.129210226970
0.110344599600,-0.022487858113,0.001539307736,0.181275865156
0.107717347200,-0.022907320192,0.001502690279,0.213175227501
0.105090094800,-0.023331408651,0.001457091995,0.143044965003
0.102462842500,-0.023466447241,0.001515160144,0.050453581517
0.099835590100,-0.023420124758,0.001607707472,0.010916287999
0.097208337700,-0.023361389077,0.001537876210,-0.011977701663
0.094581085300,-0.023212849631,0.001413128726,0.032845262830
0.091953833000,-0.023378790119,0.001401597266,0.145516695832
0.089326580600,-0.023716489952,0.001486562217,0.167376116362
0.086699328200,-0.024042070471,0.001457703623,0.159087987103
0.084072075900,-0.024347291858,0.001374848027,0.130906749746
0.081444823500,-0.024576973402,0.001366346490,0.094302255944
0.078817571100,-0.024761163991,0.001295099944,0.100963914806
0.076190318700,-0.024994872421,0.001249937751,0.150071958264
0.073563066400,-0.025484643341,0.001181903447,0.210558451859
0.070935814000,-0.026071361386,0.001092192128,0.210060391171
0.068308561600,-0.026493810558,0.000972788100,0.149695030883
0.065681309300,-0.026710835033,0.001124617108,0.055130538343
0.063054056900,-0.026657353598,0.001385776299,-0.055844098500
0.060426804500,-0.026292442212,0.001471742996,-0.129110749105
0.057799552100,-0.025829495053,0.001702899427,-0.169349508276
0.055172299800,-0.025323531725,0.001854516234,-0.193350383956
0.052545047400,-0.024887530296,0.002021490909,-0.103180225521
0.049917795000,-0.024829637504,0.002137543018,0.062135108034
0.047290542700,-0.025170084513,0.002139137356,0.149899102883
0.044663290300,-0.025606247259,0.002185107409,0.166463149212
0.042036037900,-0.026049121862,0.001921712978,0.207322441105
0.039408785500,-0.026669089491,0.001638274908,0.279911654141
0.036781533200,-0.027390542304,0.001671859496,0.236576867732
0.034154280800,-0.027754019729,0.001673632232,0.157649464608
0.031527028400,-0.028191207700,0.001651481172,0.157896311224
0.028899776100,-0.028557553969,0.001588925568,0.084681415509
0.026272523700,-0.028499952492,0.001483104795,-0.295055235872
0.023645271300,-0.026869254128,0.001289709441,-0.171191095117
0.021018019000,-0.027661186129,0.001399082068,0.629785875551
0.018390766600,-0.030108153745,0.001623926961,0.600735362709
0.015763514200,-0.030763788427,0.001472848859,0.278603432568
0.013136261800,-0.031567525728,0.001390394263,0.215369523058
0.010509009500,-0.031932947864,0.001349563639,0.059035968582
0.007881757100,-0.031934737809,0.001251961666,-0.070821849514
0.005254504700,-0.031673805085,0.001119907522,-0.257385265831
0.002627252400,-0.030746923420,0.001021228703,-1.451515860912
0.000000000000,-0.024122671381,0.000743331011,-2.519650078751
