0.391460603250,-0.028250003285,0.000241381603,0.207728120843
0.388833350880,-0.028901345636,0.000652751479,0.215755640044
0.386206098510,-0.029596939983,0.001012895474,-0.104217568473
0.383578846140,-0.028520736184,0.000918963989,-0.359234312318
0.380951593770,-0.027731466992,0.001171734687,-0.290614753452
0.378324341400,-0.027005581654,0.001200475163,0.367794730238
0.375697089030,-0.029696980402,0.001121682797,0.541058810808
0.373069836660,-0.029906621574,0.001258312588,0.024286231431
0.370442584290,-0.029925312858,0.001273167658,0.147265725987
0.367815331920,-0.030750280121,0.001383915918,0.210626265732
0.365188079550,-0.030785949398,0.001469621033,0.041325573513
0.362560827170,-0.030731551344,0.001457419596,-0.255101690553
0.359933574800,-0.029349440699,0.001597824747,0.042667157030
0.357306322430,-0.030875646047,0.001851626161,0.324561136671
0.354679070060,-0.030659565744,0.001873750609,-0.089326419181
0.352051817690,-0.030021320235,0.001742516191,-0.175464383525
0.349424565320,-0.029654265599,0.001642576522,-0.123469842639
0.346797312950,-0.029312668081,0.001646849468,-0.153724819669
0.344170060580,-0.028827982703,0.001615950744,-0.197926802674
0.341542808210,-0.028272719023,0.001495341874,-0.183310966402
0.338915555840,-0.027860695691,0.001416287054,-0.118012574233
0.336288303460,-0.027634255933,0.001276035980,-0.084001488969
0.333661051090,-0.027386169843,0.001124440591,-0.052542513053
0.331033798720,-0.027323223469,0.000994290530,-0.005124427655
0.328406546350,-0.027342180119,0.000922461232,-0.026299541621
0.325779293980,-0.027210411016,0.000934049679,-0.048975081438
0.323152041610,-0.027163691594,0.001016442602,-0.033540871385
0.320524789240,-0.027119287975,0.001116696154,-0.035942320285
0.317897536870,-0.027024042563,0.001159408257,-0.041722861768
0.315270284500,-0.026967692093,0.001149996338,-0.048775551608
0.312643032100,-0.026841808499,0.001163832302,-0.052641732723
0.310015779800,-0.026754800547,0.001172724309,-0.055870587115
0.307388527400,-0.026632405771,0.001236675570,-0.073262338627
0.304761275000,-0.026429927462,0.001236071765,-0.067491876666
0.302134022600,-0.026307392254,0.001130254632,-0.037239298169
0.299506770300,-0.026278315479,0.001203442572,-0.014714728679
0.296879517900,-0.026274771668,0.001243997519,-0.010555681418
0.294252265500,-0.026242600036,0.001216222067,-0.035016548039
0.291625013200,-0.026108775490,0.001207625095,-0.058635429095
0.288997760800,-0.025995526548,0.001419073454,-0.014678835345
0.286370508400,-0.026095696227,0.001633805034,0.021553637558
0.283743256000,-0.026117867495,0.001717955776,-0.019286620303
0.281116003700,-0.026020166867,0.001860003302,-0.010464366548
0.278488751300,-0.026066364348,0.002014638363,0.001782810812
0.275861498900,-0.026022197255,0.002211905956,-0.010491670386
0.273234246600,-0.026032166383,0.002490089240,0.004794313752
0.270606994200,-0.026065580491,0.002628223152,0.006981070930
0.267979741800,-0.026062287574,0.002777691875,-0.027078831172
0.265352489400,-0.025893624586,0.003001850404,-0.055711706473
0.262725237100,-0.025791733324,0.003206594631,-0.005843249285
0.260097984700,-0.025873544136,0.003434376751,0.004230859693
0.257470732300,-0.025858896029,0.003586839349,-0.016795250530
0.254843480000,-0.025827766628,0.003807614519,-0.001666356020
0.252216227600,-0.025840789220,0.003978540784,0.007351847206
0.249588975200,-0.025845807446,0.004144115017,0.015990856388
0.246961722900,-0.025957793812,0.004371826964,0.058248068984
0.244334470500,-0.026129847817,0.004564449690,0.083128833837
0.241707218100,-0.026385938602,0.004716999278,0.106321905754
0.239079965700,-0.026768700506,0.004760882789,0.127144209362
0.236452713400,-0.027186584868,0.004842312021,0.146647355911
0.233825461000,-0.027606294221,0.005052383818,0.125486571110
0.231198208600,-0.027912970767,0.005075583604,0.110499138741
0.228570956300,-0.028220097511,0.005109397570,0.067977543287
0.225943703900,-0.028277649456,0.005076085457,-0.004215736360
0.223316451500,-0.028218243571,0.005066409941,-0.009519169577
0.220689199100,-0.028255353375,0.005029189841,0.004447710388
0.218061946800,-0.028260888716,0.004959751532,-0.019397667220
0.215434694400,-0.028219109328,0.004950591383,-0.005991424611
0.212807442000,-0.028248970772,0.004882536075,0.025246303851
0.210180189700,-0.028321565922,0.004747850333,0.045123308280
0.207552937300,-0.028404073828,0.004650070212,0.071274646747
0.204925684900,-0.028589922617,0.004558970635,0.100533365583
0.202298432500,-0.028800573463,0.004403316216,0.120044503878
0.199671180200,-0.029055608133,0.004230105766,0.147735124690
0.197043927800,-0.029379109686,0.004035634384,0.148638006759
0.194416675400,-0.029640972423,0.003869249516,0.126590304473
0.191789423100,-0.029880637007,0.003796152502,0.121569781565
0.189162170700,-0.030154365393,0.003669519039,0.116834206510
0.186534918300,-0.030346258040,0.003358488560,0.145716751679
0.183907666000,-0.030674398958,0.003167607738,0.201695928411
0.181280413600,-0.031141080820,0.003058202313,0.195805993839
0.178653161200,-0.031427070858,0.002857625571,0.132337960609
0.176025908800,-0.031593584113,0.002663198249,0.108181425517
0.173398656500,-0.031714388517,0.002379157329,0.091497513159
0.170771404100,-0.031756417650,0.002109298212,0.077621678182
0.168144151700,-0.031761173289,0.001822393180,0.038098274161
0.165516899400,-0.031678025745,0.001645227973,0.044071400951
0.162889647000,-0.031732788902,0.001468518106,0.052920824147
0.160262394600,-0.031715828851,0.001288100212,0.068371382729
0.157635142200,-0.031850192477,0.001023709082,0.148121279280
0.155007889900,-0.032298613390,0.000670803422,0.280663849133
0.152380637500,-0.033115246643,0.000509944057,0.324629428657
0.149753385100,-0.033813892983,0.000365019267,0.227843625682
0.147126132800,-0.034171560446,0.000217645374,0.064009573583
0.144498880400,-0.034251430781,0.000089191241,0.048719114603
0.141871628000,-0.034406986229,-0.000011867965,0.087261112542
0.139244375600,-0.034676378308,-0.000034009086,0.127004593408
0.136617123300,-0.035058580213,-0.000049888955,0.171615059245
0.133989870900,-0.035557196443,0.000194059698,0.202921436684
0.131362618500,-0.036156138453,0.000292296598,0.196885367433
0.128735366200,-0.036620122097,0.000500420830,0.163058071353
0.126108113800,-0.037049785067,0.000802723880,0.121518305095
0.123480861400,-0.037310529043,0.001099053676,0.074852434506
0.120853609000,-0.037557901747,0.001407102790,0.056333035497
0.118226356700,-0.037761404205,0.001657905981,0.019528506405
0.115599104300,-0.037781679768,0.002035246461,-0.006246926199
0.112971851900,-0.037825032434,0.002368143493,0.001630575466
0.110344599600,-0.037842238537,0.002697442469,-0.106815691638
0.107717347200,-0.037365167846,0.002971102535,-0.217518753978
0.105090094800,-0.036854762158,0.003221232629,-0.260108608809
0.102462842500,-0.036129673703,0.003292223725,-0.289091181593
0.099835590100,-0.035404841576,0.003221100951,-0.235519463257
0.097208337700,-0.034967446609,0.003156110937,-0.140833168385
0.094581085300,-0.034713018002,0.003133335722,-0.067085863346
0.091953833000,-0.034629742707,0.003180791262,0.004039180091
0.089326580600,-0.034769201591,0.003377038149,0.099863922381
0.086699328200,-0.035152207852,0.003524877552,0.116120903097
0.084072075900,-0.035389798946,0.003645931170,0.106442415757
0.081444823500,-0.035714016027,0.003648514506,0.108386228318
0.078817571100,-0.036003303160,0.003606724814,0.084229994673
0.076190318700,-0.036109479050,0.003510380637,0.031713444359
0.073563066400,-0.036124583783,0.003654209944,-0.002861761341
0.070935814000,-0.036041449705,0.003746055715,-0.005729896011
0.068308561600,-0.036014723692,0.003919934528,-0.001363819746
0.065681309300,-0.036022527672,0.004101007565,0.006333854887
0.063054056900,-0.036082357836,0.004442250407,0.047056940470
0.060426804500,-0.036135424722,0.004574424901,0.080756669316
0.057799552100,-0.036311286723,0.004657379620,0.135897660940
0.055172299800,-0.036605519961,0.004815039490,0.139344213786
0.052545047400,-0.036839436609,0.004816479284,0.132201492708
0.049917795000,-0.037098153840,0.004905905873,0.109121196552
0.047290542700,-0.037208666086,0.005026331584,0.100233295596
0.044663290300,-0.037406470993,0.004883634372,0.113809904824
0.042036037900,-0.037608141803,0.004598577642,0.125253026724
0.039408785500,-0.037922957774,0.004336689104,0.101252103786
0.036781533200,-0.038122398609,0.004190337915,0.095063791561
0.034154280800,-0.038443557172,0.003894640633,0.139767013186
0.031527028400,-0.038860435291,0.003638057791,0.145632068603
0.028899776100,-0.039245826962,0.003535683717,0.075822657615
0.026272523700,-0.039381177914,0.003389101151,-0.106325347529
0.023645271300,-0.038841230229,0.003170071305,-0.249028222349
0.021018019000,-0.038110175143,0.002946361041,0.148600243282
0.018390766600,-0.039646126316,0.002921702831,0.312985794216
0.015763514200,-0.039726944810,0.002790775793,0.027903839034
0.013136261800,-0.039737368102,0.002630141692,0.007940505161
0.010509009500,-0.039699811319,0.002494095608,-0.067678111493
0.007881757100,-0.039261367307,0.002037051248,-0.196438046841
0.005254504700,-0.038561286054,0.001691791287,-0.252545172202
0.002627252400,-0.037839516830,0.001306334433,-1.465333095091
0.000000000000,-0.030822423214,0.000931612570,-2.659632370785
