0.391460603250,0.048257499458,0.000347412063,-0.208596130334
0.388833350880,0.048797886873,0.000438639400,0.061451394034
0.386206098510,0.048018577666,0.000699942528,-0.163064073541
0.383578846140,0.049728993489,0.000675226697,-0.243035027496
0.380951593770,0.049370688308,0.000701811828,0.141233036054
0.378324341400,0.049016963369,0.000792768074,0.131937245340
0.375697089030,0.048715632407,0.000846208359,0.349382365378
0.373069836660,0.047262825031,0.000768404475,0.262949961946
0.370442584290,0.047436870535,0.000801785749,-0.147750238403
0.367815331920,0.048210046129,0.000633927421,-0.287634775293
0.365188079550,0.049015879278,0.000492159337,-0.178496533613
0.362560827170,0.049246301767,0.000399986760,-0.051839282245
0.359933574800,0.049426913784,0.000561898260,-0.031246186061
0.357306322430,0.049519388413,0.000592610871,-0.010533155715
0.354679070060,0.049608234430,0.000648148066,0.003832328022
0.352051817690,0.049644346809,0.000657310777,0.003690104386
0.349424565320,0.049735860159,0.000733723519,-0.013911814436
0.346797312950,0.049838253341,0.000832991239,-0.051670820807
0.344170060580,0.050144687244,0.000852728146,-0.117987469034
0.341542808210,0.050460904743,0.001019770927,-0.104114498679
0.338915555840,0.050642651733,0.001138433047,-0.092877308475
0.336288303460,0.050931903504,0.001174337422,-0.102606436568
0.333661051090,0.051263295097,0.001300623162,-0.116731344100
0.331033798720,0.051477093689,0.001362266604,-0.060364166256
0.328406546350,0.051532346060,0.001375908328,-0.052159972136
0.325779293980,0.051677184098,0.001418170086,-0.097876625216
0.323152041610,0.051923785319,0.001432922265,-0.110161464133
0.320524789240,0.052061453512,0.001529528387,-0.087497206203
0.317897536870,0.052101806492,0.001692188967,-0.051425410351
0.315270284500,0.052246490637,0.001809724813,-0.081014867973
0.312643032100,0.052366905122,0.001943445017,-0.105586645355
0.310015779800,0.052505955674,0.001996339987,-0.098632026285
0.307388527400,0.052599164086,0.002089614233,-0.049877742354
0.304761275000,0.052662042266,0.002228884243,-0.043759182965
0.302134022600,0.052756696708,0.002273100630,-0.025552081185
0.299506770300,0.052747767239,0.002268077738,-0.015770884041
0.296879517900,0.052828348450,0.002286539965,-0.019454878637
0.294252265500,0.052832020606,0.002151584515,-0.011428920997
0.291625013200,0.052854372919,0.002027144399,-0.025908324309
0.288997760800,0.052939277891,0.002000151633,-0.000517118747
0.286370508400,0.052814742341,0.001944823064,0.016348592223
0.283743256000,0.052756237255,0.001890000007,0.015588060163
0.281116003700,0.052714861418,0.001695444383,0.030334396759
0.278488751300,0.052567110371,0.001673729413,0.049890025571
0.275861498900,0.052442420596,0.001751439753,0.061770902873
0.273234246600,0.052312366311,0.001950614653,0.073632731988
0.270606994200,0.052133847074,0.002211152491,0.080144438997
0.267979741800,0.051967520933,0.002436691275,0.066472943250
0.265352489400,0.051851386775,0.002729148421,0.034087983069
0.262725237100,0.051865296133,0.002881658474,0.002194920024
0.260097984700,0.051907605284,0.002989542142,-0.015597797860
0.257470732300,0.051963760592,0.003136472791,-0.027312292782
0.254843480000,0.052042929466,0.003159281233,-0.020000518769
0.252216227600,0.052099847046,0.003146573700,-0.010879778277
0.249588975200,0.052130368145,0.003269957537,-0.022248693112
0.246961722900,0.052257346505,0.003265375912,-0.029751690386
0.244334470500,0.052333366653,0.003207593942,-0.018161143379
0.241707218100,0.052414778002,0.003242007849,-0.018866944037
0.239079965700,0.052483108597,0.003315282135,-0.024928643424
0.236452713400,0.052582887597,0.003393253321,-0.010408950790
0.233825461000,0.052592344359,0.003335161490,-0.007326619026
0.231198208600,0.052656377327,0.003243537599,-0.028947012471
0.228570956300,0.052780921811,0.003266037247,-0.018140649237
0.225943703900,0.052812049839,0.003196526928,0.040034575800
0.223316451500,0.052602792858,0.003151289788,0.091546189962
0.220689199100,0.052380024006,0.003103019774,0.128134064589
0.218061946800,0.051992565707,0.003085706096,0.188250631364
0.215434694400,0.051476284707,0.003137535026,0.205653280421
0.212807442000,0.051000776437,0.003127410217,0.140437071489
0.210180189700,0.050789374440,0.003083977613,0.033746133238
0.207552937300,0.050841550598,0.003199857887,-0.004038028607
0.204925684900,0.050856353549,0.003222582045,0.010380532408
0.202298432500,0.050815904266,0.003243860407,0.007057988033
0.199671180200,0.050800693991,0.003223155500,0.013492044572
0.197043927800,0.050683482808,0.003161232040,0.065266135790
0.194416675400,0.050414745931,0.003129466101,0.145639763315
0.191789423100,0.049969477274,0.003110292428,0.170634567354
0.189162170700,0.049529142238,0.002864244088,0.144585377355
0.186534918300,0.049221394862,0.002540823959,0.101350783258
0.183907666000,0.048979920727,0.002269690224,0.078674157317
0.181280413600,0.048817312603,0.001951693933,0.051331229209
0.178653161200,0.048746374702,0.001666595771,0.039089929011
0.176025908800,0.048639400695,0.001441438667,0.057465482857
0.173398656500,0.048528731280,0.001223234985,0.068839847526
0.170771404100,0.048359578527,0.001016055033,0.077591440053
0.168144151700,0.048194875464,0.000739750218,0.059039618504
0.165516899400,0.048135782443,0.000532194876,0.048654770801
0.162889647000,0.048032989638,0.000376612956,0.039879879157
0.160262394600,0.048025344048,0.000236819750,0.035899837467
0.157635142200,0.047857413101,0.000216603923,0.075114694348
0.155007889900,0.047703381762,0.000198566509,0.052023414053
0.152380637500,0.047589562251,0.000085834816,0.039823365560
0.149753385100,0.047518013513,0.000099493479,-0.015123725119
0.147126132800,0.047644302856,-0.000018725728,-0.053434378231
0.144498880400,0.047738533045,-0.000022161677,-0.057731564685
0.141871628000,0.047887498364,0.000089155185,-0.076413496495
0.139244375600,0.048054163703,-0.000029886233,-0.064641698468
0.136617123300,0.048077725876,-0.000092581916,-0.040333946253
0.133989870900,0.048078191370,-0.000096671773,-0.058072288159
0.131362618500,0.048173307165,-0.000115133632,-0.058414868068
0.128735366200,0.048165284303,-0.000173601033,-0.063547616985
0.126108113800,0.048246221303,0.000020835397,-0.146553132860
0.123480861400,0.048701194661,0.000225425090,-0.226950588537
0.120853609000,0.049175490771,0.000217769907,-0.257858052908
0.118226356700,0.049830630197,0.000098707140,-0.203878908476
0.115599104300,0.050083199500,0.000153680577,-0.032893502542
0.112971851900,0.049834406692,0.000074745115,0.110408061691
0.110344599600,0.049380577627,-0.000176922613,0.148645252213
0.107717347200,0.048912775108,-0.000365507465,0.130178282635
0.105090094800,0.048484110716,-0.000337487181,0.118401954119
0.102462842500,0.048061792174,-0.000281415895,0.113338572886
0.099835590100,0.047727377384,-0.000116315424,0.069574050740
0.097208337700,0.047466998683,0.000046748404,0.009993623600
0.094581085300,0.047454038073,0.000273194329,-0.007959473972
0.091953833000,0.047334308638,0.000449274806,0.058842033929
0.089326580600,0.047035863831,0.000537959561,0.098298428463
0.086699328200,0.046816764771,0.000633239181,0.048442310621
0.084072075900,0.046776220838,0.000621027302,0.035570181062
0.081444823500,0.046646798963,0.000717334446,0.101378084170
0.078817571100,0.046377550287,0.000813503269,0.141953079768
0.076190318700,0.046071477801,0.000726954557,0.134371004668
0.073563066400,0.045744652040,0.000598755066,0.064099972999
0.070935814000,0.045762575091,0.000491183630,-0.017933659621
0.068308561600,0.045809704461,0.000395534883,0.015860727887
0.065681309300,0.045692543756,0.000396307772,0.117376091397
0.063054056900,0.045320414421,0.000399357239,0.153516695197
0.060426804500,0.045022530951,0.000563047620,0.137197964460
0.057799552100,0.044635119161,0.000632538076,0.084169764751
0.055172299800,0.044618022584,0.000673687490,0.024139835450
0.052545047400,0.044624782213,0.000894658733,0.004610390688
0.049917795000,0.044730506853,0.000903984149,-0.051443940212
0.047290542700,0.044987379429,0.000819863981,-0.057855677028
0.044663290300,0.045085702197,0.000579027561,0.012469013281
0.042036037900,0.044982314290,0.000453655467,0.069365331406
0.039408785500,0.044807943130,0.000385734168,0.128941122816
0.036781533200,0.044438049596,0.000304774679,0.147732113221
0.034154280800,0.044077394815,0.000514336593,0.121401001546
0.031527028400,0.043773467808,0.000649949065,0.092475334134
0.028899776100,0.043498647165,0.000755053981,0.129288128617
0.026272523700,0.043088022957,0.000774399229,0.140319441588
0.023645271300,0.042761970643,0.000743552255,0.137537698042
0.021018019000,0.042374030875,0.000885514111,0.096840465556
0.018390766600,0.042300967760,0.000962370914,0.026276624523
0.015763514200,0.042365082699,0.001083254440,0.017840122243
0.013136261800,0.042267168375,0.001134741510,0.051682209205
0.010509009500,0.042067641757,0.000896334876,0.106324012659
0.007881757100,0.041708094575,0.000651892694,0.043636400229
0.005254504700,0.041756570845,0.000609458214,-0.059430933090
0.002627252400,0.041963599661,0.000513385894,0.018504935485
0.000000000000,0.041620825829,0.000624789574,0.144728142534
