0.391460603250,0.041196230176,0.000391141714,-0.961602866302
0.388833350880,0.044017385780,0.000532106304,-0.184620050227
0.386206098510,0.042507056096,0.000483932238,0.155893822059
0.383578846140,0.043475720639,0.000440216493,-0.199858410497
0.380951593770,0.043575448024,0.000368141489,-0.100499593744
0.378324341400,0.043885819831,0.000422880088,-0.066765734139
0.375697089030,0.043845971945,0.000412039985,0.058769888475
0.373069836660,0.043545223509,0.000299999231,0.127957731889
0.370442584290,0.043123604504,0.000115912931,0.259436444578
0.367815331920,0.042095939634,0.000037289521,0.032506562306
0.365188079550,0.042829639814,0.000084302772,-0.128647683479
0.362560827170,0.042644847358,0.000050586268,0.002752086721
0.359933574800,0.042723216473,-0.000021431413,-0.019719153310
0.357306322430,0.042718972183,0.000075796168,-0.005869416202
0.354679070060,0.042764771542,0.000111483420,-0.071492624346
0.352051817690,0.043032779971,0.000140863442,-0.123939629517
0.349424565320,0.043370221558,0.000327008033,-0.172968370106
0.346797312950,0.043904048528,0.000552020586,-0.229382861451
0.344170060580,0.044519935352,0.000825617960,-0.235291120600
0.341542808210,0.045169028798,0.001012765558,-0.232112775596
0.338915555840,0.045813718329,0.001024242396,-0.220163465580
0.336288303460,0.046369713254,0.001108154635,-0.152004823224
0.333661051090,0.046751121113,0.001267571178,-0.093044344011
0.331033798720,0.047004079408,0.001394598366,-0.062921197906
0.328406546350,0.047169736213,0.001470953326,-0.035418880489
0.325779293980,0.047234659965,0.001580871404,-0.017649091318
0.323152041610,0.047275716637,0.001603545432,-0.005449111648
0.320524789240,0.047252105670,0.001641109810,-0.003469853815
0.317897536870,0.047293315258,0.001743200519,-0.028223604164
0.315270284500,0.047374919142,0.001855000613,0.001264831378
0.312643032100,0.047234277257,0.001917098981,0.057407550459
0.310015779800,0.047002144766,0.001950130264,0.050931744083
0.307388527400,0.046915710636,0.002085285135,0.065675771415
0.304761275000,0.046692380039,0.002122004472,0.061844453013
0.302134022600,0.046605419160,0.002240361958,0.006071991683
0.299506770300,0.046612073461,0.002312019157,-0.011537425712
0.296879517900,0.046645561187,0.002349617163,-0.028414204371
0.294252265500,0.046793309251,0.002437046072,-0.035869120417
0.291625013200,0.046829777208,0.002396237104,-0.025487181377
0.288997760800,0.046929613238,0.002461901410,-0.039019923484
0.286370508400,0.047024692240,0.002511651780,-0.009430390112
0.283743256000,0.047006428377,0.002567059187,-0.004949771897
0.281116003700,0.047074219609,0.002515633957,-0.028781516276
0.278488751300,0.047221628943,0.002428575998,-0.015949833265
0.275861498900,0.047253095328,0.002455750120,0.010529836618
0.273234246600,0.047246116168,0.002411203386,0.026887360091
0.270606994200,0.047237230723,0.002324650374,0.036114999239
0.267979741800,0.047217632529,0.002149557138,0.028038833425
0.265352489400,0.047263759709,0.001891629999,0.021149547688
0.262725237100,0.047303008203,0.001715277951,0.016147700561
0.260097984700,0.047377981033,0.001601839239,0.037758681758
0.257470732300,0.047382017353,0.001425244575,0.096289536694
0.254843480000,0.047244113401,0.001469401763,0.152231225491
0.252216227600,0.046961131701,0.001763321537,0.180495718831
0.249588975200,0.046638465836,0.002012928418,0.213475567747
0.246961722900,0.046170321785,0.002329739719,0.254078555664
0.244334470500,0.045643407675,0.002571892803,0.249691695883
0.241707218100,0.045209474969,0.002858720822,0.191695462864
0.239079965700,0.045024982479,0.003100644433,0.127385434728
0.236452713400,0.044878257784,0.003294412966,0.091035538453
0.233825461000,0.044842409323,0.003523153333,0.101537557117
0.231198208600,0.044593890793,0.003657552375,0.159376587528
0.228570956300,0.044207652798,0.003699132344,0.176742627094
0.225943703900,0.043893422613,0.003840512252,0.202037241259
0.223316451500,0.043428955884,0.003901503164,0.214789411497
0.220689199100,0.042999154929,0.004170293923,0.175986650906
0.218061946800,0.042717550819,0.004338069935,0.141177245106
0.215434694400,0.042481784151,0.004197547958,0.115008070133
0.212807442000,0.042280893531,0.004056830906,0.089869083526
0.210180189700,0.042135387928,0.003793378369,0.111021913491
0.207552937300,0.041819728475,0.003369570732,0.123710806230
0.204925684900,0.041568531649,0.002910133492,0.089871195643
0.202298432500,0.041385144113,0.002391662810,0.092836691328
0.199671180200,0.041135423166,0.001957376460,0.110828888743
0.197043927800,0.040788335463,0.001765112001,0.147901343997
0.194416675400,0.040285099230,0.001561059803,0.137646387906
0.191789423100,0.039963020108,0.001441741653,0.054402396836
0.189162170700,0.039880397776,0.001210213378,-0.025889792529
0.186534918300,0.039904832607,0.001068777530,-0.083847955598
0.183907666000,0.040070396661,0.001031563235,-0.111319545283
0.181280413600,0.040247784803,0.000871002695,-0.124309256390
0.178653161200,0.040352691497,0.000916539249,-0.103810891861
0.176025908800,0.040426607706,0.000994178968,-0.095444117226
0.173398656500,0.040514185668,0.001050309932,-0.080415833648
0.170771404100,0.040530570811,0.001106378277,-0.097978911419
0.168144151700,0.040702080040,0.001033575770,-0.134253710552
0.165516899400,0.040904859232,0.001081090147,-0.113815047901
0.162889647000,0.040998657379,0.001083508463,-0.113538798570
0.160262394600,0.041233157260,0.001016778683,-0.131925359870
0.157635142200,0.041431724868,0.000997135715,-0.135594527436
0.155007889900,0.041761268096,0.001048289274,-0.181761704125
0.152380637500,0.042189575237,0.001176069940,-0.202658161684
0.149753385100,0.042614210728,0.001353155462,-0.212809080286
0.147126132800,0.043159952053,0.001496034875,-0.224173981085
0.144498880400,0.043609979026,0.001538777730,-0.222347488898
0.141871628000,0.044127881060,0.001511586246,-0.226048391469
0.139244375600,0.044534072258,0.001512356683,-0.143258303787
0.136617123300,0.044624251326,0.001484880673,-0.052029973627
0.133989870900,0.044608152356,0.001379430774,-0.042061793623
0.131362618500,0.044596713805,0.001374052693,-0.031241572427
0.128735366200,0.044557002746,0.001313915053,-0.027120391844
0.126108113800,0.044540195928,0.001113153235,0.002213425189
0.123480861400,0.044343581333,0.001065290382,0.045808012396
0.120853609000,0.044121484086,0.000912908430,0.067754831046
0.118226356700,0.043860861273,0.000766808684,0.130728984402
0.115599104300,0.043423313137,0.000775858638,0.175466630345
0.112971851900,0.042988448273,0.000757421622,0.178874253881
0.110344599600,0.042539924624,0.000621770935,0.144435016992
0.107717347200,0.042229442403,0.000543769694,0.113273146753
0.105090094800,0.041927785869,0.000406496809,0.094588719753
0.102462842500,0.041710218677,0.000209691454,0.052389530596
0.099835590100,0.041639502896,0.000079578694,0.035727194886
0.097208337700,0.041523062610,-0.000302042279,0.094635356579
0.094581085300,0.041117795039,-0.000418586492,0.221095207099
0.091953833000,0.040375063338,-0.000399841062,0.239629858941
0.089326580600,0.039825158072,-0.000637616198,0.097939048721
0.086699328200,0.039851170398,-0.000750865054,-0.075578923833
0.084072075900,0.040215227878,-0.000895702206,-0.111042754764
0.081444823500,0.040524848346,-0.001040163957,-0.068307653792
0.078817571100,0.040657907624,-0.001044236467,-0.001250019772
0.076190318700,0.040583788181,-0.000991894679,0.040957386095
0.073563066400,0.040431434150,-0.000849627417,0.094373075342
0.070935814000,0.040143662872,-0.000624867450,0.145064033330
0.068308561600,0.039900795016,-0.000539676921,0.097274043873
0.065681309300,0.039844919331,-0.000455339464,0.010039876052
0.063054056900,0.040025427871,-0.000233426221,-0.000902114795
0.060426804500,0.040045665026,-0.000027688173,0.009253470958
0.057799552100,0.040125768430,0.000144292680,-0.016795586780
0.055172299800,0.040219749467,0.000156091789,0.061029508161
0.052545047400,0.039880062320,0.000086666890,0.103868378713
0.049917795000,0.039733907553,0.000287017984,0.079636523351
0.047290542700,0.039628473200,0.000382216898,0.104621069885
0.044663290300,0.039288748987,0.000545534284,0.181020944014
0.042036037900,0.038791873386,0.000629910618,0.202821153484
0.039408785500,0.038333769180,0.000631407016,0.216027129138
0.036781533200,0.037842172520,0.000578518925,0.200950652267
0.034154280800,0.037441726722,0.000512694988,0.171591026711
0.031527028400,0.037132444833,0.000507983714,0.182760455438
0.028899776100,0.036742378898,0.000516086033,0.240721352726
0.026272523700,0.036118653334,0.000583026194,0.219760459463
0.023645271300,0.035848639866,0.000713557147,0.125103088178
0.021018019000,0.035642450118,0.000656560150,0.085992384958
0.018390766600,0.035498754527,0.000556327913,0.097222112009
0.015763514200,0.035223822453,0.000479486185,0.112505690764
0.013136261800,0.034935944559,0.000310430891,0.107901556427
0.010509009500,0.034719946786,0.000109098920,0.074955053178
0.007881757100,0.034573488694,0.000011228931,0.030145269394
0.005254504700,0.034601180630,0.000108615620,-0.024664263221
0.002627252400,0.034731689632,0.000199392963,0.800667346351
0.000000000000,0.030348866495,0.000163578579,1.665688307831
