0.391460603250,0.000674724172,0.000072816695,0.054362436758
0.388833350880,0.000463959099,0.000191038612,0.337202402195
0.386206098510,-0.001110847000,0.000183596474,0.418472408577
0.383578846140,-0.001770851597,0.000327226167,0.117812299753
0.380951593770,-0.001785876055,0.000285750807,-0.129909354776
0.378324341400,-0.001010143717,0.000260052771,-0.049385519145
0.375697089030,-0.001493188559,0.000278312237,0.109861808526
0.373069836660,-0.001614368220,0.000329379074,-0.006037220668
0.370442584290,-0.001595612901,0.000314708425,-0.022350831401
0.367815331920,-0.001629665508,0.000327055709,0.007520230184
0.365188079550,-0.001719786765,0.000387103367,0.014715648141
0.362560827170,-0.001757745237,0.000280456214,-0.007039295508
0.359933574800,-0.001721709210,0.000289384852,-0.002781117787
0.357306322430,-0.001815849741,0.000238272414,0.012042860659
0.354679070060,-0.001844579562,0.000142740980,-0.046754038317
0.352051817690,-0.001708160636,0.000344989773,-0.075918300531
0.349424565320,-0.001580437469,0.000425033025,-0.089582055095
0.346797312950,-0.001369552907,0.000432454269,-0.118056457158
0.344170060580,-0.001150047687,0.000470132813,-0.097044625145
0.341542808210,-0.001001388309,0.000518212557,-0.086009953408
0.338915555840,-0.000813381150,0.000760970512,-0.102353762129
0.336288303460,-0.000563295033,0.000955261575,-0.100913198994
0.333661051090,-0.000386912399,0.001035393661,-0.076319270134
0.331033798720,-0.000316096041,0.001181772011,-0.037166148210
0.328406546350,-0.000339615273,0.001465453667,-0.002517903024
0.325779293980,-0.000423382967,0.001838750035,-0.010522418235
0.323152041610,-0.000430019810,0.002065524750,-0.027473948677
0.320524789240,-0.000413678411,0.002266635570,-0.050331471539
0.317897536870,-0.000308290252,0.002450023887,-0.062695305438
0.315270284500,-0.000127627380,0.002580205911,-0.066494231051
0.312643032100,0.000017204089,0.002602566792,-0.050807085300
0.310015779800,0.000185758735,0.002565756567,-0.042125588553
0.307388527400,0.000368792979,0.002534271182,-0.050172677515
0.304761275000,0.000583973670,0.002580351733,-0.071041043086
0.302134022600,0.000849909508,0.002527808395,-0.090426403004
0.299506770300,0.001109817810,0.002479096587,-0.059077688627
0.296879517900,0.001208285024,0.002436767538,-0.027394173745
0.294252265500,0.001322963860,0.002381601125,-0.027969912538
0.291625013200,0.001462708331,0.002346459896,-0.021814209562
0.288997760800,0.001550438837,0.002352913313,-0.006248552128
0.286370508400,0.001549730306,0.002293421871,-0.029212473963
0.283743256000,0.001664657166,0.002208654591,-0.007233597026
0.281116003700,0.001559884403,0.002242769157,0.022776275047
0.278488751300,0.001425819210,0.002225648378,0.020548128417
0.275861498900,0.001335529175,0.002192362661,0.028123414437
0.273234246600,0.001187768888,0.002156861451,0.053745477352
0.270606994200,0.000984828014,0.002413189384,0.068467162820
0.267979741800,0.000814271712,0.002647527649,0.031265393453
0.265352489400,0.000793658294,0.002800931270,0.001703458732
0.262725237100,0.000773079092,0.002908878715,0.017408909897
0.260097984700,0.000712148216,0.003041496742,0.020767885761
0.257470732300,0.000709851894,0.003073878955,-0.002744821331
0.254843480000,0.000796866043,0.003189733613,-0.016186674312
0.252216227600,0.000897314999,0.003136163724,-0.011994273797
0.249588975200,0.000934684809,0.003082997741,0.012058115135
0.246961722900,0.000936533200,0.003094916820,0.029037159111
0.244334470500,0.000888743499,0.003053901057,0.040040106394
0.241707218100,0.000864379513,0.002996744161,0.041546408658
0.239079965700,0.000862119297,0.002978804299,0.018536933128
0.236452713400,0.000914999980,0.002947970536,0.002313482302
0.233825461000,0.001002703920,0.002983539835,0.015125853608
0.231198208600,0.001013334071,0.003039301924,0.033751873092
0.228570956300,0.000977490993,0.003051510144,0.025666295994
0.225943703900,0.001011015301,0.003036939787,0.007580500221
0.223316451500,0.001063114336,0.002976151615,0.053503522048
0.220689199100,0.000889064404,0.003071202358,0.144174289184
0.218061946800,0.000446281120,0.003039268646,0.182541791778
0.215434694400,0.000042619378,0.003014869490,0.173810379625
0.212807442000,-0.000409179936,0.003064111708,0.155582370869
0.210180189700,-0.000738926753,0.003083703117,0.082236660466
0.207552937300,-0.000805869155,0.003143418572,0.029162466577
0.204925684900,-0.000892259143,0.003163937406,0.028815114097
0.202298432500,-0.000975073910,0.003233952119,0.058472064203
0.199671180200,-0.001167870972,0.003271079068,0.107782313817
0.197043927800,-0.001447682455,0.003223357672,0.165919686990
0.194416675400,-0.001882010847,0.003222629717,0.204838744875
0.191789423100,-0.002337165510,0.003120437033,0.184540692962
0.189162170700,-0.002658288201,0.002944458659,0.132798337070
0.186534918300,-0.002905052259,0.002761534747,0.091774422589
0.183907666000,-0.003041306745,0.002583636359,0.067327018711
0.181280413600,-0.003181417954,0.002290398915,0.057230040368
0.178653161200,-0.003323672856,0.002093985064,0.034265848674
0.176025908800,-0.003357206536,0.001881101119,0.000194261581
0.173398656500,-0.003308299244,0.001729353311,-0.019178106505
0.170771404100,-0.003243185044,0.001571195567,-0.005838455232
0.168144151700,-0.003255846696,0.001398444484,0.013502092724
0.165516899400,-0.003338753179,0.001089784107,-0.002467923166
0.162889647000,-0.003270827986,0.000939340968,-0.050716914128
0.160262394600,-0.003178769259,0.000844240538,-0.074156070664
0.157635142200,-0.003029095029,0.000743194802,-0.069843005732
0.155007889900,-0.002932607265,0.000755199079,-0.036320336724
0.152380637500,-0.002971794596,0.000846144079,-0.017701903886
0.149753385100,-0.002927521314,0.000852119947,-0.033302787457
0.147126132800,-0.002890069073,0.001014700477,-0.036944588139
0.144498880400,-0.002744285342,0.001103524077,-0.051079719603
0.141871628000,-0.002618597710,0.001175872457,-0.039387111505
0.139244375600,-0.002563745320,0.001281142282,-0.017288926532
0.136617123300,-0.002570029949,0.001349905603,0.024641335689
0.133989870900,-0.002762879930,0.001529266006,0.041779609265
0.131362618500,-0.002834540199,0.001720070820,-0.005485707436
0.128735366200,-0.002750986987,0.001989033335,-0.068150420714
0.126108113800,-0.002540544800,0.002100851903,-0.109418579606
0.123480861400,-0.002208948823,0.002052738901,-0.106227212145
0.120853609000,-0.001948608084,0.001919093946,-0.099935267406
0.118226356700,-0.001664506508,0.001741886665,-0.101829045995
0.115599104300,-0.001288037793,0.001432234468,-0.098789531992
0.112971851900,-0.000966632559,0.001120164755,-0.048210079909
0.110344599600,-0.000917489415,0.000801909793,0.044641373890
0.107717347200,-0.001216812616,0.000618814635,0.125841307448
0.105090094800,-0.001539914806,0.000631275174,0.148712120378
0.102462842500,-0.001889079204,0.000662049395,0.130845110653
0.099835590100,-0.002158518791,0.000535465405,0.105106463716
0.097208337700,-0.002345732281,0.000502083623,0.094411143981
0.094581085300,-0.002499944059,0.000658907901,0.104976759897
0.091953833000,-0.002733987565,0.000955686859,0.125547667773
0.089326580600,-0.002939693954,0.001057294177,0.150143152414
0.086699328200,-0.003286584621,0.001034798602,0.193944024422
0.084072075900,-0.003675984677,0.000973060188,0.197719498652
0.081444823500,-0.004030418902,0.000860484699,0.212639152248
0.078817571100,-0.004562601797,0.000973072984,0.252392482638
0.076190318700,-0.005130717078,0.000961190687,0.178212023006
0.073563066400,-0.005306323582,0.000885584465,0.073216860377
0.070935814000,-0.005359392656,0.000826723396,0.041312676821
0.068308561600,-0.005316492594,0.000858254304,0.031285712680
0.065681309300,-0.005294911920,0.001001217044,0.052846643717
0.063054056900,-0.005402785001,0.001033030410,0.125399556794
0.060426804500,-0.005832425670,0.001111298182,0.177838609357
0.057799552100,-0.006223142598,0.001330821557,0.103461274088
0.055172299800,-0.006249381862,0.001400872443,0.008223064470
0.052545047400,-0.006163553961,0.001569884785,-0.016311890776
0.049917795000,-0.006093478310,0.001595587348,-0.019420425045
0.047290542700,-0.005918291872,0.001439293342,-0.016422843684
0.044663290300,-0.005790765195,0.001538535201,-0.012938378922
0.042036037900,-0.005740075553,0.001505620474,0.003637488431
0.039408785500,-0.005730694035,0.001468164444,0.059789605507
0.036781533200,-0.005984909551,0.001374806713,0.140875703951
0.034154280800,-0.006392351254,0.001398587664,0.180551902867
0.031527028400,-0.006873238795,0.001360531381,0.192949687276
0.028899776100,-0.007352024456,0.001411969883,0.149384302746
0.026272523700,-0.007617456971,0.001488601969,-0.063046584671
0.023645271300,-0.006989877875,0.001418229681,-0.120026174956
0.021018019000,-0.006961968241,0.001477172868,0.238417390481
0.018390766600,-0.008262811877,0.001607483053,0.322673270763
0.015763514200,-0.008653796662,0.001706059233,0.155810034015
0.013136261800,-0.009041997167,0.001655214512,0.154102894062
0.010509009500,-0.009393387502,0.001566784076,0.156077559016
0.007881757100,-0.009715895161,0.001317147237,0.108136143796
0.005254504700,-0.009745188609,0.001078356575,-0.003212943417
0.002627252400,-0.009418235392,0.000809155203,-0.278337332339
0.000000000000,-0.008025837687,0.000700451913,-0.523608393444
