0.391460603250,-0.007361536480,-0.000176263902,1.159631217304
0.388833350880,-0.010266918376,-0.000028418659,0.290695605750
0.386206098510,-0.008498386835,-0.000211247016,-0.304996909478
0.383578846140,-0.008482180166,-0.000097434169,0.051180067619
0.380951593770,-0.008708170621,-0.000051326040,0.109946096486
0.378324341400,-0.009011991774,-0.000010321482,0.135455899084
0.375697089030,-0.009312191277,-0.000057530166,0.174362432306
0.373069836660,-0.009818786372,-0.000190856724,0.192296141274
0.370442584290,-0.010298929960,-0.000269766734,-0.012214585191
0.367815331920,-0.009731326574,-0.000237471409,-0.037105002342
0.365188079550,-0.010087043123,-0.000295626027,0.045290876741
0.362560827170,-0.009956824807,-0.000512970958,-0.007626607740
0.359933574800,-0.010412291652,-0.000418914937,0.272335177265
0.357306322430,-0.011460786491,-0.000275567017,0.159453501572
0.354679070060,-0.011260666880,-0.000111132834,-0.081072326866
0.352051817690,-0.011127522556,0.000054279425,-0.104946581374
0.349424565320,-0.010902449590,0.000125245582,-0.126803344984
0.346797312950,-0.010528906868,0.000325442461,-0.192254787436
0.344170060580,-0.009895284939,0.000481643536,-0.261551149936
0.341542808210,-0.009190451593,0.000685498708,-0.268531925867
0.338915555840,-0.008465889794,0.000806774986,-0.252993988084
0.336288303460,-0.007783742776,0.000958396689,-0.187068612837
0.333661051090,-0.007438813325,0.001023681729,-0.122194808383
0.331033798720,-0.007307204721,0.001212399100,-0.083493920637
0.328406546350,-0.007108092502,0.001444379581,-0.110369128327
0.325779293980,-0.006820413874,0.001558153659,-0.078770743858
0.323152041610,-0.006782585060,0.001585853494,-0.013203827232
0.320524789240,-0.006802182049,0.001670109268,-0.024620363055
0.317897536870,-0.006750220774,0.001670460737,-0.043862154580
0.315270284500,-0.006699364582,0.001709941433,0.004598041170
0.312643032100,-0.006806998401,0.001834820651,0.064995287672
0.310015779800,-0.007053967472,0.001942220236,0.072260599322
0.307388527400,-0.007218302982,0.002015100329,0.075054549611
0.304761275000,-0.007488606334,0.002169217025,0.074399211507
0.302134022600,-0.007636526063,0.002232531997,0.026758220149
0.299506770300,-0.007637570032,0.002278219760,0.012691386010
0.296879517900,-0.007684795981,0.002325042912,0.024917399643
0.294252265500,-0.007736510507,0.002432714624,-0.028349019059
0.291625013200,-0.007623149070,0.002409366464,-0.059192633099
0.288997760800,-0.007480027907,0.002451461527,-0.059433169085
0.286370508400,-0.007317785242,0.002515786593,-0.030891399349
0.283743256000,-0.007262958342,0.002485658114,-0.014232478620
0.281116003700,-0.007149804604,0.002403316741,-0.016516310097
0.278488751300,-0.007049930294,0.002269541330,-0.002756626746
0.275861498900,-0.007001563163,0.002166027479,0.014534512788
0.273234246600,-0.006999497413,0.002140635329,0.013241177075
0.270606994200,-0.006927753044,0.001901693527,-0.004266669254
0.267979741800,-0.006825942277,0.001668849516,0.011892503547
0.265352489400,-0.006821440283,0.001499030682,0.018691626336
0.262725237100,-0.006733059693,0.001316595818,0.007082095063
0.260097984700,-0.006701024808,0.001109609603,0.023278926403
0.257470732300,-0.006646655089,0.000914047201,0.021721462661
0.254843480000,-0.006589884421,0.000772911777,0.074390376125
0.252216227600,-0.006821435186,0.000653583378,0.143073294402
0.249588975200,-0.007142442129,0.000731781652,0.158202557897
0.246961722900,-0.007425449647,0.000931713474,0.176508266661
0.244334470500,-0.007794109808,0.001223620578,0.180702999690
0.241707218100,-0.008040539122,0.001545333992,0.162584570261
0.239079965700,-0.008309523947,0.001882075863,0.162299067668
0.236452713400,-0.008631918249,0.002249025610,0.153688259566
0.233825461000,-0.008899880284,0.002499246070,0.118766039670
0.231198208600,-0.009048661948,0.002773261421,0.113855787058
0.228570956300,-0.009311162938,0.003066317616,0.148349210223
0.225943703900,-0.009665296281,0.003266843022,0.188555253665
0.223316451500,-0.010195727410,0.003503483355,0.207459922134
0.220689199100,-0.010688335706,0.003716794178,0.165746352757
0.218061946800,-0.011029445370,0.003919020543,0.125602937982
0.215434694400,-0.011331711230,0.004057205056,0.105122987599
0.212807442000,-0.011594140094,0.004028133672,0.100202574146
0.210180189700,-0.011906541742,0.003992359086,0.107513399484
0.207552937300,-0.012242935902,0.003715323201,0.084300871249
0.204925684900,-0.012449757156,0.003275744480,0.027566889362
0.202298432500,-0.012518212703,0.002915157635,0.024661808132
0.199671180200,-0.012709520950,0.002549997531,0.063335467467
0.197043927800,-0.013011877422,0.002403052057,0.089315424847
0.194416675400,-0.013357590557,0.002289450402,0.072186336146
0.191789423100,-0.013592351920,0.002241057294,0.014513263337
0.189162170700,-0.013624578396,0.002217774175,-0.056276714757
0.186534918300,-0.013493429032,0.002201724474,-0.094142550133
0.183907666000,-0.013358933112,0.002164010283,-0.113745864137
0.181280413600,-0.013205243947,0.002297631903,-0.106015535713
0.178653161200,-0.013108835390,0.002402258476,-0.090755416566
0.176025908800,-0.013081172867,0.002440406042,-0.079094292944
0.173398656500,-0.013017676492,0.002466041736,-0.097166742285
0.170771404100,-0.012913332289,0.002495354797,-0.086780056245
0.168144151700,-0.012861207325,0.002591349285,-0.091373288263
0.165516899400,-0.012721735027,0.002475897723,-0.146852109120
0.162889647000,-0.012397963507,0.002358002175,-0.150887686319
0.160262394600,-0.012159076225,0.002247470406,-0.116297651736
0.157635142200,-0.012030916891,0.002152095271,-0.112251136462
0.155007889900,-0.011834300034,0.002150738924,-0.137316848601
0.152380637500,-0.011586342029,0.002247178384,-0.162219078668
0.149753385100,-0.011266826934,0.002299973362,-0.193003653252
0.147126132800,-0.010845166810,0.002303503814,-0.219696028115
0.144498880400,-0.010368139402,0.002515704843,-0.231596411514
0.141871628000,-0.009878162717,0.002637708735,-0.206555926718
0.139244375600,-0.009514222895,0.002706332246,-0.149427668383
0.136617123300,-0.009343915727,0.002675233306,-0.101982561330
0.133989870900,-0.009254102029,0.002537816107,-0.030557070267
0.131362618500,-0.009347133696,0.002516961563,0.040931721554
0.128735366200,-0.009521218020,0.002435019915,0.045976713461
0.126108113800,-0.009620507255,0.002200420011,0.067266811746
0.123480861400,-0.009923814643,0.002064522253,0.083142679385
0.120853609000,-0.010114986710,0.001897733912,0.065620326620
0.118226356700,-0.010323994973,0.001652599464,0.108406932766
0.115599104300,-0.010612543501,0.001512674803,0.125787436528
0.112971851900,-0.010895284827,0.001381210069,0.125747973437
0.110344599600,-0.011119506328,0.001217322327,0.106498204258
0.107717347200,-0.011302263695,0.001252094057,0.097572246173
0.105090094800,-0.011523759286,0.001255824369,0.075585811051
0.102462842500,-0.011617828505,0.001138395443,0.033898648544
0.099835590100,-0.011687601829,0.000929550980,0.061561347218
0.097208337700,-0.011957337755,0.000557405596,0.149326640574
0.094581085300,-0.012335918840,0.000138294021,0.226566663380
0.091953833000,-0.013030945662,-0.000139669726,0.284826814552
0.089326580600,-0.013662861537,-0.000352604765,0.218098116641
0.086699328200,-0.013944676007,-0.000411080165,0.050457008594
0.084072075900,-0.013762409702,-0.000436319890,-0.052591484381
0.081444823500,-0.013528291276,-0.000537171634,-0.020856084482
0.078817571100,-0.013493431464,-0.000525512361,0.018847618613
0.076190318700,-0.013462972961,-0.000460874487,0.041667775283
0.073563066400,-0.013591538470,-0.000341180392,0.119904060275
0.070935814000,-0.013873875443,-0.000183081454,0.110832243392
0.068308561600,-0.013996818843,0.000032687675,0.029653796690
0.065681309300,-0.013859066833,0.000170633164,0.012594086689
0.063054056900,-0.013912628795,0.000425825266,-0.011892342838
0.060426804500,-0.013767778180,0.000667564445,-0.070127833536
0.057799552100,-0.013703445411,0.000763737072,-0.043290813077
0.055172299800,-0.013633286290,0.000641495637,-0.033998040562
0.052545047400,-0.013688246157,0.000475038753,0.020545995494
0.049917795000,-0.013875492143,0.000837119839,0.058070777821
0.047290542700,-0.014082087193,0.001164481352,0.051018090758
0.044663290300,-0.014337918668,0.001224749321,0.080944114595
0.042036037900,-0.014553110049,0.001236850358,0.158061418911
0.039408785500,-0.015029585326,0.001111748958,0.229285170978
0.036781533200,-0.015691074846,0.001036892861,0.192366994426
0.034154280800,-0.015991379186,0.000862391249,0.170671246119
0.031527028400,-0.016355402730,0.000782100215,0.226640833202
0.028899776100,-0.016936266057,0.000732964738,0.221526827338
0.026272523700,-0.017312520682,0.000763706448,0.141856438113
0.023645271300,-0.017558460352,0.000744651423,0.162942506525
0.021018019000,-0.018042749299,0.000844802659,0.280443944784
0.018390766600,-0.018847972582,0.000794949444,0.268826578278
0.015763514200,-0.019241748683,0.000794106834,0.163942317599
0.013136261800,-0.019606503951,0.000929265316,0.121225488506
0.010509009500,-0.019841286946,0.000803661712,0.048717092781
0.007881757100,-0.019783591694,0.000577739161,-0.082588167992
0.005254504700,-0.019292566398,0.000414019212,-0.277147539574
0.002627252400,-0.018273287642,0.000427468111,-0.946523179101
0.000000000000,-0.014296659007,-0.000151172984,-1.578736255698
