0.391460603250,-0.008691532180,0.000531450380,-0.482724299201
0.388833350880,-0.007341016242,0.000825715157,0.051325244526
0.386206098510,-0.008966325083,0.000835810404,0.312319937290
0.383578846140,-0.009503821054,0.001046493011,0.200306022239
0.380951593770,-0.010222040266,0.001137475656,-0.043326210145
0.378324341400,-0.009439998850,0.001207893106,-0.227674617172
0.375697089030,-0.009069055165,0.001343362181,-0.106317329342
0.373069836660,-0.008865092608,0.001399006598,-0.030934782601
0.370442584290,-0.008949079728,0.001406159347,-0.108523438881
0.367815331920,-0.008179019668,0.001602246339,-0.076980464691
0.365188079550,-0.008477553663,0.001758728794,0.173542634223
0.362560827170,-0.008995020421,0.001978915018,0.176866431499
0.359933574800,-0.009238588843,0.002091738422,0.078764814981
0.357306322430,-0.009090022331,0.002082559749,-0.035864822339
0.354679070060,-0.008745463968,0.002056345729,-0.105070893053
0.352051817690,-0.008368255078,0.001979382370,-0.074137987943
0.349424565320,-0.008192198954,0.001930748647,-0.082587438644
0.346797312950,-0.007853877767,0.001870087778,-0.143589053262
0.344170060580,-0.007457027215,0.001738865432,-0.147092899381
0.341542808210,-0.007123767179,0.001659362311,-0.134825139825
0.338915555840,-0.006807706723,0.001590518129,-0.084853598235
0.336288303460,-0.006639262407,0.001372439681,-0.064658667650
0.333661051090,-0.006425681796,0.001214952602,-0.067335493322
0.331033798720,-0.006217035228,0.001193484725,-0.030875694676
0.328406546350,-0.006270904457,0.001061796336,0.001166495902
0.325779293980,-0.006245401558,0.001022261198,-0.037481209876
0.323152041610,-0.006128241062,0.000981894079,-0.050021522997
0.320524789240,-0.006032545092,0.001007374759,-0.046484451900
0.317897536870,-0.005970415429,0.000970557997,-0.036984095609
0.315270284500,-0.005883626591,0.001018274746,-0.042768305955
0.312643032100,-0.005760465854,0.001099013346,-0.041483603686
0.310015779800,-0.005693587415,0.001099974027,-0.046692320914
0.307388527400,-0.005571096436,0.001111834470,-0.069369196711
0.304761275000,-0.005419032969,0.001094056389,-0.082409456932
0.302134022600,-0.005272001060,0.001156271078,-0.055946568390
0.299506770300,-0.005178104361,0.001158589521,-0.037939323252
0.296879517900,-0.005111927978,0.001206293714,-0.024205460132
0.294252265500,-0.005103743678,0.001222621270,-0.006322109553
0.291625013200,-0.005105964078,0.001266249855,-0.001098691130
0.288997760800,-0.005092895395,0.001325672183,-0.016236428797
0.286370508400,-0.005035036546,0.001489832394,-0.028453291854
0.283743256000,-0.005003480438,0.001630881488,-0.013434069276
0.281116003700,-0.004967910305,0.001756348864,0.016880748612
0.278488751300,-0.005055896334,0.001913679898,0.030688059464
0.275861498900,-0.005113811224,0.002000929053,-0.003486028746
0.273234246600,-0.005076372427,0.002228599125,-0.017088928176
0.270606994200,-0.005060187567,0.002450267959,-0.022630689401
0.267979741800,-0.005007992824,0.002600020575,-0.026202532096
0.265352489400,-0.004993646530,0.002823549436,-0.016949781688
0.262725237100,-0.004955143026,0.003015653975,-0.032683637598
0.260097984700,-0.004892613840,0.003236016400,-0.036268330762
0.257470732300,-0.004882569318,0.003352874796,-0.029983177584
0.254843480000,-0.004860109046,0.003624893620,-0.026893891923
0.252216227600,-0.004854440878,0.003853593169,-0.005321254159
0.249588975200,-0.004859593722,0.004023050472,-0.011276217703
0.246961722900,-0.004864726501,0.004226952319,0.028858923716
0.244334470500,-0.005091872189,0.004424940278,0.081724401249
0.241707218100,-0.005330245019,0.004575943978,0.079643149062
0.239079965700,-0.005581125274,0.004717132510,0.094423238408
0.236452713400,-0.005861713199,0.004889380278,0.093149268189
0.233825461000,-0.006155953952,0.004925236496,0.084786233388
0.231198208600,-0.006401844960,0.004962723329,0.072752234471
0.228570956300,-0.006653305862,0.005042956168,0.069216542419
0.225943703900,-0.006894375140,0.005031507628,0.037352427748
0.223316451500,-0.006956532281,0.004963664713,-0.000145760758
0.220689199100,-0.006951230204,0.004896962269,0.007681185395
0.218061946800,-0.006995536468,0.004833114440,0.030256008737
0.215434694400,-0.007107483668,0.004830894493,0.058935148265
0.212807442000,-0.007305886244,0.004839962717,0.039239351574
0.210180189700,-0.007279620566,0.004753376487,-0.003902744233
0.207552937300,-0.007208933922,0.004690768424,0.034330386707
0.204925684900,-0.007362278785,0.004719947143,0.086737372312
0.202298432500,-0.007535289854,0.004663728231,0.078221493983
0.199671180200,-0.007638543999,0.004436860991,0.085892969735
0.197043927800,-0.007831455834,0.004314340399,0.119477312498
0.194416675400,-0.008085020509,0.004175498336,0.132485832305
0.191789423100,-0.008262037465,0.003989032855,0.140364816565
0.189162170700,-0.008494760881,0.003824314846,0.148558528382
0.186534918300,-0.008749627026,0.003674376355,0.160215064412
0.183907666000,-0.009101589109,0.003508917335,0.187765523043
0.181280413600,-0.009490251105,0.003352630507,0.178535984708
0.178653161200,-0.009721439018,0.003017212654,0.121942667437
0.176025908800,-0.009840245141,0.002727619803,0.081368547850
0.173398656500,-0.009899384423,0.002555325935,0.061973690199
0.170771404100,-0.009914364060,0.002346340960,0.050664875800
0.168144151700,-0.009914042511,0.002153162578,0.052378497990
0.165516899400,-0.009926293343,0.002021262987,0.038362569026
0.162889647000,-0.009894984977,0.001805849624,0.022027513792
0.160262394600,-0.009850068040,0.001446136966,0.081880542186
0.157635142200,-0.010131818729,0.001172235859,0.204259846078
0.155007889900,-0.010706285201,0.001055912242,0.296723273934
0.152380637500,-0.011484437316,0.000796904953,0.357026860278
0.149753385100,-0.012372116002,0.000496675376,0.336189795706
0.147126132800,-0.012965810077,0.000260377672,0.201824194109
0.144498880400,-0.013181606099,-0.000020911897,0.102614827398
0.141871628000,-0.013342986616,-0.000114544957,0.080192841580
0.139244375600,-0.013544426706,-0.000194769068,0.105734358640
0.136617123300,-0.013808918976,-0.000167887914,0.160533640685
0.133989870900,-0.014343864476,-0.000011302641,0.206218041580
0.131362618500,-0.014839562861,0.000016016057,0.194745492649
0.128735366200,-0.015327236052,0.000115988724,0.226459250101
0.126108113800,-0.016001554833,0.000229042741,0.218739437100
0.123480861400,-0.016426047172,0.000443277736,0.128823043075
0.120853609000,-0.016602995974,0.000837221555,0.094658376305
0.118226356700,-0.016863229472,0.001215590632,0.071476370648
0.115599104300,-0.016896307378,0.001506975320,0.007770303481
0.112971851900,-0.016850276632,0.001880114659,0.009792066881
0.110344599600,-0.016927232754,0.002170862073,-0.021588501675
0.107717347200,-0.016790183470,0.002534030450,-0.136259629964
0.105090094800,-0.016301650347,0.002806924287,-0.252526894743
0.102462842500,-0.015506790941,0.002692273967,-0.317252324361
0.099835590100,-0.014623808371,0.002812455978,-0.276091604809
0.097208337700,-0.014046389052,0.002909191591,-0.203662076281
0.094581085300,-0.013607865406,0.002917253822,-0.126212922259
0.091953833000,-0.013464625842,0.002894826911,-0.005035157998
0.089326580600,-0.013617097422,0.003072527842,0.064518618302
0.086699328200,-0.013867000995,0.002985874289,0.079972549206
0.084072075900,-0.014077793030,0.003038196113,0.062642954057
0.081444823500,-0.014272432536,0.003191429625,0.057140812832
0.078817571100,-0.014471834627,0.003283295397,0.065390873418
0.076190318700,-0.014721989167,0.003255792460,0.058018560669
0.073563066400,-0.014817452610,0.003288832693,-0.016963264318
0.070935814000,-0.014637196993,0.003220853920,-0.058255747888
0.068308561600,-0.014639174022,0.003404861402,-0.006999324705
0.065681309300,-0.014729016609,0.003738958731,0.070594156477
0.063054056900,-0.014930514433,0.004027309815,0.084244048548
0.060426804500,-0.015073330861,0.004150574021,0.048378117877
0.057799552100,-0.015116486469,0.004475924533,0.081935441422
0.055172299800,-0.015400474182,0.004606673928,0.111241175124
0.052545047400,-0.015651576754,0.004675231672,0.100127528995
0.049917795000,-0.015891404491,0.004635052413,0.068685103536
0.047290542700,-0.016025096213,0.004597573901,-0.019952393881
0.044663290300,-0.015825971987,0.004517372196,0.033832448342
0.042036037900,-0.016256109275,0.004448977855,0.081450647448
0.039408785500,-0.016281712463,0.004086041882,0.064477250843
0.036781533200,-0.016540753950,0.003841024309,0.141899395677
0.034154280800,-0.016916270849,0.003583711996,0.127256551789
0.031527028400,-0.017119456269,0.003494122621,0.141988259028
0.028899776100,-0.017544182709,0.003204277668,0.132056487841
0.026272523700,-0.017621335158,0.002962420246,-0.018042757592
0.023645271300,-0.017410297036,0.002796243635,-0.126261944657
0.021018019000,-0.016909095928,0.002405479308,0.142453571254
0.018390766600,-0.017880040920,0.002390604018,0.230766719553
0.015763514200,-0.018045641014,0.002429125599,0.032856627063
0.013136261800,-0.018038397342,0.002262687122,-0.026880318990
0.010509009500,-0.017937486870,0.002118117805,-0.062117996008
0.007881757100,-0.017646944242,0.001822917860,-0.163668899743
0.005254504700,-0.017055720638,0.001470565565,-0.285607867201
0.002627252400,-0.016156412000,0.001197723720,-0.490485458111
0.000000000000,-0.014459251774,0.000663632797,-0.597716627050
