0.391460603250,-0.017376676284,0.000070371101,-0.808707434258
0.388833350880,-0.015259476141,0.000165335306,-0.274983769805
0.386206098510,-0.015968900344,0.000305881128,0.060602658250
0.383578846140,-0.015583088713,0.000452434076,-0.117735486998
0.380951593770,-0.015378711975,0.000466710573,0.092037972713
0.378324341400,-0.016080536969,0.000545122634,0.079448330396
0.375697089030,-0.015793729470,0.000547172617,-0.002967360029
0.373069836660,-0.016116823063,0.000625935469,0.055824879182
0.370442584290,-0.016056664309,0.000809143922,-0.007226041989
0.367815331920,-0.016121643053,0.000979164228,-0.011163810492
0.365188079550,-0.016021695360,0.001014706548,0.018518813599
0.362560827170,-0.016250295137,0.000972713027,0.014439438694
0.359933574800,-0.016101653582,0.001013807844,-0.129230806987
0.357306322430,-0.015572301361,0.001113650391,-0.025895666953
0.354679070060,-0.015930973304,0.001118184619,0.083795475243
0.352051817690,-0.015934036251,0.001076774274,0.014259323300
0.349424565320,-0.015903561316,0.001212756105,0.002038884189
0.346797312950,-0.015864515479,0.001417778249,-0.005505273463
0.344170060580,-0.015756529911,0.001338045412,-0.026997439134
0.341542808210,-0.015644158942,0.001377716868,0.006328232002
0.338915555840,-0.015673911061,0.001494416803,0.009127505017
0.336288303460,-0.015586101959,0.001624686121,-0.015566065400
0.333661051090,-0.015504898908,0.001584943381,-0.028440465189
0.331033798720,-0.015422459992,0.001618763300,-0.042923726037
0.328406546350,-0.015310549409,0.001537112218,-0.053532053161
0.325779293980,-0.015207299238,0.001529168339,-0.028257160547
0.323152041610,-0.015214933832,0.001599014388,-0.002507991320
0.320524789240,-0.015212477552,0.001609810723,-0.003189754107
0.317897536870,-0.015217138491,0.001525925804,-0.003376292908
0.315270284500,-0.015251407623,0.001502731121,-0.014086530855
0.312643032100,-0.015216331840,0.001604751091,-0.022689634338
0.310015779800,-0.015211812615,0.001712144069,-0.027935738472
0.307388527400,-0.015197355551,0.001741268599,-0.040344788448
0.304761275000,-0.015146640830,0.001765286987,-0.046545753498
0.302134022600,-0.015105000651,0.001840080236,-0.018663539791
0.299506770300,-0.015197113832,0.002026464974,-0.007220545750
0.296879517900,-0.015239309210,0.002134052844,-0.022575193934
0.294252265500,-0.015250868600,0.002114576593,-0.036337058752
0.291625013200,-0.015198020263,0.002108262813,-0.025043708838
0.288997760800,-0.015263856033,0.002075614279,-0.004267186074
0.286370508400,-0.015334879026,0.002127443108,-0.020307204271
0.283743256000,-0.015351331366,0.002134551884,-0.015773214666
0.281116003700,-0.015442790627,0.002105640780,-0.008023401953
0.278488751300,-0.015468042286,0.002176248341,-0.003096701362
0.275861498900,-0.015531214917,0.002125424655,0.000646091431
0.273234246600,-0.015539599363,0.002032447183,-0.008747994898
0.270606994200,-0.015566761129,0.001790075268,0.018184712206
0.267979741800,-0.015712864140,0.001634743349,0.066896271938
0.265352489400,-0.015983423217,0.001600619483,0.060366218609
0.262725237100,-0.016091152519,0.001499699488,0.024837286082
0.260097984700,-0.016138605185,0.001590415566,0.000945728625
0.257470732300,-0.016142681276,0.001881754387,-0.020410859694
0.254843480000,-0.016104715339,0.002209814874,-0.038764822824
0.252216227600,-0.016062922617,0.002516508733,-0.048308315480
0.249588975200,-0.016004797662,0.002679787026,-0.037650853888
0.246961722900,-0.016024216513,0.002759467114,-0.045530787500
0.244334470500,-0.015943051880,0.002861513663,-0.093036116808
0.241707218100,-0.015717730155,0.002977546314,-0.095582425112
0.239079965700,-0.015589119237,0.003057731399,-0.068988038236
0.236452713400,-0.015544380330,0.003157382284,-0.061161972955
0.233825461000,-0.015439387945,0.003329052562,-0.053652084298
0.231198208600,-0.015381032319,0.003431331044,-0.052639744649
0.228570956300,-0.015263385022,0.003547851829,-0.072533100876
0.225943703900,-0.015057686144,0.003620486775,-0.089364678284
0.223316451500,-0.014905561976,0.003780731317,-0.071515163755
0.220689199100,-0.014817329223,0.003990042030,-0.046923554769
0.218061946800,-0.014721765939,0.004053830130,-0.057762034761
0.215434694400,-0.014552429958,0.004099911821,-0.025632928169
0.212807442000,-0.014594997078,0.004184522952,0.026955712565
0.210180189700,-0.014626552755,0.004171927612,0.050111241091
0.207552937300,-0.014746371338,0.004161824027,0.066192033685
0.204925684900,-0.014888678172,0.004279256725,0.062439237831
0.202298432500,-0.014968507774,0.004291805583,0.072116081281
0.199671180200,-0.015102334179,0.004326118871,0.066857935679
0.197043927800,-0.015180959280,0.004428129306,0.055975588728
0.194416675400,-0.015282199446,0.004505325592,0.076347984572
0.191789423100,-0.015447829332,0.004548223534,0.102280516520
0.189162170700,-0.015655872160,0.004734143477,0.119100684418
0.186534918300,-0.015818980017,0.004803451329,0.126540926047
0.183907666000,-0.016054650257,0.004880630291,0.147534454672
0.181280413600,-0.016345017122,0.004950091246,0.146157888523
0.178653161200,-0.016549279531,0.004972659868,0.148038192770
0.176025908800,-0.016842772392,0.005053540023,0.135508583226
0.173398656500,-0.017021916266,0.005190358324,0.072424019501
0.170771404100,-0.017098110189,0.005128497208,0.035527594183
0.168144151700,-0.017053464153,0.005005584716,0.004262198048
0.165516899400,-0.016979386023,0.004987812630,0.044190498098
0.162889647000,-0.017095590750,0.004868830020,0.125915708584
0.160262394600,-0.017404967726,0.004727313221,0.170829282093
0.157635142200,-0.017734380219,0.004528130070,0.140003420192
0.155007889900,-0.017889655468,0.004428651053,0.094902825839
0.152380637500,-0.018036960970,0.004390143487,0.088408197801
0.149753385100,-0.018125892237,0.004267408018,0.113834685753
0.147126132800,-0.018381046202,0.004122370714,0.138254844043
0.144498880400,-0.018625899944,0.003973705346,0.114552308679
0.141871628000,-0.018762197672,0.003823986018,0.104085071837
0.139244375600,-0.018975115634,0.003590835139,0.088868982937
0.136617123300,-0.019002186767,0.003494078183,0.094107451760
0.133989870900,-0.019184614441,0.003265338888,0.107208236547
0.131362618500,-0.019301575784,0.003032932114,0.046978500757
0.128735366200,-0.019208701367,0.002863604222,0.023527671663
0.126108113800,-0.019197560290,0.002925601499,0.045035682885
0.123480861400,-0.019214024887,0.003026592252,0.057474945659
0.120853609000,-0.019366706762,0.003128340729,0.095238431046
0.118226356700,-0.019563310146,0.003245766201,0.117613348207
0.115599104300,-0.019769168181,0.003346365299,0.091071162068
0.112971851900,-0.019922937292,0.003472592512,0.031644842939
0.110344599600,-0.019922082117,0.003475144061,0.059994152333
0.107717347200,-0.020185386415,0.003596468902,0.157408092685
0.105090094800,-0.020712819990,0.003687547862,0.185265749286
0.102462842500,-0.021128166550,0.003660609233,0.152144671324
0.099835590100,-0.021431327866,0.003640729721,0.142162599336
0.097208337700,-0.021761662706,0.003590127084,0.204890630261
0.094581085300,-0.022326410102,0.003600235032,0.271482239672
0.091953833000,-0.023056837813,0.003425582453,0.256679950776
0.089326580600,-0.023576439821,0.003408424105,0.190397580499
0.086699328200,-0.023971339341,0.003570971267,0.136844110643
0.084072075900,-0.024205491513,0.003624423037,0.053594127188
0.081444823500,-0.024207332881,0.003589221224,0.008362957070
0.078817571100,-0.024219250737,0.003749198363,-0.000551060450
0.076190318700,-0.024139000957,0.003779077464,-0.026257586215
0.073563066400,-0.024017111945,0.003916487105,-0.009096445954
0.070935814000,-0.024024755971,0.004227745529,-0.023294503214
0.068308561600,-0.023818191380,0.004185182217,-0.089522134026
0.065681309300,-0.023540160492,0.004289498730,-0.111251675798
0.063054056900,-0.023255513042,0.004302832633,-0.110032937574
0.060426804500,-0.023006903743,0.004267289327,-0.089713848656
0.057799552100,-0.022797559347,0.004326444539,-0.071396079934
0.055172299800,-0.022706851727,0.004170183842,-0.003766917581
0.052545047400,-0.022861397757,0.003873793906,0.100219562131
0.049917795000,-0.023297736919,0.003666023917,0.202177270789
0.047290542700,-0.023915500252,0.003410134514,0.176616755752
0.044663290300,-0.024201457219,0.003278536794,0.088505668134
0.042036037900,-0.024356377153,0.003123363816,0.068601203276
0.039408785500,-0.024516402737,0.002951466102,0.042832812204
0.036781533200,-0.024545848689,0.002789577346,0.052184257762
0.034154280800,-0.024744821494,0.002637591712,0.115828741117
0.031527028400,-0.025123310220,0.002496913201,0.145186161579
0.028899776100,-0.025473663319,0.002319829109,0.155738477936
0.026272523700,-0.025813193100,0.002246106430,0.006311022821
0.023645271300,-0.025374891499,0.002266648531,0.143275213294
0.021018019000,-0.026313095579,0.002186545204,0.301757814915
0.018390766600,-0.026821927328,0.001984482149,0.197322230353
0.015763514200,-0.027132077157,0.001857036742,0.184059436901
0.013136261800,-0.027612145646,0.001724288349,0.126603487259
0.010509009500,-0.027764178754,0.001627919568,0.020404402500
0.007881757100,-0.027702627153,0.001348207798,-0.099108332338
0.005254504700,-0.027231630750,0.001056290864,-0.266359851344
0.002627252400,-0.026214797640,0.000802225184,-0.785294217323
0.000000000000,-0.022978646938,0.000529172238,-1.256289445615
