0.391460603250,-0.035996664175,-0.000245625490,0.888261391530
0.388833350880,-0.038365108347,-0.000199834978,0.424538534021
0.386206098510,-0.038814976640,-0.000333865849,-0.036341693835
0.383578846140,-0.038224313382,-0.000260856884,0.037780317885
0.380951593770,-0.039081014381,-0.000204315297,0.510041423706
0.378324341400,-0.040879990267,-0.000166816249,0.492280842706
0.375697089030,-0.041610008018,-0.000239310981,-0.041011958048
0.373069836660,-0.040675766401,-0.000347813152,-0.155777519347
0.370442584290,-0.040841383933,-0.000532359582,0.124706143734
0.367815331920,-0.041401637627,-0.000595512656,0.145660571495
0.365188079550,-0.041712639757,-0.000633142822,0.290943461770
0.362560827170,-0.043053228342,-0.000570526050,0.253162082435
0.359933574800,-0.043153878621,-0.000558242617,-0.234463762131
0.357306322430,-0.041889215406,-0.000517710925,-0.016154240014
0.354679070060,-0.043145960322,-0.000321970545,0.224611780202
0.352051817690,-0.043164718303,-0.000251888915,-0.063504366203
0.349424565320,-0.042921183914,0.000040733456,-0.147950825225
0.346797312950,-0.042433331066,0.000370295303,-0.206464945325
0.344170060580,-0.041816695350,0.000437391901,-0.228400635469
0.341542808210,-0.041174493314,0.000571088094,-0.234983704957
0.338915555840,-0.040560560152,0.000799926724,-0.201829722911
0.336288303460,-0.040060067260,0.000895380691,-0.179752971050
0.333661051090,-0.039603499191,0.000910719087,-0.136164391049
0.331033798720,-0.039279810707,0.001100129491,-0.094926590793
0.328406546350,-0.039103161860,0.001251239037,-0.066301174810
0.325779293980,-0.038968364326,0.001349662543,-0.067628347043
0.323152041610,-0.038780300417,0.001460142423,-0.045926630326
0.320524789240,-0.038776133628,0.001599827605,-0.034887700921
0.317897536870,-0.038647035958,0.001585802596,-0.051975527986
0.315270284500,-0.038568752230,0.001587559137,-0.007847237283
0.312643032100,-0.038629135384,0.001782649913,0.036213836660
0.310015779800,-0.038800183463,0.001874222964,0.050652392695
0.307388527400,-0.038922981530,0.001810904710,0.041326860245
0.304761275000,-0.039121190165,0.001869803455,0.069080675416
0.302134022600,-0.039396562756,0.002007464199,0.064730927430
0.299506770300,-0.039558211591,0.002144449056,0.027617545819
0.296879517900,-0.039622422083,0.002356837313,0.012302721548
0.294252265500,-0.039671775198,0.002362402965,0.010312058563
0.291625013200,-0.039691587627,0.002345098715,-0.004631392344
0.288997760800,-0.039574179548,0.002436037621,-0.015701703560
0.286370508400,-0.039555578580,0.002513535378,-0.018253667075
0.283743256000,-0.039491260817,0.002613359660,-0.045607353870
0.281116003700,-0.039338638671,0.002629576579,-0.044327828138
0.278488751300,-0.039229318179,0.002569090870,-0.037123945858
0.275861498900,-0.039096178303,0.002583246772,-0.047292731251
0.273234246600,-0.038980362529,0.002657677239,-0.007505402898
0.270606994200,-0.039006341260,0.002646756546,0.023919082117
0.267979741800,-0.038955866637,0.002493684344,0.009157823881
0.265352489400,-0.038877296603,0.002424455716,0.019904117745
0.262725237100,-0.038877809968,0.002207137173,0.030954701569
0.260097984700,-0.038863673292,0.002020903616,0.035700875705
0.257470732300,-0.038858195349,0.001967686645,0.035854500527
0.254843480000,-0.038836959475,0.001765249392,0.053258305822
0.252216227600,-0.038833258905,0.001677270574,0.076891802771
0.249588975200,-0.038962639418,0.001635969255,0.146912384241
0.246961722900,-0.039383599102,0.001848662068,0.215792124863
0.244334470500,-0.039819445341,0.002131388786,0.229060190606
0.241707218100,-0.040226834710,0.002429853048,0.238659141050
0.239079965700,-0.040713283700,0.002824965144,0.226267915411
0.236452713400,-0.041093540517,0.003104598252,0.180641628602
0.233825461000,-0.041378518256,0.003328592048,0.129570757141
0.231198208600,-0.041556603649,0.003621932362,0.098945182658
0.228570956300,-0.041665539907,0.003789918675,0.081012382704
0.225943703900,-0.041794901557,0.003917066104,0.125598485886
0.223316451500,-0.042122909819,0.004068143815,0.175182724761
0.220689199100,-0.042476355171,0.004261341214,0.186918139904
0.218061946800,-0.042886800094,0.004399078798,0.183388995699
0.215434694400,-0.043265169114,0.004353125472,0.156397042948
0.212807442000,-0.043580538674,0.004350518083,0.139540578448
0.210180189700,-0.043900631889,0.004392845987,0.152517994165
0.207552937300,-0.044326538927,0.004219521497,0.173954417531
0.204925684900,-0.044763955768,0.003796201551,0.143869551788
0.202298432500,-0.045081223186,0.003299982826,0.081350912797
0.199671180200,-0.045209291235,0.002859230879,0.087463444147
0.197043927800,-0.045568079268,0.002593676828,0.168654958502
0.194416675400,-0.046134188129,0.002451527237,0.160905642018
0.191789423100,-0.046483009085,0.002166324208,0.070742509210
0.189162170700,-0.046560937219,0.001883423104,0.001499505300
0.186534918300,-0.046520063632,0.001747966906,-0.057422815166
0.183907666000,-0.046392585175,0.001711668896,-0.113846136908
0.181280413600,-0.046182061298,0.001710528498,-0.127093601063
0.178653161200,-0.046067629766,0.001790694983,-0.087858237750
0.176025908800,-0.046035274927,0.001789671979,-0.106536428162
0.173398656500,-0.045920530966,0.002005389136,-0.117173510753
0.170771404100,-0.045799508931,0.002183252084,-0.132047277267
0.168144151700,-0.045575511695,0.002118515005,-0.184454279723
0.165516899400,-0.045340889648,0.002165418883,-0.195472663564
0.162889647000,-0.044999695848,0.002193980837,-0.162648253964
0.160262394600,-0.044848678537,0.002219660645,-0.105477693949
0.157635142200,-0.044740967971,0.002096456366,-0.138289437808
0.155007889900,-0.044379487268,0.002027426172,-0.189627937664
0.152380637500,-0.044003220921,0.002112030472,-0.167107930973
0.149753385100,-0.043760901671,0.002272860701,-0.183742756238
0.147126132800,-0.043322128623,0.002423214082,-0.222764202166
0.144498880400,-0.042850334839,0.002558446462,-0.218629967876
0.141871628000,-0.042421491576,0.002569616776,-0.199367499788
0.139244375600,-0.042063580936,0.002526930394,-0.176620323487
0.136617123300,-0.041802050227,0.002588945722,-0.133299919080
0.133989870900,-0.041602502802,0.002675823701,-0.079700214155
0.131362618500,-0.041623849033,0.002706543801,-0.011444800073
0.128735366200,-0.041756413922,0.002632873438,-0.006904199382
0.126108113800,-0.041864195047,0.002561121087,0.018085427355
0.123480861400,-0.042102130772,0.002525313735,0.064860755023
0.120853609000,-0.042418117435,0.002355003066,0.087969149767
0.118226356700,-0.042738591732,0.002285710037,0.069166332294
0.115599104300,-0.042917049805,0.002260034103,0.055698518805
0.112971851900,-0.043117029020,0.002277690423,0.092820590680
0.110344599600,-0.043430300388,0.002290964178,0.089144056378
0.107717347200,-0.043607400231,0.002175151113,0.074200963764
0.105090094800,-0.043831771941,0.002089697373,0.076078358704
0.102462842500,-0.044012550411,0.001985140528,0.048482432798
0.099835590100,-0.044097757961,0.001789316026,0.052011734178
0.097208337700,-0.044312266942,0.001531277938,0.106205667803
0.094581085300,-0.044666158198,0.001318091751,0.163612403256
0.091953833000,-0.045210978631,0.001122177481,0.218074751551
0.089326580600,-0.045860567902,0.000932350915,0.225356940440
0.086699328200,-0.046393706011,0.000895905961,0.111559049533
0.084072075900,-0.046480425708,0.000804313789,-0.018047982355
0.081444823500,-0.046323723980,0.000736044135,-0.065395312319
0.078817571100,-0.046123806868,0.000834523815,-0.013375818623
0.076190318700,-0.046197650797,0.001012682903,0.062418538836
0.073563066400,-0.046361830214,0.001115664285,0.064698587028
0.070935814000,-0.046450317562,0.001144803555,0.062817038543
0.068308561600,-0.046640716055,0.001230401330,0.057970294724
0.065681309300,-0.046709871674,0.001369588260,0.016567487804
0.063054056900,-0.046617226194,0.001687278225,0.008494784020
0.060426804500,-0.046644552138,0.001719169413,0.047357274762
0.057799552100,-0.046750042979,0.001579155755,0.030580088489
0.055172299800,-0.046705912921,0.001527358319,0.030181045425
0.052545047400,-0.046851599953,0.001580441218,0.046400170327
0.049917795000,-0.047013211295,0.001601591652,0.009892312522
0.047290542700,-0.046982931791,0.001580937696,0.032483171994
0.044663290300,-0.047239678078,0.001768529607,0.116228042024
0.042036037900,-0.047565638296,0.001924664595,0.149144750384
0.039408785500,-0.047991909007,0.001929766881,0.172044489083
0.036781533200,-0.048379573374,0.002029374127,0.196677984916
0.034154280800,-0.048879965381,0.002072400257,0.227789353962
0.031527028400,-0.049326979647,0.002056214584,0.230692049235
0.028899776100,-0.049789211827,0.002052504122,0.263605983940
0.026272523700,-0.050357944470,0.002002503338,0.333869298490
0.023645271300,-0.051106861913,0.001976836236,0.312417940689
0.021018019000,-0.051545969120,0.001903311637,0.212613397755
0.018390766600,-0.051940491615,0.001905853768,0.154367357372
0.015763514200,-0.052164672202,0.001760400871,0.089179741916
0.013136261800,-0.052243139630,0.001484912054,0.061962334947
0.010509009500,-0.052329187963,0.001142002749,0.059758615789
0.007881757100,-0.052490999443,0.001006001762,0.059428333841
0.005254504700,-0.052562345078,0.001012521372,-0.054077137119
0.002627252400,-0.052209460894,0.001035741625,-1.275016235172
0.000000000000,-0.045916222962,0.001165166854,-2.415866924551
