0.391460603250,-0.052323280911,-0.000477217012,0.385644326876
0.388833350880,-0.053389990835,-0.000527647878,0.148671477018
0.386206098510,-0.053189244311,-0.000449515759,-0.325426383198
0.383578846140,-0.051827289419,-0.000100702380,0.390419329914
0.380951593770,-0.055253864800,-0.000330366040,0.800187939121
0.378324341400,-0.056068565380,-0.000432554753,0.217713166781
0.375697089030,-0.056435725468,-0.000566248190,0.121419066446
0.373069836660,-0.056685963122,-0.000543583181,0.404733223224
0.370442584290,-0.058560119039,-0.000594051811,0.549994514241
0.367815331920,-0.059508677602,-0.000686685072,0.254069594827
0.365188079550,-0.059730296000,-0.000617484261,0.102361049850
0.362560827170,-0.059940687709,-0.000527202744,-0.058865860402
0.359933574800,-0.059428025229,-0.000595412826,-0.018964144501
0.357306322430,-0.059857322389,-0.000359867124,0.052940559574
0.354679070060,-0.059696995996,-0.000260881127,-0.087093284624
0.352051817690,-0.059340554971,-0.000256699344,-0.116772037373
0.349424565320,-0.058995298694,-0.000109636589,-0.152330137456
0.346797312950,-0.058479393307,0.000163805503,-0.216669441343
0.344170060580,-0.057865963904,0.000303816155,-0.249563521507
0.341542808210,-0.057119451400,0.000499282582,-0.273874613567
0.338915555840,-0.056358616944,0.000579221057,-0.246323328763
0.336288303460,-0.055775309845,0.000665759629,-0.207820474732
0.333661051090,-0.055332224711,0.000822531151,-0.157826020810
0.331033798720,-0.055014552351,0.000921664778,-0.102860773664
0.328406546350,-0.054846543010,0.001062912029,-0.068709121005
0.325779293980,-0.054756189864,0.001060635737,-0.061575029754
0.323152041610,-0.054643001163,0.001137267732,-0.061477842127
0.320524789240,-0.054548655227,0.001245863380,-0.039401504191
0.317897536870,-0.054560241797,0.001245285876,-0.024270360481
0.315270284500,-0.054564397944,0.001249354773,-0.033842657876
0.312643032100,-0.054546768791,0.001310647984,-0.020872346677
0.310015779800,-0.054599060160,0.001393522390,-0.011859706777
0.307388527400,-0.054621656036,0.001436894129,-0.013206608989
0.304761275000,-0.054603921343,0.001521366844,-0.004424321863
0.302134022600,-0.054669891576,0.001588539050,0.022346718828
0.299506770300,-0.054862462794,0.001601954032,0.047348086146
0.296879517900,-0.055046985449,0.001649985351,0.024991967691
0.294252265500,-0.055030155860,0.001754702501,-0.006890899532
0.291625013200,-0.055070877366,0.002005259882,-0.027011377372
0.288997760800,-0.054945704077,0.002093250655,-0.072524347428
0.286370508400,-0.054760921143,0.002110277054,-0.075129097482
0.283743256000,-0.054709013168,0.002260295434,-0.046232977056
0.281116003700,-0.054631724260,0.002435607731,-0.025069036511
0.278488751300,-0.054675517430,0.002632594525,-0.037135729821
0.275861498900,-0.054569179683,0.002746040537,-0.058681692253
0.273234246600,-0.054501922910,0.002777999274,-0.035202967110
0.270606994200,-0.054428934423,0.002799385281,-0.031577836140
0.267979741800,-0.054411415167,0.002891005376,-0.004335700376
0.265352489400,-0.054432508847,0.002986930721,0.006160840253
0.262725237100,-0.054400429133,0.003000640858,0.020638219946
0.260097984700,-0.054495045359,0.002903289298,0.035218954185
0.257470732300,-0.054536477546,0.002883099810,0.029671852062
0.254843480000,-0.054550493607,0.002881493714,0.048424087599
0.252216227600,-0.054631499463,0.002836878019,0.090264795506
0.249588975200,-0.054829663556,0.002894091267,0.143791664341
0.246961722900,-0.055206639149,0.003032568006,0.188980829649
0.244334470500,-0.055659557611,0.003241638243,0.226087785583
0.241707218100,-0.056258780866,0.003491055066,0.231121947496
0.239079965700,-0.056745907635,0.003763467818,0.189732465980
0.236452713400,-0.057112067576,0.004033159630,0.140622708533
0.233825461000,-0.057405178519,0.004233107696,0.101600916108
0.231198208600,-0.057575699381,0.004431803541,0.048828579560
0.228570956300,-0.057608443384,0.004610933466,0.003670152938
0.225943703900,-0.057545903635,0.004681517873,0.008443995454
0.223316451500,-0.057593872080,0.004776834946,0.064454481223
0.220689199100,-0.057821093010,0.004811577441,0.103767618998
0.218061946800,-0.058107664249,0.004709344803,0.153879997980
0.215434694400,-0.058580771493,0.004781143585,0.168911968547
0.212807442000,-0.058972584984,0.004836732566,0.122430851470
0.210180189700,-0.059181423094,0.004680978632,0.121714883765
0.207552937300,-0.059607061580,0.004448448949,0.153608667620
0.204925684900,-0.060027904992,0.003984642480,0.129599372136
0.202298432500,-0.060331284694,0.003451718854,0.112228566947
0.199671180200,-0.060700870578,0.002856483460,0.122600519496
0.197043927800,-0.061091023492,0.002281196810,0.170831782054
0.194416675400,-0.061632422555,0.001946013408,0.211892205654
0.191789423100,-0.062190881427,0.001574301358,0.153535723524
0.189162170700,-0.062504089466,0.001337298633,0.077880367451
0.186534918300,-0.062609320372,0.001213090210,0.015615275745
0.183907666000,-0.062552728330,0.000948416273,-0.014390720641
0.181280413600,-0.062503270702,0.000661499225,0.012116928053
0.178653161200,-0.062583977325,0.000531795255,0.025974712471
0.176025908800,-0.062634789480,0.000467122686,0.000848845692
0.173398656500,-0.062658593697,0.000343434850,-0.034060247589
0.170771404100,-0.062580625985,0.000323547027,-0.066675409560
0.168144151700,-0.062460270840,0.000354879206,-0.099392882187
0.165516899400,-0.062240076704,0.000426878337,-0.163686230180
0.162889647000,-0.061885494483,0.000484003022,-0.199945544132
0.160262394600,-0.061450956990,0.000634970918,-0.194027541603
0.157635142200,-0.061120968321,0.000773890402,-0.160915079196
0.155007889900,-0.060877619032,0.000767568472,-0.132288332014
0.152380637500,-0.060686578841,0.000864910488,-0.134556473197
0.149753385100,-0.060438361214,0.000925184831,-0.158412972582
0.147126132800,-0.060077683233,0.001055948961,-0.184788181231
0.144498880400,-0.059698240981,0.001184639460,-0.183231801104
0.141871628000,-0.059315245316,0.001259479583,-0.131464684010
0.139244375600,-0.059143943216,0.001366923128,-0.069646096970
0.136617123300,-0.059042300066,0.001462204823,-0.045211835211
0.133989870900,-0.058996276669,0.001668222304,-0.026000158016
0.131362618500,-0.059082884791,0.001797092388,-0.004873346421
0.128735366200,-0.059184023988,0.001939319262,0.009483348466
0.126108113800,-0.059266532957,0.002169227631,0.058388381572
0.123480861400,-0.059557576800,0.002252836269,0.101924286215
0.120853609000,-0.059872739652,0.002242611145,0.126923515816
0.118226356700,-0.060190268432,0.002287006667,0.141161036130
0.115599104300,-0.060508303734,0.002575799725,0.137278589264
0.112971851900,-0.060808365818,0.002668079241,0.123692491105
0.110344599600,-0.061042484875,0.002735825529,0.072135840194
0.107717347200,-0.061047787788,0.002991330428,0.031452164129
0.105090094800,-0.061043112586,0.003105840384,0.032529413047
0.102462842500,-0.060968437697,0.003049955355,0.041328331686
0.099835590100,-0.060937593913,0.003115323391,0.076732278828
0.097208337700,-0.061016861230,0.002984923705,0.141085064346
0.094581085300,-0.061294191121,0.002677671376,0.211563878998
0.091953833000,-0.061789808023,0.002480675654,0.296755819265
0.089326580600,-0.062470727561,0.002322948874,0.329395504019
0.086699328200,-0.063172100092,0.002088255036,0.260412566316
0.084072075900,-0.063538561887,0.002110372826,0.123768739685
0.081444823500,-0.063515351263,0.002088958287,0.020614054935
0.078817571100,-0.063315661911,0.002033139537,-0.011811466506
0.076190318700,-0.063112222457,0.002165149765,-0.004966639282
0.073563066400,-0.063016434533,0.002272429620,0.031299672127
0.070935814000,-0.062951836327,0.002305373932,0.036917344743
0.068308561600,-0.062864113801,0.002519231529,0.050652558175
0.065681309300,-0.062883117839,0.002563615632,0.067744621029
0.063054056900,-0.062906214911,0.002673313290,0.058718043862
0.060426804500,-0.062815446383,0.002874670852,0.056392505168
0.057799552100,-0.062860377542,0.002851041110,0.094437750825
0.055172299800,-0.063025410292,0.002815274548,0.105479152504
0.052545047400,-0.063067899413,0.002740882301,0.124072601358
0.049917795000,-0.063201461411,0.002697264932,0.120742484445
0.047290542700,-0.063389391199,0.002641244459,0.171024157539
0.044663290300,-0.063909574392,0.002586887550,0.226455982823
0.042036037900,-0.064410191990,0.002507231585,0.185698181331
0.039408785500,-0.064860789605,0.002302846898,0.215569985009
0.036781533200,-0.065409686223,0.002221983937,0.284398701927
0.034154280800,-0.066187371194,0.002335622705,0.267765778959
0.031527028400,-0.066763660438,0.002621907014,0.176119405063
0.028899776100,-0.067104108121,0.002542423300,0.117901386593
0.026272523700,-0.067389732367,0.002374200125,0.033039171857
0.023645271300,-0.067375984166,0.002376816287,0.038947667979
0.021018019000,-0.067694602849,0.002423826003,0.120818600981
0.018390766600,-0.068098551317,0.002221735668,0.125421761672
0.015763514200,-0.068426403512,0.002202692970,0.079988034032
0.013136261800,-0.068540344204,0.001986226625,0.061296542253
0.010509009500,-0.068740680610,0.001820565558,0.096940141472
0.007881757100,-0.069047910940,0.001628122973,0.048186318016
0.005254504700,-0.068999022076,0.001502158902,-0.035863543289
0.002627252400,-0.068857564896,0.001403515495,-1.512699108465
0.000000000000,-0.061019076472,0.001082184490,-2.970283236193
