0.391460603250,-0.047710512247,0.000117406291,-0.371393999577
0.388833350880,-0.046724466468,0.000224573566,0.073318678329
0.386206098510,-0.047984456612,0.000558637973,0.266106654822
0.383578846140,-0.048212501607,0.000791994666,-0.017634150189
0.380951593770,-0.047910566158,0.000887074289,0.088994377380
0.378324341400,-0.048734519365,0.000873494983,0.224861919216
0.375697089030,-0.049090942260,0.000812703117,0.134697649956
0.373069836660,-0.049424495861,0.000741096788,0.320835833231
0.370442584290,-0.050742906468,0.000653986846,0.509855840382
0.367815331920,-0.052091347953,0.000683061194,0.241083039984
0.365188079550,-0.051979588486,0.000633868134,0.104715254287
0.362560827170,-0.052704226327,0.000718041477,0.169507943830
0.359933574800,-0.052701401016,0.000787397367,-0.100365761981
0.357306322430,-0.052217809277,0.000841782896,-0.142642863010
0.354679070060,-0.051806885312,0.000933606295,-0.111152503047
0.352051817690,-0.051486874470,0.000913697094,-0.059564796929
0.349424565320,-0.051377116162,0.001085434596,-0.071361359739
0.346797312950,-0.050994515602,0.001239834275,-0.150344108541
0.344170060580,-0.050487535936,0.001157242564,-0.171699147911
0.341542808210,-0.050001081751,0.001144744885,-0.160547779548
0.338915555840,-0.049557006279,0.001166157278,-0.176934387838
0.336288303460,-0.049041767623,0.001146638642,-0.170688816924
0.333661051090,-0.048688607482,0.001107881436,-0.117687636576
0.331033798720,-0.048448068349,0.001077669095,-0.085824969713
0.328406546350,-0.048342381003,0.000967881637,-0.041783622390
0.325779293980,-0.048338301884,0.000934807552,-0.041941799297
0.323152041610,-0.048219777228,0.000974387423,-0.044582647491
0.320524789240,-0.048131374926,0.001062817644,-0.035810224891
0.317897536870,-0.048092095568,0.001102542251,-0.039344214409
0.315270284500,-0.048008505927,0.001169363805,-0.068676262184
0.312643032100,-0.047829584754,0.001198507685,-0.060697358744
0.310015779800,-0.047759122930,0.001297112436,-0.001960043713
0.307388527400,-0.047876251004,0.001299103757,-0.000917104520
0.304761275000,-0.047794875924,0.001266771443,-0.028821533720
0.302134022600,-0.047752979008,0.001291670769,-0.018324998492
0.299506770300,-0.047779599584,0.001395899272,-0.030922785394
0.296879517900,-0.047650429578,0.001483693102,-0.043366122392
0.294252265500,-0.047609212943,0.001491984535,-0.011499927752
0.291625013200,-0.047666923566,0.001452718765,-0.016564178163
0.288997760800,-0.047564239757,0.001569611202,-0.050328606783
0.286370508400,-0.047425516800,0.001602576866,-0.030445926661
0.283743256000,-0.047422840811,0.001709953366,-0.026641812507
0.281116003700,-0.047357975587,0.001911437154,-0.033361153729
0.278488751300,-0.047207088107,0.002092405444,-0.041047431249
0.275861498900,-0.047168351381,0.002260077327,-0.017505252998
0.273234246600,-0.047085842917,0.002433988084,-0.048814475325
0.270606994200,-0.046943493509,0.002663382132,-0.056145971269
0.267979741800,-0.046900308144,0.002878905790,-0.033643098212
0.265352489400,-0.046856201582,0.003076222705,0.005200748280
0.262725237100,-0.046898522728,0.003301763065,0.028027592532
0.260097984700,-0.046967583184,0.003501235368,-0.002263844425
0.257470732300,-0.046863612325,0.003638564284,-0.021192285772
0.254843480000,-0.046798759781,0.003748765476,0.023814690557
0.252216227600,-0.046900925530,0.003921527839,0.065379799042
0.249588975200,-0.047036400112,0.004101028222,0.089014099629
0.246961722900,-0.047336674672,0.004206324355,0.154179405069
0.244334470500,-0.047753540738,0.004311217005,0.217452143866
0.241707218100,-0.048377240283,0.004530341620,0.245283301482
0.239079965700,-0.048964913734,0.004809012957,0.194831989832
0.236452713400,-0.049343684803,0.004983273916,0.156325054518
0.233825461000,-0.049702764037,0.005024106310,0.112806283763
0.231198208600,-0.049935714413,0.005050252078,0.055754688471
0.228570956300,-0.050024145576,0.005147372801,0.035636668984
0.225943703900,-0.050117247473,0.005119517984,0.002526939689
0.223316451500,-0.050033264183,0.005174085181,-0.054439956607
0.220689199100,-0.049893815574,0.005236308571,-0.031785959955
0.218061946800,-0.049946580420,0.005163562327,0.014988725510
0.215434694400,-0.050028799913,0.004938322760,0.030335562702
0.212807442000,-0.050119913794,0.004750936606,0.019937083314
0.210180189700,-0.050167623083,0.004560824414,0.036919595307
0.207552937300,-0.050303006843,0.004415590589,0.095752966314
0.204925684900,-0.050627078659,0.004195970679,0.161509313740
0.202298432500,-0.051076615662,0.003849520681,0.206231794882
0.199671180200,-0.051556409226,0.003564653721,0.217793222363
0.197043927800,-0.052072092604,0.003350381386,0.224045624960
0.194416675400,-0.052537649044,0.003184405437,0.195847846893
0.191789423100,-0.052877619958,0.002977009915,0.176153341471
0.189162170700,-0.053211370870,0.002644909476,0.157584818221
0.186534918300,-0.053446479830,0.002351930661,0.135763891859
0.183907666000,-0.053723190220,0.002107698035,0.148536743739
0.181280413600,-0.054030321132,0.001945930024,0.134420297975
0.178653161200,-0.054208914603,0.001826144360,0.093023090799
0.176025908800,-0.054285021795,0.001521254259,0.076933732221
0.173398656500,-0.054363996999,0.001264609023,0.063526071113
0.170771404100,-0.054369486515,0.001162790989,0.056828727666
0.168144151700,-0.054409789717,0.000871461073,0.037446386696
0.165516899400,-0.054415494092,0.000706775551,0.036015653287
0.162889647000,-0.054421093495,0.000533710291,0.046536570057
0.160262394600,-0.054451098631,0.000403035425,0.047174095232
0.157635142200,-0.054516928912,0.000342266737,0.107321553406
0.155007889900,-0.054868728584,0.000258282870,0.145922915815
0.152380637500,-0.055215920647,0.000070000043,0.115012917725
0.149753385100,-0.055449183554,-0.000025019280,0.057243025602
0.147126132800,-0.055507002268,0.000086370133,-0.012514196333
0.144498880400,-0.055386302071,0.000158452070,0.018152658512
0.141871628000,-0.055568189783,0.000164936311,0.076306986141
0.139244375600,-0.055746684372,0.000297307622,0.074543660944
0.136617123300,-0.055940578547,0.000515531688,0.105989806645
0.133989870900,-0.056316665279,0.000540578018,0.152883695641
0.131362618500,-0.056702314123,0.000697314947,0.153011157297
0.128735366200,-0.056980646497,0.001014527452,0.123348951491
0.126108113800,-0.057310476284,0.001328960608,0.102263241429
0.123480861400,-0.057549790484,0.001745178206,0.101189560897
0.120853609000,-0.057797981727,0.002018245786,0.059593924084
0.118226356700,-0.057853889672,0.002411341305,0.021318102290
0.115599104300,-0.057932544847,0.002820783609,0.038442516276
0.112971851900,-0.058085545882,0.003127706090,0.013758793899
0.110344599600,-0.058019405803,0.003250528239,-0.073365103087
0.107717347200,-0.057691782053,0.003420187703,-0.142401215230
0.105090094800,-0.057303572619,0.003522090054,-0.178012162934
0.102462842500,-0.056814908961,0.003625407036,-0.223788834218
0.099835590100,-0.056197147860,0.003832256071,-0.216970942935
0.097208337700,-0.055731869589,0.004061867409,-0.083065283108
0.094581085300,-0.055789698256,0.004016859722,0.102344296999
0.091953833000,-0.056296926343,0.003906480925,0.217355241308
0.089326580600,-0.056904094036,0.003727452849,0.231236437729
0.086699328200,-0.057426523111,0.003573361329,0.172935026251
0.084072075900,-0.057716047439,0.003510537355,0.126716193967
0.081444823500,-0.057919144478,0.003417694358,0.098081200965
0.078817571100,-0.058078534987,0.003444560767,0.011663744572
0.076190318700,-0.057923501049,0.003535723574,-0.099161569264
0.073563066400,-0.057500517364,0.003588003236,-0.105026888265
0.070935814000,-0.057217139607,0.003766196013,-0.034174280277
0.068308561600,-0.057196694570,0.003981613904,0.022682556137
0.065681309300,-0.057188056194,0.004122755988,0.063605026966
0.063054056900,-0.057373702772,0.004121381176,0.084523408267
0.060426804500,-0.057574196221,0.004374538062,0.071952274419
0.057799552100,-0.057650497344,0.004491795372,0.065782568003
0.055172299800,-0.057845728594,0.004462164396,0.085500041450
0.052545047400,-0.058045348087,0.004769196539,0.073395953336
0.049917795000,-0.058175759899,0.004843872639,0.081761849147
0.047290542700,-0.058355780595,0.004720221675,0.039540412171
0.044663290300,-0.058295096668,0.004706361051,0.043177490878
0.042036037900,-0.058523088284,0.004458774276,0.142897747780
0.039408785500,-0.058940469073,0.004125781002,0.144667624335
0.036781533200,-0.059236784353,0.003938058341,0.148917489624
0.034154280800,-0.059707202948,0.003698152609,0.213307243401
0.031527028400,-0.060297841532,0.003811519926,0.225685157074
0.028899776100,-0.060836105757,0.003941894593,-0.116491016222
0.026272523700,-0.059635192162,0.003774823534,0.128675229090
0.023645271300,-0.061535580374,0.003778965834,0.448846925497
0.021018019000,-0.062066025616,0.003589568338,0.170989081226
0.018390766600,-0.062485388773,0.003460904210,0.107636180673
0.015763514200,-0.062573902228,0.003234495498,0.040736239832
0.013136261800,-0.062648369619,0.003039014126,-0.074919866341
0.010509009500,-0.062244153202,0.002872225465,-0.215456165737
0.007881757100,-0.061632622939,0.002512994453,-0.326518833940
0.005254504700,-0.060683873007,0.001968510977,-0.587606647986
0.002627252400,-0.058633871574,0.001792107184,-1.199277065771
0.000000000000,-0.054436765075,0.001328147028,-1.621363383428
