0.391460603250,0.030496931266,0.000207146656,0.385408479991
0.388833350880,0.029495703728,0.000405805683,0.337344298758
0.386206098510,0.028748411316,0.000453477297,0.255332700620
0.383578846140,0.028196622681,0.000559770633,0.164119111324
0.380951593770,0.027898487857,0.000587058509,-0.136392992495
0.378324341400,0.028918497960,0.000696274990,-0.375059150774
0.375697089030,0.029843741473,0.000602231200,-0.023216485076
0.373069836660,0.029114069732,0.000858092834,0.317611424592
0.370442584290,0.028348049730,0.000665582125,0.173697350213
0.367815331920,0.028262589365,0.000462044600,-0.201987932104
0.365188079550,0.029447239788,0.000316104056,-0.076403755153
0.362560827170,0.028689409162,0.000257775140,-0.052839184489
0.359933574800,0.029670638848,0.000257742744,-0.226944454332
0.357306322430,0.029853846272,0.000248860245,-0.098807413869
0.354679070060,0.030143591904,0.000321212906,-0.098582122949
0.352051817690,0.030317337505,0.000256324625,-0.079071375109
0.349424565320,0.030502377998,0.000353652611,-0.034825379209
0.346797312950,0.030441193106,0.000481588641,-0.016671188133
0.344170060580,0.030623587389,0.000543593666,-0.084783861756
0.341542808210,0.030941811792,0.000778671818,-0.095446808104
0.338915555840,0.031203252720,0.000873122285,-0.105231860135
0.336288303460,0.031511517813,0.000989722222,-0.079439103506
0.333661051090,0.031528220455,0.001255670286,0.017414917950
0.331033798720,0.031601331307,0.001506455269,-0.010581711212
0.328406546350,0.031742643508,0.001771132495,-0.022710815974
0.325779293980,0.031764181520,0.001913485742,-0.011298368387
0.323152041610,0.031816641736,0.001978172567,-0.064101629957
0.320524789240,0.031928762059,0.002156572954,-0.064761881715
0.317897536870,0.032005932310,0.002341036128,-0.060047369380
0.315270284500,0.032162192004,0.002468120087,-0.079626419571
0.312643032100,0.032368438961,0.002556783392,-0.094807268801
0.310015779800,0.032584838297,0.002595094227,-0.086718329381
0.307388527400,0.032765900412,0.002550980290,-0.064417050427
0.304761275000,0.032869843216,0.002520613487,-0.052795848563
0.302134022600,0.032961558322,0.002484680688,-0.028675589333
0.299506770300,0.033088614269,0.002519974139,-0.024698612628
0.296879517900,0.033172028996,0.002464761015,-0.019784681678
0.294252265500,0.033219418636,0.002383075066,-0.031713748502
0.291625013200,0.033355472830,0.002277492494,-0.032014771598
0.288997760800,0.033442612469,0.002187286841,-0.009204431433
0.286370508400,0.033476473772,0.002096671860,0.011487362377
0.283743256000,0.033468903446,0.002093689367,0.032340435266
0.281116003700,0.033374667236,0.002127088206,0.039412351476
0.278488751300,0.033256712219,0.002025091147,0.033689967113
0.275861498900,0.033143674238,0.002002388456,0.050297464197
0.273234246600,0.032900124357,0.002118482369,0.081986009825
0.270606994200,0.032612821835,0.002384178469,0.091264114603
0.267979741800,0.032382849544,0.002561769162,0.033132992885
0.265352489400,0.032407208449,0.002835283497,-0.029206781288
0.262725237100,0.032496674042,0.002962647021,-0.027480868767
0.260097984700,0.032551822423,0.003060478833,0.013890673230
0.257470732300,0.032489036332,0.003055592377,0.010541825176
0.254843480000,0.032606926410,0.003146828729,-0.035648246891
0.252216227600,0.032771804581,0.003208192733,-0.015829745981
0.249588975200,0.032771970143,0.003192661350,0.018408793891
0.246961722900,0.032735109026,0.003142066783,0.015536494982
0.244334470500,0.032815514347,0.003158940092,0.016559442333
0.241707218100,0.032835283095,0.003150710593,0.022489986149
0.239079965700,0.032921077653,0.003133692837,0.021874135153
0.236452713400,0.032989692752,0.003126373310,0.039702031958
0.233825461000,0.032961569816,0.003175515436,0.037416375708
0.231198208600,0.032956545862,0.003140750887,-0.003114746312
0.228570956300,0.033115494824,0.003054239927,-0.012873290735
0.225943703900,0.033180480811,0.003081565194,0.033990700494
0.223316451500,0.033097898637,0.003018349861,0.096019839210
0.220689199100,0.032813284962,0.002975575781,0.161330066365
0.218061946800,0.032367744264,0.002973213813,0.172517983630
0.215434694400,0.031980068436,0.002969216471,0.144900238574
0.212807442000,0.031693039843,0.003083410724,0.120226667643
0.210180189700,0.031441221224,0.003135920672,0.082017825125
0.207552937300,0.031377611896,0.003047413851,0.037457622973
0.204925684900,0.031357714137,0.003091956236,0.043824728323
0.202298432500,0.031238105356,0.003133760977,0.067873203143
0.199671180200,0.031153081600,0.003092295846,0.109783061380
0.197043927800,0.030841606634,0.003122959995,0.151765794296
0.194416675400,0.030485523607,0.003085928723,0.158231423740
0.191789423100,0.030139510006,0.002927617307,0.176523236943
0.189162170700,0.029682596490,0.002768085117,0.180454273947
0.186534918300,0.029331078322,0.002552958970,0.157813734606
0.183907666000,0.029015577461,0.002362369752,0.130125450701
0.181280413600,0.028830311513,0.002049524830,0.099977019646
0.178653161200,0.028684202281,0.001735116902,0.075591665099
0.176025908800,0.028653109169,0.001442911241,0.034044729432
0.173398656500,0.028707230698,0.001240399375,0.000528666571
0.170771404100,0.028776131371,0.000993975348,0.019007434507
0.168144151700,0.028673520553,0.000683464426,0.046227047734
0.165516899400,0.028601587107,0.000471168393,0.029238802994
0.162889647000,0.028553810145,0.000381461677,-0.026199317110
0.160262394600,0.028763049831,0.000228664083,-0.033933883279
0.157635142200,0.028786033347,0.000193886145,0.012659746148
0.155007889900,0.028782532949,0.000305518989,0.010574096897
0.152380637500,0.028769037829,0.000435596635,0.010398410006
0.149753385100,0.028666464691,0.000498991100,0.003516985756
0.147126132800,0.028705272784,0.000520096079,-0.075779455078
0.144498880400,0.029003052616,0.000567884730,-0.106208377133
0.141871628000,0.029165854705,0.000726663342,-0.071150026672
0.139244375600,0.029282398373,0.000789707845,-0.040842105650
0.136617123300,0.029248942029,0.000905155263,0.005262154691
0.133989870900,0.029087704142,0.000896472252,0.019206405714
0.131362618500,0.028997917355,0.000853031670,-0.038519970207
0.128735366200,0.029040676598,0.000949316811,-0.107329384824
0.126108113800,0.029327991495,0.001152191207,-0.161702060147
0.123480861400,0.029718210232,0.001233053309,-0.183654524935
0.120853609000,0.030139740683,0.001250673446,-0.203987147528
0.118226356700,0.030595986995,0.001234510564,-0.191526770528
0.115599104300,0.031039787695,0.000825313986,-0.099711445280
0.112971851900,0.031099355554,0.000481556429,0.049216748213
0.110344599600,0.030782672365,0.000269371704,0.122247766322
0.107717347200,0.030524873875,0.000190302708,0.129414729783
0.105090094800,0.030140804956,0.000177158079,0.172593955867
0.102462842500,0.029694974889,0.000189421474,0.173583405040
0.099835590100,0.029384977457,0.000304912929,0.122563017730
0.097208337700,0.029211148760,0.000415173552,0.087433182234
0.094581085300,0.029073416087,0.000492146484,0.096679665226
0.091953833000,0.028891155535,0.000539141214,0.098858829520
0.089326580600,0.028698982273,0.000546930802,0.120015694746
0.086699328200,0.028394389347,0.000645779796,0.130348903333
0.084072075900,0.028150571824,0.000660102340,0.148011555274
0.081444823500,0.027737737278,0.000662192838,0.197985052044
0.078817571100,0.027220648189,0.000747032669,0.241264108599
0.076190318700,0.026653627442,0.000713412349,0.199573507938
0.073563066400,0.026396187814,0.000571007118,0.079524750752
0.070935814000,0.026423132465,0.000549485855,0.012025298817
0.068308561600,0.026461534180,0.000481696171,-0.004656304390
0.065681309300,0.026592123493,0.000422800646,-0.000399278636
0.063054056900,0.026624474438,0.000455163204,0.126209933988
0.060426804500,0.026060126913,0.000490807591,0.212094549792
0.057799552100,0.025592372754,0.000671423549,0.126601230576
0.055172299800,0.025469993263,0.000862334959,0.026450833630
0.052545047400,0.025524075340,0.001018008419,-0.042845639363
0.049917795000,0.025741243401,0.000909696227,-0.055033654298
0.047290542700,0.025945756788,0.000875663199,-0.020520705056
0.044663290300,0.025952936884,0.000872002090,-0.008692744213
0.042036037900,0.026092263406,0.000875785210,-0.009833570025
0.039408785500,0.026013656858,0.000833953835,0.052843346169
0.036781533200,0.025748851165,0.000798622682,0.097106766407
0.034154280800,0.025398726239,0.000826685943,0.122847839956
0.031527028400,0.025046536973,0.000872249117,0.117947616460
0.028899776100,0.024731256962,0.000940377982,0.124926861771
0.026272523700,0.024347809962,0.000978606727,0.275371802094
0.023645271300,0.023303912301,0.000941950160,0.152090194467
0.021018019000,0.023486982293,0.001003791848,-0.009048887692
0.018390766600,0.023320374333,0.001162512474,0.065931398846
0.015763514200,0.023131572068,0.001262737070,0.071570091798
0.013136261800,0.022962887102,0.001285370335,0.050010902673
0.010509009500,0.022827555410,0.001106834645,0.108299510560
0.007881757100,0.022410303258,0.000732402262,0.110222989579
0.005254504700,0.022324188367,0.000460419606,0.018374828126
0.002627252400,0.022411038946,0.000326812667,0.366322455853
0.000000000000,0.020494113956,0.000691781868,0.745745214576
