0.391460603250,0.020451986669,0.000466846596,-0.138627557949
0.388833350880,0.020864828570,0.000830521140,-0.830530292996
0.386206098510,0.024819231805,0.000740249901,-0.624453776878
0.383578846140,0.024149452819,0.000941916394,0.570904387426
0.380951593770,0.022195340565,0.001238333078,-0.112008783755
0.378324341400,0.024908665733,0.001302851832,-0.505534235073
0.375697089030,0.024967292408,0.001404465126,0.000860761750
0.373069836660,0.024976366485,0.001446625448,0.265837634582
0.370442584290,0.023583619875,0.001451378962,0.166069799202
0.367815331920,0.024058091086,0.001502315450,0.013264510471
0.365188079550,0.023535696159,0.001549147811,-0.172026094942
0.362560827170,0.025012651043,0.001599084842,-0.242499764361
0.359933574800,0.024877363989,0.001705488920,0.089104107316
0.357306322430,0.024601048421,0.001826306385,0.084509739470
0.354679070060,0.024478566091,0.001846091407,0.006646211047
0.352051817690,0.024540252929,0.001763450252,-0.008333336430
0.349424565320,0.024269668934,0.002000348586,0.050435501715
0.346797312950,0.024352886587,0.002034115077,-0.037557723744
0.344170060580,0.024510181394,0.002058740115,-0.081296273537
0.341542808210,0.024796656309,0.001966228873,-0.114404202234
0.338915555840,0.025136749344,0.001938221134,-0.123545949527
0.336288303460,0.025516006760,0.001843497247,-0.147148422659
0.333661051090,0.025903982964,0.001767320418,-0.099296155609
0.331033798720,0.026037941464,0.001707134312,-0.064040957318
0.328406546350,0.026225226563,0.001683413802,-0.085955505564
0.325779293980,0.026463876530,0.001696926782,-0.100937155136
0.323152041610,0.026675174485,0.001770822051,-0.091798393863
0.320524789240,0.026834028003,0.001883078564,-0.073694317089
0.317897536870,0.026889266963,0.001990238560,-0.038406681719
0.315270284500,0.026883674209,0.001978127111,-0.032576625846
0.312643032100,0.026934196503,0.002067294306,-0.040475495824
0.310015779800,0.026995910188,0.002130795312,-0.021512987813
0.307388527400,0.026999274842,0.002025975308,-0.027414319694
0.304761275000,0.027056145789,0.001982476956,-0.027466264355
0.302134022600,0.027086507811,0.001949439539,-0.043904609691
0.299506770300,0.027251596315,0.001702472669,-0.055001841229
0.296879517900,0.027287590416,0.001525123215,-0.015502615298
0.294252265500,0.027262445428,0.001412341419,-0.003352947009
0.291625013200,0.027264860007,0.001359705086,-0.015412576131
0.288997760800,0.027229125767,0.001214189247,0.016170545658
0.286370508400,0.027194218392,0.001102867836,0.010008270517
0.283743256000,0.027125349091,0.001034285869,0.008412118591
0.281116003700,0.027088996638,0.000962582267,-0.002603749169
0.278488751300,0.027101648729,0.000959989859,-0.001484541788
0.275861498900,0.027071852723,0.001105693645,-0.008523873842
0.273234246600,0.027094989886,0.001326142284,-0.019096022167
0.270606994200,0.027095462886,0.001541542565,-0.030640006995
0.267979741800,0.027189096150,0.001711237308,-0.015698562723
0.265352489400,0.027091923537,0.001968218482,0.017914473742
0.262725237100,0.026982713913,0.002287014819,0.018374204090
0.260097984700,0.026903651274,0.002462210644,-0.004669824346
0.257470732300,0.026880639452,0.002547023164,-0.024619780205
0.254843480000,0.026849172581,0.002642828929,-0.029631134074
0.252216227600,0.026893824448,0.002737795700,-0.073634119811
0.249588975200,0.027075860935,0.002885661003,-0.084625239022
0.246961722900,0.027208865086,0.002937787612,-0.066869757803
0.244334470500,0.027276593528,0.003092506326,-0.081316017694
0.241707218100,0.027467273000,0.003342566125,-0.083532260865
0.239079965700,0.027554151774,0.003453117488,-0.077113455930
0.236452713400,0.027732196324,0.003589157731,-0.098915806286
0.233825461000,0.027941520317,0.003746393000,-0.081035879950
0.231198208600,0.028089485197,0.003919964503,-0.030484550719
0.228570956300,0.028075737994,0.004023182133,0.026312676618
0.225943703900,0.027964963806,0.004031319559,0.060833131941
0.223316451500,0.027710870532,0.004169833586,0.081842235241
0.220689199100,0.027463296003,0.004286259675,0.113343745170
0.218061946800,0.027138715699,0.004354754577,0.127207508147
0.215434694400,0.026834840402,0.004380529658,0.118430285573
0.212807442000,0.026565360539,0.004503347910,0.110295802912
0.210180189700,0.026387192947,0.004489423322,0.069454419312
0.207552937300,0.026285949986,0.004471982728,0.041166565402
0.204925684900,0.026184266778,0.004565359148,0.044450539917
0.202298432500,0.026111140569,0.004737949001,0.062587686234
0.199671180200,0.026021123396,0.004815067015,0.061998754127
0.197043927800,0.025953016060,0.004788735893,0.071768264917
0.194416675400,0.025838576118,0.004757193554,0.086978888172
0.191789423100,0.025676749161,0.004682017120,0.121999658400
0.189162170700,0.025433572551,0.004429453401,0.178522995430
0.186534918300,0.025076215932,0.004068491213,0.199262770319
0.183907666000,0.024857585308,0.003627005371,0.145198150523
0.181280413600,0.024746173621,0.003365896878,0.082159955053
0.178653161200,0.024761917710,0.003150630385,0.058578693284
0.176025908800,0.024720640820,0.002930131361,0.040487855707
0.173398656500,0.024797496999,0.002861316989,0.008018490381
0.170771404100,0.024988734809,0.002860071635,0.033627247407
0.168144151700,0.024913076124,0.002773070920,0.101214187365
0.165516899400,0.024667934697,0.002642561662,0.120551646945
0.162889647000,0.024475959495,0.002593881958,0.161451140788
0.160262394600,0.024095151759,0.002685576307,0.210998070332
0.157635142200,0.023607444892,0.002622142635,0.178112637837
0.155007889900,0.023375782601,0.002604985991,0.151791836752
0.152380637500,0.023061771444,0.002569670573,0.170382555408
0.149753385100,0.022681410613,0.002286888891,0.147371787795
0.147126132800,0.022508172201,0.002244860316,0.137571751863
0.144498880400,0.022257727893,0.002189759939,0.156170924754
0.141871628000,0.021965422803,0.002012382380,0.140836414848
0.139244375600,0.021815919994,0.001821304678,0.119029993599
0.136617123300,0.021688144915,0.001582339302,0.145959703499
0.133989870900,0.021427701822,0.001302861032,0.165586246067
0.131362618500,0.021162347273,0.001148499387,0.165476971765
0.128735366200,0.020916109580,0.001074041651,0.136289316692
0.126108113800,0.020780238648,0.000864917534,0.068973381169
0.123480861400,0.020853097783,0.000612631600,-0.013534797711
0.120853609000,0.021068155361,0.000577654285,0.020058208378
0.118226356700,0.021032251826,0.000461750999,0.154434376553
0.115599104300,0.020634887285,0.000490122982,0.231539601958
0.112971851900,0.020039654814,0.000495470731,0.241501710401
0.110344599600,0.019555599220,0.000552682226,0.179843614105
0.107717347200,0.019245182902,0.000713664182,0.149937217561
0.105090094800,0.018947743943,0.000877856838,0.153446703027
0.102462842500,0.018606734913,0.000935645607,0.116164490709
0.099835590100,0.018466761876,0.001059503188,0.044593836577
0.097208337700,0.018399366741,0.001306543935,0.002432066313
0.094581085300,0.018431029433,0.001476137735,-0.005218876759
0.091953833000,0.018378295296,0.001735844124,0.012254639094
0.089326580600,0.018351312181,0.001832667506,-0.036610091780
0.086699328200,0.018630018128,0.001938744657,-0.030881893790
0.084072075900,0.018697202137,0.001950002435,0.030992418154
0.081444823500,0.018653504279,0.002049052980,0.037880620018
0.078817571100,0.018639939379,0.002188935765,0.032462400247
0.076190318700,0.018630507970,0.002233010575,0.037854169653
0.073563066400,0.018632495780,0.002269105244,0.074752890507
0.070935814000,0.018474587787,0.002344705463,0.116504642979
0.068308561600,0.018215606807,0.002261429577,0.101184715514
0.065681309300,0.018107738840,0.002045112680,0.037175149297
0.063054056900,0.018150198267,0.002063165126,0.029548683529
0.060426804500,0.018006895095,0.002029221127,0.034046883897
0.057799552100,0.018046402510,0.002129890924,-0.005380346388
0.055172299800,0.018100898307,0.002174683675,-0.007755400055
0.052545047400,0.018032018006,0.002161469172,0.012889680346
0.049917795000,0.017970446959,0.002249822065,-0.012055069700
0.047290542700,0.017983038256,0.002294170987,0.002991961661
0.044663290300,0.017847076621,0.002163653086,0.052909223175
0.042036037900,0.017626694892,0.002132459876,0.088780347207
0.039408785500,0.017348978668,0.002145844232,0.110095129729
0.036781533200,0.016969436578,0.002090067378,0.118013275133
0.034154280800,0.016596749095,0.001964563424,0.143097249724
0.031527028400,0.016123093778,0.001841377887,0.232842387280
0.028899776100,0.015317748632,0.001685062440,0.208185329206
0.026272523700,0.014879545877,0.001551377555,0.137856126989
0.023645271300,0.014462880439,0.001312344848,0.078218889018
0.021018019000,0.014422892673,0.001349279482,-0.044925293585
0.018390766600,0.014605539041,0.001523048486,-0.164610921041
0.015763514200,0.015039666686,0.001402527953,-0.213491449563
0.013136261800,0.015467103109,0.001366382631,-0.218384974370
0.010509009500,0.015982577850,0.001289474279,-0.171645765803
0.007881757100,0.016283855292,0.001320096995,-0.111378780394
0.005254504700,0.016553128952,0.001262352472,-0.052097470808
0.002627252400,0.016519640462,0.000830562780,0.421568114590
0.000000000000,0.014251330814,0.000418862725,0.849785408314
