0.391460603250,0.027024749543,0.000658682106,-0.667199263439
0.388833350880,0.028808232217,0.000871191353,-0.203892862308
0.386206098510,0.028486420995,0.000806875726,0.175303821899
0.383578846140,0.027878152979,0.000756037847,0.276816829632
0.380951593770,0.027109370584,0.000981109114,0.102382638307
0.378324341400,0.027363718874,0.001205243941,-0.087571285718
0.375697089030,0.027577190083,0.001431177700,-0.441266103865
0.373069836660,0.029702948248,0.001474642819,-0.650984591297
0.370442584290,0.030954156315,0.001477910678,-0.229257453760
0.367815331920,0.030864084193,0.001557114589,-0.015127906111
0.365188079550,0.030982218504,0.001586985151,0.007511313316
0.362560827170,0.030742169922,0.001694114040,0.117594320132
0.359933574800,0.030591023864,0.001752931826,0.066447584679
0.357306322430,0.030430183338,0.001865642272,0.108946282228
0.354679070060,0.030114221636,0.001896138224,0.119339345635
0.352051817690,0.029992033004,0.001889241056,0.044819843648
0.349424565320,0.029965278805,0.001964098281,0.028690148602
0.346797312950,0.029951959809,0.001990327125,-0.025984807424
0.344170060580,0.030135706299,0.002016954321,-0.068065734764
0.341542808210,0.030424575567,0.002049118670,-0.075412561230
0.338915555840,0.030695792750,0.002025373341,-0.098007967051
0.336288303460,0.031062851506,0.001958288365,-0.127887788371
0.333661051090,0.031353748193,0.001902596738,-0.117363158681
0.331033798720,0.031649930202,0.001810088955,-0.098690765467
0.328406546350,0.031844198061,0.001745945682,-0.070227347713
0.325779293980,0.032013696432,0.001739389860,-0.074359194359
0.323152041610,0.032221036098,0.001749153800,-0.070064070100
0.320524789240,0.032283773578,0.001884490928,-0.040631571589
0.317897536870,0.032381318350,0.001999621558,-0.027653180777
0.315270284500,0.032483393884,0.002158500396,-0.015681306713
0.312643032100,0.032488878545,0.002162141664,0.019324429202
0.310015779800,0.032465811126,0.002123509923,-0.000124982076
0.307388527400,0.032499654634,0.002078935982,-0.033221234583
0.304761275000,0.032521685473,0.002013368412,-0.017055553455
0.302134022600,0.032552655093,0.001879598691,-0.005647633513
0.299506770300,0.032553010396,0.001667045156,-0.022916934444
0.296879517900,0.032582924293,0.001579118140,-0.035159435436
0.294252265500,0.032701790454,0.001514623822,-0.039420901711
0.291625013200,0.032779032600,0.001388597795,-0.007386504365
0.288997760800,0.032721739402,0.001236455218,0.003859978430
0.286370508400,0.032729323988,0.001031858883,0.005156292483
0.283743256000,0.032693202170,0.000911662653,0.014784035438
0.281116003700,0.032623968578,0.000940582083,-0.002786088713
0.278488751300,0.032637809114,0.001083683550,-0.006309881278
0.275861498900,0.032577569473,0.001123772480,0.005707702718
0.273234246600,0.032543186468,0.001238503946,-0.008600844673
0.270606994200,0.032573863913,0.001512440152,-0.014493823854
0.267979741800,0.032508474471,0.001844427878,-0.003309356184
0.265352489400,0.032488134678,0.002047545493,-0.006162335670
0.262725237100,0.032429114078,0.002335876201,-0.011881724422
0.260097984700,0.032417478975,0.002465636359,-0.036480780957
0.257470732300,0.032466057330,0.002520965362,-0.020153930379
0.254843480000,0.032415206115,0.002635978226,-0.015226971292
0.252216227600,0.032453945528,0.002672248539,-0.059328956099
0.249588975200,0.032552803188,0.002863478851,-0.069644518015
0.246961722900,0.032660130934,0.002970351486,-0.071017387755
0.244334470500,0.032809832180,0.003112957433,-0.092261027758
0.241707218100,0.033015655464,0.003292965770,-0.081517709895
0.239079965700,0.033114302122,0.003359616026,-0.048788154362
0.236452713400,0.033175800946,0.003537767170,-0.061704429541
0.233825461000,0.033361718997,0.003732842792,-0.090681844218
0.231198208600,0.033558572321,0.003864250128,-0.072776223982
0.228570956300,0.033670101874,0.003906201245,-0.016454562901
0.225943703900,0.033636254862,0.003976411829,0.034240796522
0.223316451500,0.033435939771,0.004126974487,0.116335055871
0.220689199100,0.033003930314,0.004190445279,0.150697451287
0.218061946800,0.032562327999,0.004171061353,0.139616219237
0.215434694400,0.032244688277,0.004223341455,0.101621899310
0.212807442000,0.032057988901,0.004308413280,0.068344911699
0.210180189700,0.031911087195,0.004354290698,0.045089441019
0.207552937300,0.031876030708,0.004402616150,0.033171022369
0.204925684900,0.031799985791,0.004471793171,0.044462540474
0.202298432500,0.031661330832,0.004545558449,0.084891162479
0.199671180200,0.031488030257,0.004628363967,0.094739511035
0.197043927800,0.031352338368,0.004640147426,0.072341909577
0.194416675400,0.031281040345,0.004559436234,0.079574314639
0.191789423100,0.031112445440,0.004371923345,0.128676081183
0.189162170700,0.030798820459,0.004134856230,0.189905103520
0.186534918300,0.030415982261,0.003782704051,0.182698472359
0.183907666000,0.030219713145,0.003361836897,0.109596972588
0.181280413600,0.030182517354,0.003166359157,0.047398170792
0.178653161200,0.030185929151,0.002938607978,0.038505295475
0.176025908800,0.030210276075,0.002709316786,0.037827329227
0.173398656500,0.030323374268,0.002478469741,0.027069699085
0.170771404100,0.030536818079,0.002402098838,0.052598838061
0.168144151700,0.030497868134,0.002386648672,0.145177010694
0.165516899400,0.030172279324,0.002385532741,0.187570037305
0.162889647000,0.029836420822,0.002424654409,0.181134828097
0.160262394600,0.029511061187,0.002410863706,0.162141813201
0.157635142200,0.029235774237,0.002425477803,0.162060736111
0.155007889900,0.028951814371,0.002361727428,0.170828357338
0.152380637500,0.028622908857,0.002233699483,0.186227260895
0.149753385100,0.028217116431,0.002123857167,0.183141356801
0.147126132800,0.027930395122,0.002040013783,0.149886679442
0.144498880400,0.027684134810,0.001957047804,0.156839905053
0.141871628000,0.027430812599,0.001780666322,0.158310221937
0.139244375600,0.027203764792,0.001498994694,0.127031839449
0.136617123300,0.027082847136,0.001303710762,0.119981973388
0.133989870900,0.026931237126,0.001118316492,0.147679977007
0.131362618500,0.026719768200,0.000839227518,0.190652062051
0.128735366200,0.026340143117,0.000709776516,0.157618758953
0.126108113800,0.026269246100,0.000672706294,0.074885334523
0.123480861400,0.026320812210,0.000453321258,0.022981113698
0.120853609000,0.026506763007,0.000309951174,0.024903994822
0.118226356700,0.026550220223,0.000263223931,0.115134640437
0.115599104300,0.026312439474,0.000207217396,0.234583721295
0.112971851900,0.025689364243,0.000319770531,0.286502272499
0.110344599600,0.025089026900,0.000425234932,0.186966360227
0.107717347200,0.024821959342,0.000385071263,0.127646391780
0.105090094800,0.024453134757,0.000525205551,0.184581437677
0.102462842500,0.023959328231,0.000723913835,0.145670394107
0.099835590100,0.023817774231,0.000877415141,0.044659724646
0.097208337700,0.023806928124,0.001117096208,0.031060388312
0.094581085300,0.023862656884,0.001352884319,0.025218158906
0.091953833000,0.023874575340,0.001551657333,0.035448953113
0.089326580600,0.023883284042,0.001535152326,0.010436704496
0.086699328200,0.024006934872,0.001453029774,-0.017486580785
0.084072075900,0.024181630340,0.001561824549,0.024700942613
0.081444823500,0.024089617648,0.001664148616,0.057726001981
0.078817571100,0.024101181551,0.001800433248,0.034016754069
0.076190318700,0.024134715613,0.001968261691,0.050243261640
0.073563066400,0.024054073656,0.002071767935,0.083049288576
0.070935814000,0.023906261792,0.002001259305,0.099609988522
0.068308561600,0.023790505183,0.002080692555,0.068311412629
0.065681309300,0.023718253703,0.002028198233,0.029341610847
0.063054056900,0.023713777232,0.001941805330,0.015029779445
0.060426804500,0.023661796984,0.001897433406,0.048813252029
0.057799552100,0.023535428905,0.001889472135,0.033619441394
0.055172299800,0.023583907771,0.001807077463,0.025927213375
0.052545047400,0.023448406443,0.002005937174,0.020312303363
0.049917795000,0.023492227660,0.002231341684,-0.035849457181
0.047290542700,0.023637230054,0.002112116503,-0.032190542767
0.044663290300,0.023647829257,0.002086836126,0.051687069974
0.042036037900,0.023300265157,0.001978278989,0.124051362303
0.039408785500,0.022905291899,0.001862737868,0.131002538832
0.036781533200,0.022425447062,0.001798384026,0.165227085673
0.034154280800,0.021827785187,0.001719241605,0.171788045766
0.031527028400,0.021422967002,0.001513792435,0.133786483711
0.028899776100,0.020990571016,0.001580114952,0.140169004038
0.026272523700,0.020589799770,0.001497249088,0.152619984228
0.023645271300,0.020139086095,0.001276298202,0.077583368239
0.021018019000,0.020130994012,0.001225425668,-0.063742327313
0.018390766600,0.020410011683,0.001316819608,-0.155406000184
0.015763514200,0.020841091279,0.001381279968,-0.213521095242
0.013136261800,0.021426129657,0.001465762541,-0.200240008061
0.010509009500,0.021809610024,0.001315059957,-0.138136396373
0.007881757100,0.022149603414,0.001158343651,-0.112837456606
0.005254504700,0.022386188163,0.001009554939,-0.030870984445
0.002627252400,0.022303727001,0.000696695104,0.235375187565
0.000000000000,0.021180915707,0.000145574468,0.424145335922
