0.391460603250,0.020410676512,0.000308434363,-0.106092830376
0.388833350880,0.020661006445,0.000026077549,-0.173388823729
0.386206098510,0.021259196431,-0.000116385483,0.056054067587
0.383578846140,0.020307266530,-0.000439277258,0.443392864324
0.380951593770,0.018916393003,-0.000688480995,0.507872938070
0.378324341400,0.017791848976,-0.000615138506,0.285223480209
0.375697089030,0.017378384331,-0.000563651253,-0.156170733288
0.373069836660,0.018550024716,-0.000371498932,-0.053468918104
0.370442584290,0.017399947689,-0.000303520466,0.056102639336
0.367815331920,0.018174733150,-0.000246433458,-0.210601607533
0.365188079550,0.018425443368,0.000025952077,-0.095435625370
0.362560827170,0.018589053485,0.000122852481,-0.013093743526
0.359933574800,0.018401045303,0.000284416071,-0.014402065102
0.357306322430,0.018557496435,0.000343829626,-0.141978916490
0.354679070060,0.019038412282,0.000535114380,-0.170196426531
0.352051817690,0.019329247345,0.000737614781,-0.074892185542
0.349424565320,0.019387871946,0.000809340223,-0.101762275902
0.346797312950,0.019646145711,0.000855145008,-0.147703946589
0.344170060580,0.019913188546,0.000977485109,-0.156062669931
0.341542808210,0.020327877163,0.001125163982,-0.208518680032
0.338915555840,0.020948689515,0.001263324828,-0.264244685923
0.336288303460,0.021583950917,0.001310473834,-0.245287187798
0.333661051090,0.022068071615,0.001340287984,-0.177484797984
0.331033798720,0.022464961671,0.001450152342,-0.166235454727
0.328406546350,0.022843923299,0.001542369650,-0.114968418997
0.325779293980,0.023013029327,0.001561553170,-0.088275353529
0.323152041610,0.023234532806,0.001669016827,-0.099625137467
0.320524789240,0.023537594750,0.001818454208,-0.059987956187
0.317897536870,0.023572885099,0.001805679493,-0.018693232500
0.315270284500,0.023709902538,0.001781040914,-0.043292545604
0.312643032100,0.023872645834,0.001791480217,-0.041279492206
0.310015779800,0.023934804544,0.001792424583,-0.008938443752
0.307388527400,0.023883539291,0.001799605765,0.015945768742
0.304761275000,0.023839263812,0.001926997392,0.007264544572
0.302134022600,0.023812627607,0.001970136285,0.004878692172
0.299506770300,0.023716209964,0.001869815191,0.019350906051
0.296879517900,0.023596137964,0.001799032468,0.047494784588
0.294252265500,0.023405340274,0.001845301016,0.066406495059
0.291625013200,0.023195106737,0.001967054718,0.058635539794
0.288997760800,0.023074931642,0.002093896947,0.024970109305
0.286370508400,0.023002523251,0.002312913748,0.008117403497
0.283743256000,0.022960161131,0.002523772314,0.024343698385
0.281116003700,0.022847698586,0.002690250192,-0.005931358087
0.278488751300,0.022954111843,0.002766841932,-0.033310080582
0.275861498900,0.022958126738,0.002840288559,0.011881938861
0.273234246600,0.022949498457,0.002827884487,-0.006369464055
0.270606994200,0.023049672870,0.002967324833,-0.016421921026
0.267979741800,0.023111842384,0.002984569761,-0.022436023605
0.265352489400,0.023196527141,0.002940661625,-0.023029661225
0.262725237100,0.023320495679,0.002902723967,-0.019543923072
0.260097984700,0.023456078953,0.002897869595,-0.014974911936
0.257470732300,0.023495813348,0.002822852122,0.019814489891
0.254843480000,0.023478765298,0.002658276554,0.017299762792
0.252216227600,0.023596334036,0.002427317653,0.010450044862
0.249588975200,0.023696341292,0.002205212697,0.005617508833
0.246961722900,0.023810008869,0.002019112732,0.011698449410
0.244334470500,0.023881752231,0.001845045814,0.023300525402
0.241707218100,0.023918923650,0.001792696808,0.044982413233
0.239079965700,0.023868375110,0.001734927764,0.102778068058
0.236452713400,0.023603749525,0.001802525384,0.164537370900
0.233825461000,0.023226953757,0.002033184513,0.194823170656
0.231198208600,0.022779338440,0.002167624009,0.229731227238
0.228570956300,0.022256936964,0.002334740003,0.223054285843
0.225943703900,0.021871671301,0.002567240604,0.167844501384
0.223316451500,0.021618213170,0.002893748269,0.132014899205
0.220689199100,0.021378277119,0.003069409632,0.089089906860
0.218061946800,0.021303363215,0.003263527419,0.057442360162
0.215434694400,0.021273871417,0.003411433838,0.066969609269
0.212807442000,0.021128995067,0.003544345764,0.131716804630
0.210180189700,0.020731893193,0.003505851313,0.187496789489
0.207552937300,0.020278550909,0.003374781019,0.182864997092
0.204925684900,0.019917757912,0.003214509004,0.177010220313
0.202298432500,0.019438911292,0.003015834147,0.195532833253
0.199671180200,0.018912938683,0.002761127807,0.211740977577
0.197043927800,0.018405706101,0.002609112682,0.218895372645
0.194416675400,0.017854298152,0.002330809127,0.201907378519
0.191789423100,0.017344495297,0.002075940449,0.167465931726
0.189162170700,0.016940266756,0.001711723912,0.175694158982
0.186534918300,0.016423705432,0.001205738650,0.146124338564
0.183907666000,0.016123228410,0.000785960810,0.026130235349
0.181280413600,0.016101502884,0.000647746786,-0.089386894847
0.178653161200,0.016278939003,0.000564205187,-0.187903824164
0.176025908800,0.016725921018,0.000474842632,-0.259690169424
0.173398656500,0.017265953355,0.000593948422,-0.275757320853
0.170771404100,0.017756210975,0.000639371106,-0.262313646929
0.168144151700,0.018213633143,0.000517071617,-0.245299283831
0.165516899400,0.018610521377,0.000428381523,-0.214200491720
0.162889647000,0.018888435759,0.000501018097,-0.183779044896
0.160262394600,0.019112665252,0.000586221625,-0.151867631716
0.157635142200,0.019319520855,0.000597556699,-0.125297969855
0.155007889900,0.019483805175,0.000724164495,-0.096723476744
0.152380637500,0.019582981597,0.000897836732,-0.087800660548
0.149753385100,0.019733846466,0.001097871451,-0.074143938275
0.147126132800,0.019813912400,0.001265568525,-0.076520303217
0.144498880400,0.020011275939,0.001441827720,-0.115137388798
0.141871628000,0.020278801239,0.001644169945,-0.095039034076
0.139244375600,0.020373799816,0.001711150816,-0.070535933027
0.136617123300,0.020506388726,0.001769138691,-0.113995654399
0.133989870900,0.020854500396,0.001855050505,-0.135984803310
0.131362618500,0.021102152532,0.001781104731,-0.096068074741
0.128735366200,0.021138304473,0.001733987360,-0.040539967073
0.126108113800,0.021146997350,0.001584429403,-0.009965098679
0.123480861400,0.021114892724,0.001442801270,0.009368350683
0.120853609000,0.021019813887,0.001432037581,0.039862273822
0.118226356700,0.020919634964,0.001376457330,0.092664157741
0.115599104300,0.020602724134,0.001184749940,0.162502689753
0.112971851900,0.020114715650,0.001068434934,0.181832058084
0.110344599600,0.019738389271,0.001006665451,0.152377324340
0.107717347200,0.019409213401,0.000791879591,0.135437146759
0.105090094800,0.019117766316,0.000886079515,0.076565381158
0.102462842500,0.019172911859,0.000927233893,-0.029640829657
0.099835590100,0.019493827279,0.000994122142,-0.052074619289
0.097208337700,0.019687167843,0.000863965220,0.045220808067
0.094581085300,0.019479675188,0.000832727187,0.139980903376
0.091953833000,0.019199687244,0.000858289191,0.151581561077
0.089326580600,0.018919215075,0.000755332362,0.158049524656
0.086699328200,0.018593737283,0.000556820821,0.120660313426
0.084072075900,0.018458542699,0.000555692765,0.078731880148
0.081444823500,0.018327781115,0.000582274364,0.118262689482
0.078817571100,0.017942122428,0.000559871671,0.176983966356
0.076190318700,0.017545497437,0.000512336208,0.186652576583
0.073563066400,0.017028218242,0.000455155180,0.193737678437
0.070935814000,0.016574152971,0.000369032035,0.168780149765
0.068308561600,0.016237598636,0.000423269419,0.114070044924
0.065681309300,0.016066598215,0.000612443220,-0.001534955006
0.063054056900,0.016301076536,0.000568230777,-0.091745070540
0.060426804500,0.016647352396,0.000600032591,-0.107912927425
0.057799552100,0.017032001993,0.000783431352,-0.086825188057
0.055172299800,0.017366686765,0.000946839106,-0.065537538419
0.052545047400,0.017577505460,0.001053409697,-0.002121935637
0.049917795000,0.017586029785,0.001188200016,0.058830182742
0.047290542700,0.017420645867,0.001351348935,0.118484784473
0.044663290300,0.017058708186,0.001204612390,0.202502015442
0.042036037900,0.016384346565,0.001092827320,0.239681937650
0.039408785500,0.015856461499,0.000892846752,0.190863963517
0.036781533200,0.015442661806,0.000847961164,0.176126647707
0.034154280800,0.015032825732,0.000819023702,0.178370884549
0.031527028400,0.014614619691,0.000869252605,0.183271843407
0.028899776100,0.014149778156,0.001052479101,0.183782447571
0.026272523700,0.013717608757,0.001018458931,0.359364775218
0.023645271300,0.012287477941,0.000898037547,0.315999246721
0.021018019000,0.012093678486,0.000841528711,0.042971772645
0.018390766600,0.012135015769,0.000963347530,0.057031140691
0.015763514200,0.011863756438,0.000992072385,0.132989450137
0.013136261800,0.011459615015,0.000986253275,0.128638222106
0.010509009500,0.011233819187,0.000806010822,0.084251458676
0.007881757100,0.011037960543,0.000585899731,0.013307897382
0.005254504700,0.011220368185,0.000473108219,-0.116831956246
0.002627252400,0.011703878563,0.000386961798,-0.089188050092
0.000000000000,0.011720194514,0.000422796659,-0.017767592646
