0.391460603250,-0.033274430768,0.000296382766,1.522315422932
0.388833350880,-0.037307754272,-0.000141782220,0.714213853482
0.386206098510,-0.037055834880,-0.000181779713,0.106414433329
0.383578846140,-0.037613409331,0.000191440214,0.092043320059
0.380951593770,-0.037651360547,0.000137517975,0.029478378381
0.378324341400,-0.037717840525,0.000131607825,0.070423988687
0.375697089030,-0.038040324346,0.000147129084,0.026615803569
0.373069836660,-0.037830999520,-0.000037930163,0.018306915303
0.370442584290,-0.037963414794,-0.000070327671,0.239743475148
0.367815331920,-0.038998217594,-0.000021306763,0.230819405073
0.365188079550,-0.039166356293,-0.000047077890,0.049755797760
0.362560827170,-0.039236512752,-0.000059878426,0.026882655361
0.359933574800,-0.039302160876,-0.000098196661,0.048459172677
0.357306322430,-0.039470378378,-0.000084018124,0.019140283682
0.354679070060,-0.039337863909,-0.000172157018,-0.064872327890
0.352051817690,-0.039158386977,-0.000262112864,-0.039140158667
0.349424565320,-0.039094410730,-0.000103830673,-0.055093909601
0.346797312950,-0.038828179939,-0.000015318336,-0.083083185849
0.344170060580,-0.038596262589,0.000018233054,-0.054655602325
0.341542808210,-0.038442321177,0.000090240793,-0.058495120519
0.338915555840,-0.038254587096,0.000247386787,-0.090679276484
0.336288303460,-0.038000290215,0.000458372136,-0.091842034342
0.333661051090,-0.037813187931,0.000672167672,-0.040636418535
0.331033798720,-0.037722656637,0.000939995439,-0.008655814044
0.328406546350,-0.037737166458,0.001129588335,0.017195959859
0.325779293980,-0.037792459907,0.001362422850,0.006386105689
0.323152041610,-0.037752947720,0.001649332321,-0.018435028781
0.320524789240,-0.037743436484,0.001911193571,-0.021071186057
0.317897536870,-0.037637947904,0.002225726948,-0.037783774321
0.315270284500,-0.037618828013,0.002346055364,-0.037969819897
0.312643032100,-0.037529102816,0.002403963980,-0.081739464254
0.310015779800,-0.037266208987,0.002451143619,-0.075589925262
0.307388527400,-0.037161185999,0.002626686275,-0.049234498769
0.304761275000,-0.037052314271,0.002820311873,-0.072692442558
0.302134022600,-0.036827378256,0.002805229488,-0.078162736939
0.299506770300,-0.036644818731,0.002673735252,-0.033294121188
0.296879517900,-0.036585199492,0.002712260132,-0.007628591209
0.294252265500,-0.036525360226,0.002692402711,-0.020332166124
0.291625013200,-0.036478104399,0.002500259432,-0.021316154514
0.288997760800,-0.036381155466,0.002455329828,-0.011976938249
0.286370508400,-0.036352988568,0.002407746090,-0.010980241273
0.283743256000,-0.036284656839,0.002345737025,-0.000946294850
0.281116003700,-0.036290109960,0.002310251708,0.009302738895
0.278488751300,-0.036311637850,0.002185695268,0.029707763487
0.275861498900,-0.036421969708,0.002171321125,0.067003068927
0.273234246600,-0.036699133520,0.002165983195,0.100907951252
0.270606994200,-0.036948822888,0.002189505572,0.057788109868
0.267979741800,-0.037063747269,0.002358273127,0.017507089184
0.265352489400,-0.037113922378,0.002684816401,0.026212326562
0.262725237100,-0.037249061670,0.003026391043,0.039715588870
0.260097984700,-0.037324396466,0.003183972167,-0.008945213722
0.257470732300,-0.037253130583,0.003262424043,-0.032823170321
0.254843480000,-0.037146367072,0.003382190224,-0.025144588550
0.252216227600,-0.037102101366,0.003372730925,-0.018020843432
0.249588975200,-0.037019452659,0.003474701436,-0.018492055229
0.246961722900,-0.036925577141,0.003510876184,0.006836357811
0.244334470500,-0.036925579901,0.003520141941,0.029414477044
0.241707218100,-0.036946790508,0.003556522359,0.021796939514
0.239079965700,-0.036885321877,0.003541738234,0.012972163581
0.236452713400,-0.036869055848,0.003479712351,0.019540450232
0.233825461000,-0.036827495720,0.003533076055,0.019618144669
0.231198208600,-0.036797430645,0.003519675963,0.158822300034
0.228570956300,-0.037513201210,0.003557965184,-0.004304984377
0.225943703900,-0.036692543758,0.003516262592,-0.139438594819
0.223316451500,-0.036622289105,0.003467360115,0.032467098958
0.220689199100,-0.036728423391,0.003425756373,0.096057350679
0.218061946800,-0.037009068258,0.003467790413,0.145667513620
0.215434694400,-0.037390645026,0.003516433968,0.163929017494
0.212807442000,-0.037800955928,0.003395835770,0.156027950958
0.210180189700,-0.038198586401,0.003319213979,0.140396126935
0.207552937300,-0.038502793108,0.003490333440,0.083581647930
0.204925684900,-0.038561919000,0.003510290126,0.029369992267
0.202298432500,-0.038567761408,0.003472457506,0.040247574624
0.199671180200,-0.038693846974,0.003605493914,0.080889967367
0.197043927800,-0.038937318596,0.003619432048,0.087690694819
0.194416675400,-0.039137540305,0.003733720146,0.100993161812
0.191789423100,-0.039446277975,0.003746067360,0.133700951142
0.189162170700,-0.039802114591,0.003635828137,0.116327341954
0.186534918300,-0.039985660223,0.003489629158,0.059466633573
0.183907666000,-0.040094227328,0.003303176606,0.059782971488
0.181280413600,-0.040188691257,0.003148089055,0.065389577786
0.178653161200,-0.040346255942,0.002851672860,0.091524909917
0.176025908800,-0.040581463636,0.002644614186,0.086664677813
0.173398656500,-0.040687412920,0.002513628281,0.070359154723
0.170771404100,-0.040818814076,0.002405806803,0.092794534140
0.168144151700,-0.041055016211,0.002191312192,0.077405083000
0.165516899400,-0.041197612956,0.001882092786,0.067759984782
0.162889647000,-0.041326273191,0.001618991736,0.080108286338
0.160262394600,-0.041459852189,0.001305364373,0.044654363848
0.157635142200,-0.041474017074,0.001224407417,0.006265625596
0.155007889900,-0.041406467640,0.001178880943,0.018975461523
0.152380637500,-0.041572574334,0.001192041339,0.050914541967
0.149753385100,-0.041680495514,0.001199072898,-0.013453967162
0.147126132800,-0.041564716602,0.001160314249,-0.051411095546
0.144498880400,-0.041520209854,0.001199666079,-0.083615024034
0.141871628000,-0.041288591302,0.001461268252,-0.118154994890
0.139244375600,-0.041034029216,0.001551776397,-0.116869537984
0.136617123300,-0.040859774732,0.001586522287,-0.045379194252
0.133989870900,-0.041011061361,0.001682851920,-0.000072906948
0.131362618500,-0.041108350372,0.001661172769,-0.027824930752
0.128735366200,-0.041093704560,0.001748662568,-0.083964267091
0.126108113800,-0.040915017276,0.001887434747,-0.155696008420
0.123480861400,-0.040552006549,0.002108232423,-0.240906151171
0.120853609000,-0.039964745076,0.002267770136,-0.253012965983
0.118226356700,-0.039438414329,0.002102064404,-0.214000241166
0.115599104300,-0.038996893904,0.001874230211,-0.147771899682
0.112971851900,-0.038810586866,0.001649620678,-0.053234375318
0.110344599600,-0.038853406990,0.001506928866,0.054268214411
0.107717347200,-0.039167288122,0.001461832391,0.123011962520
0.105090094800,-0.039460356320,0.001291678003,0.143032638623
0.102462842500,-0.039860313765,0.001324851886,0.180396952989
0.099835590100,-0.040363252312,0.001516029643,0.137832125044
0.097208337700,-0.040560866036,0.001737211491,0.039242108290
0.094581085300,-0.040529114169,0.001830011776,0.014124028231
0.091953833000,-0.040614302032,0.001754255165,0.080581731242
0.089326580600,-0.040958387361,0.001838500056,0.126579911210
0.086699328200,-0.041276424028,0.001886704558,0.150596639672
0.084072075900,-0.041711438700,0.002006843728,0.187467176206
0.081444823500,-0.042194982180,0.002021947810,0.202335226863
0.078817571100,-0.042681071884,0.001916282635,0.214878877457
0.076190318700,-0.043230986317,0.001913143257,0.167876106547
0.073563066400,-0.043465036113,0.001906904236,0.085947159783
0.070935814000,-0.043625462645,0.002003436499,0.059679894020
0.068308561600,-0.043823625912,0.001951411551,0.019249822536
0.065681309300,-0.043745885298,0.001934529834,0.030820306754
0.063054056900,-0.043815693146,0.002057650465,0.125579504660
0.060426804500,-0.044200003551,0.002105256724,0.146705908527
0.057799552100,-0.044489228325,0.002121795938,0.138885470805
0.055172299800,-0.044846807060,0.002229192211,0.134185438882
0.052545047400,-0.045070191348,0.002281201647,0.061470913042
0.049917795000,-0.044979641422,0.002308068205,-0.040722841305
0.047290542700,-0.044682957324,0.002338735636,-0.059200653082
0.044663290300,-0.044593952788,0.002351722382,-0.021564867581
0.042036037900,-0.044563011042,0.002227985221,-0.028723541089
0.039408785500,-0.044526385377,0.002061152848,0.011118423515
0.036781533200,-0.044764692850,0.001969276438,0.078681471676
0.034154280800,-0.045003981997,0.001947946244,0.118437787955
0.031527028400,-0.045396241460,0.001932979390,0.151942717545
0.028899776100,-0.045810137947,0.001800942855,0.134786726380
0.026272523700,-0.046160046149,0.001782843607,0.127303666940
0.023645271300,-0.046571043786,0.001895076751,-0.117965490016
0.021018019000,-0.045667477945,0.001842037712,0.124551421540
0.018390766600,-0.047189114483,0.001936735787,0.352647659825
0.015763514200,-0.047503560616,0.001858079998,0.095290013402
0.013136261800,-0.047720354840,0.001923582252,0.042565857579
0.010509009500,-0.047706781202,0.001813504576,0.019746075430
0.007881757100,-0.047804068066,0.001660024872,0.025173986543
0.005254504700,-0.047806848447,0.001495395096,-0.087959933353
0.002627252400,-0.047307577741,0.001222158868,-1.007997882110
0.000000000000,-0.042471250252,0.000682371296,-1.850090345937
