0.391460603250,-0.027841337278,-0.000134717852,0.642908725377
0.388833350880,-0.029471513171,-0.000140376871,0.657288173292
0.386206098510,-0.031155106636,-0.000115918993,0.478879173859
0.383578846140,-0.031802637469,0.000139386819,0.226294505502
0.380951593770,-0.032211356600,0.000195178174,-0.065208743621
0.378324341400,-0.031387686528,0.000259965790,-0.202361531400
0.375697089030,-0.031042839119,0.000193023139,0.010482941469
0.373069836660,-0.031291867632,0.000166752046,0.354920827646
0.370442584290,-0.032759295723,0.000183844119,0.368860547560
0.367815331920,-0.033112838073,0.000136203200,0.153359164878
0.365188079550,-0.033421966514,0.000098943410,-0.302806412054
0.362560827170,-0.031371082188,-0.000032465748,-0.077593267236
0.359933574800,-0.032927175535,-0.000061941952,0.342694123836
0.357306322430,-0.033211006531,-0.000171222190,0.043957607248
0.354679070060,-0.033195697184,-0.000084470923,-0.005207772255
0.352051817690,-0.033233447200,0.000013437968,-0.000459882889
0.349424565320,-0.033307479113,0.000051213268,-0.070269976889
0.346797312950,-0.033022525812,0.000112970972,-0.144457670420
0.344170060580,-0.032638914437,0.000160712440,-0.135981981765
0.341542808210,-0.032343243712,0.000281943239,-0.072363673575
0.338915555840,-0.032251340043,0.000484567092,-0.041446696836
0.336288303460,-0.032077352707,0.000639857160,-0.067211447836
0.333661051090,-0.031861869864,0.000874092090,-0.041935825087
0.331033798720,-0.031833094977,0.001214562854,-0.005316156604
0.328406546350,-0.031835975236,0.001320384141,0.008696448718
0.325779293980,-0.031923725368,0.001533097025,0.012966850783
0.323152041610,-0.031952347620,0.001868436201,-0.033509837287
0.320524789240,-0.031820125922,0.002102356191,-0.056482930943
0.317897536870,-0.031685786405,0.002336435994,-0.063907547691
0.315270284500,-0.031649884465,0.002449761793,-0.074847677379
0.312643032100,-0.031449141973,0.002609640271,-0.075605705564
0.310015779800,-0.031290238791,0.002813156213,-0.043763897818
0.307388527400,-0.031201441034,0.002766145622,-0.047704280218
0.304761275000,-0.031100496064,0.002778502029,-0.049401559618
0.302134022600,-0.031010702378,0.002767445612,-0.024254725260
0.299506770300,-0.030908435771,0.002728013371,-0.024670335255
0.296879517900,-0.030765988576,0.002709294038,-0.026730798459
0.294252265500,-0.030629355093,0.002673339979,-0.042086022413
0.291625013200,-0.030437996192,0.002677431057,-0.022473631420
0.288997760800,-0.030374092438,0.002683067712,0.015704754323
0.286370508400,-0.030348003449,0.002496636868,0.003410937552
0.283743256000,-0.030302839408,0.002395216460,0.017256164918
0.281116003700,-0.030353194848,0.002337249121,0.031145487989
0.278488751300,-0.030408084578,0.002304523800,0.041610330889
0.275861498900,-0.030554888651,0.002213772886,0.037813337725
0.273234246600,-0.030626116791,0.002207366167,0.036603189769
0.270606994200,-0.030799225145,0.002374049798,0.054127971037
0.267979741800,-0.031006039372,0.002566054424,0.046924189026
0.265352489400,-0.031175982671,0.002868513336,0.059847086400
0.262725237100,-0.031376272843,0.003141702825,0.055038051099
0.260097984700,-0.031366678980,0.003378364659,0.025896596616
0.257470732300,-0.031304637135,0.003407656157,0.018077654170
0.254843480000,-0.031298003229,0.003489942217,0.009003808760
0.252216227600,-0.031211388511,0.003503601442,-0.019381762873
0.249588975200,-0.031121888631,0.003442257535,-0.012368961609
0.246961722900,-0.031054483571,0.003405504946,-0.007868229556
0.244334470500,-0.030963655391,0.003331482914,0.010584853402
0.241707218100,-0.030927199408,0.003391916012,0.025028275832
0.239079965700,-0.030932147942,0.003439864853,0.033141133887
0.236452713400,-0.030879985733,0.003390755271,0.028881367702
0.233825461000,-0.030811572416,0.003447294871,0.035784859395
0.231198208600,-0.030800521402,0.003416249629,0.039292032021
0.228570956300,-0.030826424584,0.003465648184,0.009248872525
0.225943703900,-0.030700886967,0.003508077064,-0.017287414020
0.223316451500,-0.030588016762,0.003516008780,0.007038714543
0.220689199100,-0.030675691084,0.003431273290,0.090684491905
0.218061946800,-0.031000335031,0.003426037691,0.187494996021
0.215434694400,-0.031501784818,0.003438879259,0.206006568491
0.212807442000,-0.031900936277,0.003465434330,0.174181756179
0.210180189700,-0.032279701194,0.003449357586,0.122374908667
0.207552937300,-0.032423240694,0.003444528117,0.052574355590
0.204925684900,-0.032445497611,0.003468303769,0.033394823025
0.202298432500,-0.032493011415,0.003420474517,0.055491297602
0.199671180200,-0.032629615774,0.003467110404,0.100512758249
0.197043927800,-0.032922777557,0.003608765278,0.123767830451
0.194416675400,-0.033155913548,0.003642238755,0.128536587421
0.191789423100,-0.033474070307,0.003578258573,0.130145272670
0.189162170700,-0.033780484139,0.003575715693,0.094283290810
0.186534918300,-0.033966743228,0.003567265683,0.098267289515
0.183907666000,-0.034248986890,0.003304228252,0.106757463722
0.181280413600,-0.034495198357,0.002938568236,0.087362349331
0.178653161200,-0.034672115285,0.002691868168,0.088353332174
0.176025908800,-0.034811058776,0.002515459030,0.047778406752
0.173398656500,-0.034700355801,0.002421525516,0.004915744038
0.170771404100,-0.034692057323,0.002340171411,0.029772597198
0.168144151700,-0.034865177896,0.002056096568,0.050533179650
0.165516899400,-0.035041251594,0.001777058706,0.057449448476
0.162889647000,-0.035195684580,0.001485582434,0.043746842690
0.160262394600,-0.035256261011,0.001339273634,0.053840422673
0.157635142200,-0.035439588508,0.001191381723,0.033667513931
0.155007889900,-0.035420476419,0.001043616857,-0.008187469122
0.152380637500,-0.035405389159,0.001177133521,-0.001478222471
0.149753385100,-0.035405038722,0.001210144836,-0.021959403635
0.147126132800,-0.035329264643,0.001317839210,-0.050861877290
0.144498880400,-0.035231814309,0.001364850367,-0.077581277369
0.141871628000,-0.035019041039,0.001491826205,-0.086475552533
0.139244375600,-0.034923102497,0.001537507057,-0.055024427389
0.136617123300,-0.034876198858,0.001599473251,-0.029266164153
0.133989870900,-0.034938691335,0.001740964915,-0.020165822082
0.131362618500,-0.034962466779,0.001761501005,-0.041014940322
0.128735366200,-0.034897762674,0.001910586898,-0.099444182046
0.126108113800,-0.034688472681,0.002178370486,-0.123763829399
0.123480861400,-0.034460421751,0.002316301046,-0.181809726437
0.120853609000,-0.033845914210,0.002311353431,-0.238089947484
0.118226356700,-0.033374310654,0.002173098695,-0.201019347251
0.115599104300,-0.032894399771,0.001899450341,-0.142667040989
0.112971851900,-0.032677417124,0.001644639382,-0.031619516930
0.110344599600,-0.032739606146,0.001488431739,0.065951030179
0.107717347200,-0.033020162328,0.001396386954,0.114544064516
0.105090094800,-0.033359680940,0.001260075524,0.164292192554
0.102462842500,-0.033835434982,0.001394519099,0.151941020495
0.099835590100,-0.034055548743,0.001532593166,0.069811318769
0.097208337700,-0.034135230481,0.001512532904,0.098269868068
0.094581085300,-0.034527305254,0.001688638334,0.120769424446
0.091953833000,-0.034713133962,0.001816051436,0.090603933853
0.089326580600,-0.034981669191,0.001885400033,0.141657673551
0.086699328200,-0.035401190431,0.001939817858,0.137812192577
0.084072075900,-0.035687413973,0.001781404983,0.146682302116
0.081444823500,-0.036115448721,0.001726170778,0.175019153278
0.078817571100,-0.036543138307,0.001861068287,0.216847445208
0.076190318700,-0.037127999087,0.001823933771,0.221519820973
0.073563066400,-0.037547930395,0.001858574614,0.129392069170
0.070935814000,-0.037626250478,0.001879380381,0.020998441544
0.068308561600,-0.037517731012,0.001844527099,0.008086287270
0.065681309300,-0.037588890641,0.001910999611,0.060883235691
0.063054056900,-0.037782179263,0.001796160900,0.088146977803
0.060426804500,-0.037970787212,0.001906814408,0.117281788912
0.057799552100,-0.038268516738,0.002053576046,0.109738392462
0.055172299800,-0.038424870859,0.002007629556,0.070577009142
0.052545047400,-0.038521630777,0.001964635240,0.052212470835
0.049917795000,-0.038580379772,0.002143871866,0.018475612790
0.047290542700,-0.038534081038,0.002166453804,-0.036845565479
0.044663290300,-0.038360006272,0.002218538457,-0.066582836257
0.042036037900,-0.038238083207,0.002106507162,-0.046477965130
0.039408785500,-0.038191821705,0.001909866461,0.018753357508
0.036781533200,-0.038438674955,0.001847595384,0.090626020163
0.034154280800,-0.038693959465,0.001858838762,0.107195067032
0.031527028400,-0.039018103147,0.001729459890,0.138664827737
0.028899776100,-0.039446647458,0.001733647657,0.153136964183
0.026272523700,-0.039862355159,0.001810785554,0.170584521767
0.023645271300,-0.040338928105,0.001786898656,0.019979570093
0.021018019000,-0.039949004983,0.001791052571,0.156529277025
0.018390766600,-0.041041583869,0.001838262404,0.244357532000
0.015763514200,-0.041249961275,0.001924630952,0.067933296871
0.013136261800,-0.041377935797,0.001897555819,0.067893594956
0.010509009500,-0.041607153082,0.001819214583,0.066888846420
0.007881757100,-0.041755004504,0.001650245573,0.011419317338
0.005254504700,-0.041682911506,0.001483704345,-0.103174616540
0.002627252400,-0.041171070801,0.001319057072,-0.783772896325
0.000000000000,-0.037484365259,0.001445157189,-1.376236503557
