0.391460603250,-0.042576436847,-0.000773773566,0.851004716746
0.388833350880,-0.044710810304,-0.000351962715,0.911066722881
0.386206098510,-0.047392913749,-0.000172940656,0.475930720883
0.383578846140,-0.047260431671,-0.000063005957,-0.142828597698
0.380951593770,-0.046712236159,-0.000105787629,0.081363147262
0.378324341400,-0.047860819776,-0.000206628680,0.413947842605
0.375697089030,-0.048905172284,-0.000373056398,0.362654918606
0.373069836660,-0.049768872168,-0.000479110775,0.299262522200
0.370442584290,-0.050456638337,-0.000586798509,0.179244821451
0.367815331920,-0.050673549024,-0.000687405595,0.089650799534
0.365188079550,-0.050854153475,-0.000743544085,0.135195178899
0.362560827170,-0.051316028730,-0.000620495177,0.100233544871
0.359933574800,-0.051389731583,-0.000507892418,-0.107601239619
0.357306322430,-0.050834141983,-0.000500921346,-0.088052214658
0.354679070060,-0.051062818921,-0.000314775730,0.013602918272
0.352051817690,-0.051055275662,-0.000123422716,-0.070178722707
0.349424565320,-0.050763893953,0.000098876955,-0.166390306114
0.346797312950,-0.050238738929,0.000359128996,-0.212710543612
0.344170060580,-0.049638307574,0.000570116981,-0.233862197769
0.341542808210,-0.048995180039,0.000743966767,-0.252740739587
0.338915555840,-0.048302623997,0.000864712856,-0.257247998480
0.336288303460,-0.047637399847,0.000970465514,-0.228599880661
0.333661051090,-0.047057166040,0.000977520398,-0.141412746606
0.331033798720,-0.046802743489,0.001123542903,-0.050410104043
0.328406546350,-0.046733145667,0.001358547059,-0.042507838048
0.325779293980,-0.046603016137,0.001444531409,-0.042501131211
0.323152041610,-0.046512421544,0.001460248392,-0.042311300640
0.320524789240,-0.046413203853,0.001605752452,-0.030788975745
0.317897536870,-0.046379497140,0.001604849780,-0.008567809285
0.315270284500,-0.046348185236,0.001613398400,0.018021843933
0.312643032100,-0.046417107311,0.001678960976,0.033179824888
0.310015779800,-0.046539044540,0.001829032469,0.029704819603
0.307388527400,-0.046589258654,0.001847743985,0.014684821743
0.304761275000,-0.046676671657,0.001847866811,0.033629034450
0.302134022600,-0.046834611758,0.001931054322,0.058748742637
0.299506770300,-0.047038938115,0.002100980140,0.043975829137
0.296879517900,-0.047108281651,0.002189163172,0.011064559442
0.294252265500,-0.047149785979,0.002216719451,0.020007742582
0.291625013200,-0.047268638093,0.002307794515,0.018397018942
0.288997760800,-0.047288025539,0.002424057450,-0.027161038768
0.286370508400,-0.047215286941,0.002537409109,-0.046404054499
0.283743256000,-0.047085969424,0.002658904142,-0.048650580934
0.281116003700,-0.046951782632,0.002748151369,-0.041794155637
0.278488751300,-0.046862560239,0.002736603802,-0.036350591407
0.275861498900,-0.046744193631,0.002701162046,-0.012792129367
0.273234246600,-0.046781556534,0.002727641210,0.022079102351
0.270606994200,-0.046791630136,0.002772034686,0.000516763523
0.267979741800,-0.046671207795,0.002802627655,-0.013780310017
0.265352489400,-0.046643963788,0.002696302384,0.023117879826
0.262725237100,-0.046663908971,0.002572348341,0.030329444414
0.260097984700,-0.046653588172,0.002421063926,0.034910464463
0.257470732300,-0.046644791593,0.002384173243,0.022510606617
0.254843480000,-0.046555661068,0.002296431937,0.030041582682
0.252216227600,-0.046526463215,0.002235890007,0.097233200114
0.249588975200,-0.046771666016,0.002241616119,0.175386334693
0.246961722900,-0.047095625924,0.002397947746,0.207719263747
0.244334470500,-0.047532433333,0.002662425230,0.229935066050
0.241707218100,-0.048010407642,0.003003957933,0.244461432696
0.239079965700,-0.048515493509,0.003349878875,0.206794831723
0.236452713400,-0.048854349906,0.003641247019,0.155494102949
0.233825461000,-0.049101187534,0.003913472561,0.128308961590
0.231198208600,-0.049327309591,0.004107590336,0.081161916329
0.228570956300,-0.049358578201,0.004269664881,0.050726698863
0.225943703900,-0.049410517840,0.004327358389,0.122669022676
0.223316451500,-0.049823695058,0.004454931989,0.173694251042
0.220689199100,-0.050155165117,0.004619384403,0.141282732494
0.218061946800,-0.050413365058,0.004691823412,0.147873841698
0.215434694400,-0.050833329347,0.004727744244,0.172276622537
0.212807442000,-0.051247206310,0.004707731438,0.172414092483
0.210180189700,-0.051628107988,0.004642571279,0.179795297908
0.207552937300,-0.052007774193,0.004409574906,0.185550258435
0.204925684900,-0.052457454612,0.004056229202,0.159793155866
0.202298432500,-0.052777204781,0.003508174088,0.110675478491
0.199671180200,-0.053033113980,0.002987990574,0.090835750950
0.197043927800,-0.053341567569,0.002610974722,0.113429728766
0.194416675400,-0.053755940728,0.002332502223,0.153993688666
0.191789423100,-0.054270064881,0.002108948114,0.138807032840
0.189162170700,-0.054587857143,0.001924096860,0.019383911915
0.186534918300,-0.054531438485,0.001767250389,-0.084204435471
0.183907666000,-0.054373782133,0.001618255994,-0.103375973205
0.181280413600,-0.054228570898,0.001451524778,-0.086468532912
0.178653161200,-0.054210823129,0.001429843626,-0.082149203381
0.176025908800,-0.054149586639,0.001470905941,-0.110484711027
0.173398656500,-0.054067043270,0.001511782423,-0.110802662425
0.170771404100,-0.053936535651,0.001548386909,-0.143786776192
0.168144151700,-0.053718881914,0.001563652633,-0.155499696440
0.165516899400,-0.053542468263,0.001664230620,-0.139193024228
0.162889647000,-0.053273000644,0.001648724854,-0.186860714362
0.160262394600,-0.052946929851,0.001642215860,-0.198921027496
0.157635142200,-0.052595042177,0.001666174955,-0.168280276322
0.155007889900,-0.052362032718,0.001690394906,-0.165813914009
0.152380637500,-0.052076735024,0.001920235728,-0.186726896750
0.149753385100,-0.051784117810,0.001972544322,-0.204608949397
0.147126132800,-0.051355437440,0.002034146053,-0.253059799657
0.144498880400,-0.050798430125,0.002202603666,-0.234693763853
0.141871628000,-0.050394274631,0.002316536877,-0.193682143840
0.139244375600,-0.050032421807,0.002390566691,-0.144329428157
0.136617123300,-0.049809540137,0.002409468073,-0.098564549839
0.133989870900,-0.049710107861,0.002541697051,-0.074493335236
0.131362618500,-0.049662909117,0.002623645825,-0.026959064964
0.128735366200,-0.049726545898,0.002553617325,0.032224733356
0.126108113800,-0.049958343929,0.002430221840,0.060941899772
0.123480861400,-0.050192612897,0.002345601490,0.089156970915
0.120853609000,-0.050527408697,0.002312402872,0.129083799166
0.118226356700,-0.050848449287,0.002336190327,0.131142956547
0.115599104300,-0.051140104213,0.002350768117,0.137816318931
0.112971851900,-0.051454368556,0.002307648348,0.151095087622
0.110344599600,-0.051761114900,0.002278394877,0.112743025197
0.107717347200,-0.051890284985,0.002209807572,0.080684936286
0.105090094800,-0.051981989836,0.002243532267,0.098389743909
0.102462842500,-0.052187012322,0.002204881480,0.094118615088
0.099835590100,-0.052266085794,0.002164602414,0.076022033380
0.097208337700,-0.052377407148,0.001986609453,0.153534053444
0.094581085300,-0.052881016092,0.001769726531,0.243179945482
0.091953833000,-0.053481851587,0.001491895319,0.258445856078
0.089326580600,-0.054045368729,0.001329776219,0.245522864640
0.086699328200,-0.054510510404,0.001231967033,0.196512134522
0.084072075900,-0.054759861824,0.001227335225,0.052865451087
0.081444823500,-0.054567112376,0.001062447630,-0.040600928415
0.078817571100,-0.054366918587,0.001099917613,-0.022020791849
0.076190318700,-0.054310632611,0.001262794104,0.032628565398
0.073563066400,-0.054419548344,0.001405010966,0.060831688371
0.070935814000,-0.054547211370,0.001383671909,0.036185497101
0.068308561600,-0.054597952074,0.001569279552,-0.000971233580
0.065681309300,-0.054510653351,0.001650549991,-0.013872535458
0.063054056900,-0.054487918877,0.001754841229,0.031284434632
0.060426804500,-0.054608812766,0.001831203627,0.044457261733
0.057799552100,-0.054595052809,0.001791252177,0.005283727758
0.055172299800,-0.054515492430,0.001669570670,0.043111323718
0.052545047400,-0.054756265376,0.001661598115,0.095220786069
0.049917795000,-0.054980843174,0.001663105059,0.090321392857
0.047290542700,-0.055150258237,0.001769232161,0.118727459797
0.044663290300,-0.055419642648,0.002009292836,0.178753568335
0.042036037900,-0.055805829192,0.002224882625,0.182268542987
0.039408785500,-0.056213733299,0.002365245930,0.173594961428
0.036781533200,-0.056657805325,0.002465148344,0.193677349635
0.034154280800,-0.057121418819,0.002401889732,0.242070236431
0.031527028400,-0.057685891321,0.002448366203,0.278587548393
0.028899776100,-0.058324032924,0.002429170575,0.245536799093
0.026272523700,-0.058722989290,0.002476289801,0.176287023507
0.023645271300,-0.059081181971,0.002469741487,0.177197726557
0.021018019000,-0.059461799406,0.002507154533,0.187751663519
0.018390766600,-0.059931917509,0.002283738877,0.130029486665
0.015763514200,-0.060071791049,0.002004178127,0.077010704763
0.013136261800,-0.060262416046,0.001625261995,0.118920803011
0.010509009500,-0.060598881871,0.001489772828,0.113640995460
0.007881757100,-0.060740226809,0.001443972576,0.048463560684
0.005254504700,-0.060804352736,0.001238519269,-0.339850207020
0.002627252400,-0.058942782402,0.000902599013,-2.775270630167
0.000000000000,-0.046249145637,0.000043771373,-4.803105434420
