0.391460603250,0.052205177276,0.000757772978,-0.331142336031
0.388833350880,0.053210471446,0.000723722127,-0.111702269812
0.386206098510,0.052941229776,0.000893948151,-0.036663366948
0.383578846140,0.053456106065,0.001074274036,-0.269993482158
0.380951593770,0.054383245091,0.001277691802,-0.432183309766
0.378324341400,0.055719404527,0.001257660745,-0.134473214117
0.375697089030,0.055057290308,0.001260739346,0.062750433207
0.373069836660,0.055397960927,0.001451386457,0.171124417790
0.370442584290,0.054177968661,0.001485739969,-0.106792157586
0.367815331920,0.056149328328,0.001527957563,-0.510348951439
0.365188079550,0.056864008016,0.001621037544,-0.033053585732
0.362560827170,0.056303478676,0.001652043039,-0.149279075897
0.359933574800,0.057661926013,0.001576140779,-0.303577219743
0.357306322430,0.057949501696,0.001644942290,-0.081681909987
0.354679070060,0.058196993554,0.001770728745,-0.058973954445
0.352051817690,0.058398726963,0.001763293576,-0.020316516396
0.349424565320,0.058481501360,0.001603508219,0.033046769711
0.346797312950,0.058449290321,0.001677311441,0.037235295570
0.344170060580,0.058420598131,0.001712206001,0.037706087406
0.341542808210,0.058416208792,0.001748564976,0.028863144539
0.338915555840,0.058382583948,0.001708308500,0.036994314938
0.336288303460,0.058369153481,0.001715935615,0.025146814248
0.333661051090,0.058373693739,0.001709372913,0.020231275864
0.331033798720,0.058402722360,0.001691503615,0.040522305147
0.328406546350,0.058299658913,0.001615177958,0.047232462408
0.325779293980,0.058229581580,0.001471950217,0.008670079613
0.323152041610,0.058324238723,0.001435110563,-0.016680904425
0.320524789240,0.058406760243,0.001483230710,0.003150831227
0.317897536870,0.058393410957,0.001495358322,0.004191530246
0.315270284500,0.058430831104,0.001485229651,-0.026185606674
0.312643032100,0.058586569303,0.001500171500,-0.029914157389
0.310015779800,0.058681333395,0.001517365083,-0.002935128649
0.307388527400,0.058665572990,0.001806663307,-0.024859814537
0.304761275000,0.058800517750,0.002022054070,-0.057219793053
0.302134022600,0.058982357490,0.002278485798,0.194672360211
0.299506770300,0.057782781097,0.002339371352,-0.001803623260
0.296879517900,0.058624188971,0.002566769615,-0.259149440887
0.294252265500,0.058981181002,0.002841657485,-0.116994772394
0.291625013200,0.059139208476,0.003107170506,-0.017720878600
0.288997760800,0.059013747265,0.003248053903,0.026125762869
0.286370508400,0.058991237368,0.003304661971,0.000461034379
0.283743256000,0.059010487243,0.003381048865,0.010807006389
0.281116003700,0.058898845043,0.003366755613,0.020519571471
0.278488751300,0.058869481938,0.003347003941,0.007396368550
0.275861498900,0.058826834743,0.003324561127,0.007891333632
0.273234246600,0.058722161481,0.003248688603,0.001438759187
0.270606994200,0.058691023895,0.003084975542,0.000153106967
0.267979741800,0.058614218317,0.002804103520,0.000494777793
0.265352489400,0.058580152721,0.002562622115,-0.000647672507
0.262725237100,0.058516040644,0.002411775793,0.038818625311
0.260097984700,0.058275591228,0.002209765123,0.075866985082
0.257470732300,0.058003958623,0.002128314720,0.067884356609
0.254843480000,0.057831799983,0.002115412103,0.027496444569
0.252216227600,0.057814195220,0.002298027055,0.004687454501
0.249588975200,0.057776714339,0.002708851234,0.021879706661
0.246961722900,0.057707765462,0.003076803458,-0.014914542405
0.244334470500,0.057844319173,0.003414861134,-0.059860190837
0.241707218100,0.058003232089,0.003457471911,-0.063097348145
0.239079965700,0.058214890553,0.003283185366,-0.081502112912
0.236452713400,0.058441971252,0.003164928065,-0.076809454078
0.233825461000,0.058608920036,0.003173764010,-0.058008851704
0.231198208600,0.058796373981,0.003218252998,-0.054211408419
0.228570956300,0.058930537307,0.003133156095,-0.006515675747
0.225943703900,0.058880012636,0.003060730923,0.009115535338
0.223316451500,0.058922923584,0.003042783213,-0.027425552780
0.220689199100,0.059094390629,0.002992860991,-0.056487445426
0.218061946800,0.059280587964,0.002933677421,-0.035372074906
0.215434694400,0.059303969581,0.002983865725,0.025462635738
0.212807442000,0.059169027427,0.002995610051,0.064195286259
0.210180189700,0.058934508179,0.002900028070,0.111942584963
0.207552937300,0.058561509640,0.002627888442,0.108375991377
0.204925684900,0.058359913056,0.002372646154,0.070743645923
0.202298432500,0.058240961143,0.002310215967,0.073168349089
0.199671180200,0.058027379784,0.002367330195,0.073522391797
0.197043927800,0.057895170979,0.002381122622,0.051867267432
0.194416675400,0.057818264623,0.002335574572,0.025545512831
0.191789423100,0.057825396917,0.002434748654,0.023128500816
0.189162170700,0.057728987631,0.002433906997,0.041971534135
0.186534918300,0.057658307222,0.002321749048,0.035025068572
0.183907666000,0.057584304297,0.002289062089,0.050552351055
0.181280413600,0.057417539403,0.002380974126,0.069898269760
0.178653161200,0.057330485479,0.002357029120,0.034092818439
0.176025908800,0.057341439196,0.002423653166,0.019640499527
0.173398656500,0.057234822337,0.002483518854,0.046858108255
0.170771404100,0.057142999268,0.002499858496,0.034753379587
0.168144151700,0.057108409824,0.002505496002,0.032839940730
0.165516899400,0.057066647325,0.002395010333,0.058866430510
0.162889647000,0.056910350040,0.002318090194,0.098098984373
0.160262394600,0.056598187046,0.002294570144,0.135408921922
0.157635142200,0.056271336408,0.002140769905,0.171501809929
0.155007889900,0.055811430663,0.001992025443,0.219375377459
0.152380637500,0.055347551441,0.001819342119,0.164230588320
0.149753385100,0.055152913499,0.001608110785,0.065866186267
0.147126132800,0.055061388387,0.001434668159,0.056554676049
0.144498880400,0.054907717281,0.001234362846,0.109952170646
0.141871628000,0.054576772650,0.000859071134,0.118857640640
0.139244375600,0.054352560049,0.000483972648,0.099803576183
0.136617123300,0.054038469882,0.000243108301,0.135928340697
0.133989870900,0.053581189781,0.000073704119,0.102810427924
0.131362618500,0.053480577296,-0.000146114265,-0.058575752066
0.128735366200,0.053977883162,-0.000406055293,-0.179124011168
0.126108113800,0.054534841079,-0.000302052361,-0.141744514942
0.123480861400,0.054815456460,-0.000215640172,-0.053766371741
0.120853609000,0.054874809092,-0.000247011144,-0.007346035988
0.118226356700,0.054861569814,-0.000265962997,-0.017355382479
0.115599104300,0.054977843523,-0.000324430150,-0.025152170834
0.112971851900,0.055046873749,-0.000301140075,-0.008474435211
0.110344599600,0.055090613622,-0.000278494378,0.015142212410
0.107717347200,0.055087131284,-0.000183188256,0.042365547776
0.105090094800,0.054939022397,-0.000232980761,0.107756072589
0.102462842500,0.054554931166,-0.000292751197,0.177900207750
0.099835590100,0.054089163035,-0.000157050681,0.205320214491
0.097208337700,0.053684901503,-0.000018551060,0.208798544932
0.094581085300,0.053355987163,0.000061245322,0.169444593092
0.091953833000,0.053078932304,0.000197079726,0.115608052927
0.089326580600,0.053001895904,0.000410859745,0.068834007490
0.086699328200,0.052958166833,0.000675497268,0.112423249064
0.084072075900,0.052745750878,0.000709174848,0.166838826859
0.081444823500,0.052477488451,0.000807069500,0.181425615640
0.078817571100,0.052129371624,0.000834618948,0.189032993596
0.076190318700,0.051800056288,0.000924926257,0.181723113917
0.073563066400,0.051442399431,0.001093526541,0.204015161187
0.070935814000,0.050900532875,0.001072809605,0.157498999481
0.068308561600,0.050795282279,0.001147555675,0.043936617000
0.065681309300,0.050941796373,0.001178044223,0.057236283708
0.063054056900,0.050794506344,0.001278250119,0.094100791201
0.060426804500,0.050741483687,0.001330099945,0.045755425510
0.057799552100,0.050838976489,0.001377849871,0.028956384624
0.055172299800,0.050882262324,0.001389964846,0.048561418887
0.052545047400,0.050841199686,0.001344490656,0.102964424602
0.049917795000,0.050627902468,0.001278211828,0.089966994537
0.047290542700,0.050594749235,0.001221489509,0.053748079756
0.044663290300,0.050532610785,0.001157676134,0.054059951680
0.042036037900,0.050425534802,0.001121686975,0.042267778566
0.039408785500,0.050388177506,0.001065749186,0.037399865589
0.036781533200,0.050300783103,0.000945164985,0.083156131275
0.034154280800,0.050000769222,0.000915583893,0.150871241885
0.031527028400,0.049549549652,0.000748410597,0.147922487277
0.028899776100,0.049187202996,0.000598618327,0.149234498287
0.026272523700,0.048762725492,0.000495755408,0.149832842021
0.023645271300,0.048416411644,0.000240076841,0.186516466162
0.021018019000,0.047867431267,0.000291786403,0.172055764938
0.018390766600,0.047593632643,0.000507913426,0.077242953858
0.015763514200,0.047524337176,0.000644012009,0.006778883597
0.013136261800,0.047572211951,0.000727863734,-0.065207383084
0.010509009500,0.047822483575,0.000681803512,-0.119171418376
0.007881757100,0.048153904063,0.000607935873,-0.165455344144
0.005254504700,0.048686393526,0.000612460197,-0.228534011741
0.002627252400,0.049362992719,0.000556664008,0.799958454939
0.000000000000,0.044521126548,0.000224067889,1.851357384685
