0.391460603250,0.052681993571,0.000783272637,-0.826303728204
0.388833350880,0.054849114898,0.001115190070,-0.596271156060
0.386206098510,0.055792937751,0.001257735211,0.107982220871
0.383578846140,0.054308361249,0.001456477741,0.238225028206
0.380951593770,0.054441720110,0.001488035027,0.019487974136
0.378324341400,0.054187217296,0.001533741321,0.264715615176
0.375697089030,0.053094786381,0.001507402062,0.345494651705
0.373069836660,0.052412079458,0.001298651581,0.117547250843
0.370442584290,0.052415265994,0.001116916996,-0.417376071213
0.367815331920,0.054631513640,0.001206953424,-0.389039493877
0.365188079550,0.054564544978,0.001196974103,0.057814476146
0.362560827170,0.054489504519,0.001137010217,0.093629130100
0.359933574800,0.054338087733,0.001290705827,0.152870946873
0.357306322430,0.054013411269,0.001418600745,-0.110659016419
0.354679070060,0.055349663642,0.001386673978,-0.212601441209
0.352051817690,0.055481382874,0.001309290859,-0.034467091791
0.349424565320,0.055834379097,0.001414057358,-0.097827782433
0.346797312950,0.056228873593,0.001561410192,-0.130324995960
0.344170060580,0.056620195438,0.001556804219,-0.150070850235
0.341542808210,0.057153649977,0.001588184624,-0.174010077876
0.338915555840,0.057666079281,0.001638702335,-0.162911664568
0.336288303460,0.058144234495,0.001597903355,-0.156601402107
0.333661051090,0.058664849657,0.001602402530,-0.123710495421
0.331033798720,0.058914279377,0.001548936110,-0.064990504200
0.328406546350,0.059097414231,0.001408689888,-0.051628497357
0.325779293980,0.059252241860,0.001353014170,-0.021810031566
0.323152041610,0.059275462149,0.001337449497,-0.005509069071
0.320524789240,0.059320769603,0.001311862186,-0.003007557022
0.317897536870,0.059341403670,0.001268475163,0.004336964939
0.315270284500,0.059363327847,0.001300770110,-0.013924991302
0.312643032100,0.059403090924,0.001357402220,-0.010845839191
0.310015779800,0.059440928462,0.001443885072,-0.008556865251
0.307388527400,0.059454280969,0.001443576458,-0.015655363117
0.304761275000,0.059502145729,0.001341857092,-0.026639261386
0.302134022600,0.059605339983,0.001197504641,-0.012631224057
0.299506770300,0.059622833575,0.001192756098,0.002142792797
0.296879517900,0.059635053864,0.001151354205,-0.001791487105
0.294252265500,0.059650612000,0.001100174289,-0.010516141826
0.291625013200,0.059664465983,0.001152485497,-0.020865729429
0.288997760800,0.059749005328,0.001271807735,-0.029116981007
0.286370508400,0.059739913293,0.001324737528,-0.023108899492
0.283743256000,0.059756848805,0.001542634964,-0.036399638799
0.281116003700,0.059803046224,0.001794961545,-0.034164618651
0.278488751300,0.059807579907,0.001910763853,-0.005790012340
0.275861498900,0.059754489110,0.002035608944,0.001229985288
0.273234246600,0.059734615218,0.002165003973,-0.016182424964
0.270606994200,0.059769748116,0.002284667828,-0.051114326852
0.267979741800,0.059930811106,0.002495576350,-0.071767729651
0.265352489400,0.060072960932,0.002572550603,-0.051892299479
0.262725237100,0.060105986080,0.002624405102,-0.049963143044
0.260097984700,0.060298146571,0.002839783744,-0.065334516065
0.257470732300,0.060520938035,0.003052756349,-0.050605751512
0.254843480000,0.060588729869,0.003162341750,-0.021078947926
0.252216227600,0.060632801910,0.003257696044,0.010062308169
0.249588975200,0.060614113369,0.003374879101,0.017459208914
0.246961722900,0.060670453221,0.003377087859,0.029350927181
0.244334470500,0.060577025314,0.003460278532,0.083860034436
0.241707218100,0.060327745426,0.003595615889,0.143810014221
0.239079965700,0.059971099437,0.003811336660,0.197466255496
0.236452713400,0.059446745525,0.004091313421,0.224631307766
0.233825461000,0.058940145672,0.004277652249,0.213866615139
0.231198208600,0.058472069094,0.004457679893,0.173432080601
0.228570956300,0.058096092442,0.004552170707,0.096642040372
0.225943703900,0.057979025957,0.004615608667,0.035383162130
0.223316451500,0.057933436855,0.004557431144,0.019278567065
0.220689199100,0.057928915674,0.004440646314,-0.001731635557
0.218061946800,0.058002233484,0.004324825314,-0.016914431024
0.215434694400,0.058051327357,0.004175679709,0.025956966788
0.212807442000,0.057898212672,0.004039836445,0.082339484113
0.210180189700,0.057645676958,0.003804322546,0.064715038203
0.207552937300,0.057585395073,0.003601936278,0.068187465323
0.204925684900,0.057410289506,0.003395474133,0.101885063925
0.202298432500,0.057204366212,0.003034811751,0.132257777621
0.199671180200,0.056888613240,0.002696227953,0.184698984258
0.197043927800,0.056439548218,0.002308414761,0.204493087784
0.194416675400,0.055991594813,0.002174706449,0.177358451467
0.191789423100,0.055638108030,0.001984663811,0.175089486035
0.189162170700,0.055219228888,0.001813006783,0.180518287621
0.186534918300,0.054897651874,0.001562891440,0.177228439689
0.183907666000,0.054550894021,0.001146744562,0.182298184222
0.181280413600,0.054190336389,0.000837373475,0.149739495111
0.178653161200,0.054050627574,0.000562921998,0.090806491250
0.176025908800,0.053974749977,0.000293436017,0.054967396703
0.173398656500,0.053925549104,0.000001700384,0.031353164613
0.170771404100,0.053939401124,-0.000132386436,0.027854797748
0.168144151700,0.053951791609,-0.000291536980,0.011086312159
0.165516899400,0.054082588745,-0.000431199298,-0.006951351203
0.162889647000,0.054208891685,-0.000562784748,0.033063752875
0.160262394600,0.054161535339,-0.000744109568,0.087346906199
0.157635142200,0.053974173947,-0.000955151885,0.119319385224
0.155007889900,0.053698315193,-0.000949990973,0.144175468616
0.152380637500,0.053315913614,-0.000926081369,0.156982783175
0.149753385100,0.053004060138,-0.001098472574,0.113163858074
0.147126132800,0.052844612087,-0.001114893580,0.078253019923
0.144498880400,0.052726439653,-0.001174183547,0.039521474957
0.141871628000,0.052665278722,-0.001203571505,-0.002870892979
0.139244375600,0.052743958037,-0.001184192039,-0.027139185739
0.136617123300,0.052721351347,-0.001055753155,0.062624084240
0.133989870900,0.052339466088,-0.001067854540,0.132342272364
0.131362618500,0.052034810420,-0.001090476928,0.125014170060
0.128735366200,0.051677862686,-0.000948562458,0.095863664443
0.126108113800,0.051422632349,-0.001095978074,0.048205464019
0.123480861400,0.051269961627,-0.001019305325,0.044974956127
0.120853609000,0.051135728188,-0.000730191672,0.087040719573
0.118226356700,0.050781402293,-0.000380782510,0.145282836147
0.115599104300,0.050330013703,0.000048705917,0.148769752912
0.112971851900,0.049989664214,0.000394720949,0.117848704263
0.110344599600,0.049755181104,0.000687838387,0.111230686880
0.107717347200,0.049465252061,0.000972442094,0.047639181020
0.105090094800,0.049537823039,0.001307288614,-0.028096029566
0.102462842500,0.049676784568,0.001582528477,-0.085424712456
0.099835590100,0.050072539342,0.001835772753,-0.180250863842
0.097208337700,0.050636051530,0.001924537183,-0.241286393405
0.094581085300,0.051391941677,0.002000587819,-0.226740364217
0.091953833000,0.051880280390,0.001824820540,-0.130349032179
0.089326580600,0.052055128197,0.001603452794,-0.017773570567
0.086699328200,0.052028303661,0.001458124521,0.056552570326
0.084072075900,0.051838418647,0.001265766335,0.087908385187
0.081444823500,0.051731175175,0.001137530997,0.104383070115
0.078817571100,0.051438585508,0.001206520122,0.122766248575
0.076190318700,0.051209819898,0.001181760749,0.106010999818
0.073563066400,0.051024455361,0.001150601555,0.088740907915
0.070935814000,0.050926531040,0.001206745423,0.036709261296
0.068308561600,0.050947432853,0.001344869096,0.010377445905
0.065681309300,0.051069800667,0.001403201451,0.026533183954
0.063054056900,0.051013108629,0.001644160266,0.058422817871
0.060426804500,0.050972279834,0.001986520087,0.053878053644
0.057799552100,0.050920177806,0.002122671966,0.077622271309
0.055172299800,0.050795215824,0.002126551272,0.100718497513
0.052545047400,0.050645097182,0.002154762929,0.099213664683
0.049917795000,0.050447168812,0.002329390057,0.086854712654
0.047290542700,0.050282384660,0.002495896772,0.069216763020
0.044663290300,0.050184154931,0.002443932799,0.107751029932
0.042036037900,0.049843184195,0.002466687482,0.132363746912
0.039408785500,0.049544527933,0.002469699186,0.148541515932
0.036781533200,0.049184832903,0.002385023459,0.109636749031
0.034154280800,0.049105719432,0.002318461905,0.083852871445
0.031527028400,0.048889192741,0.002239521961,0.116525864628
0.028899776100,0.048669355343,0.002190292903,0.124051169380
0.026272523700,0.048385072370,0.002018845539,0.152405594126
0.023645271300,0.047959081190,0.001903772270,0.181666509332
0.021018019000,0.047476965679,0.001804447770,0.153356278511
0.018390766600,0.047142039871,0.001757336149,0.104318037969
0.015763514200,0.046850391190,0.001707332582,0.081616892042
0.013136261800,0.046633349728,0.001620620325,0.047416183914
0.010509009500,0.046564611664,0.001449344134,-0.015805069832
0.007881757100,0.046701961740,0.001168166857,-0.143434932101
0.005254504700,0.047315455710,0.000867331813,-0.244532812190
0.002627252400,0.048041522963,0.000465851705,0.156920690338
0.000000000000,0.046571110671,-0.000093327104,0.563457690629
