0.391460603250,0.045568169319,0.000334835443,-0.754892148520
0.388833350880,0.047568266095,0.000685397866,-0.437268579830
0.386206098510,0.048046990538,0.000765519819,-0.416771013837
0.383578846140,0.049717082773,0.000931940713,-0.556199162815
0.380951593770,0.050917619995,0.001074778371,-0.224124071112
0.378324341400,0.050792770437,0.001208350173,-0.351268630879
0.375697089030,0.052639106565,0.001384047063,-0.234126325095
0.373069836660,0.051805249519,0.001461535074,0.090913173133
0.370442584290,0.052075151101,0.001483683201,-0.258504091772
0.367815331920,0.052683494805,0.001687672087,-0.092432473265
0.365188079550,0.052469183997,0.001800710967,-0.071578605562
0.362560827170,0.053183510471,0.001819837056,-0.198020140064
0.359933574800,0.053530177378,0.001685427967,-0.093020850398
0.357306322430,0.053701247155,0.001685264051,-0.024871499010
0.354679070060,0.053734489522,0.001946876730,0.133344864274
0.352051817690,0.053287786823,0.001903279203,0.106905944008
0.349424565320,0.053232007079,0.002064472778,0.025719951014
0.346797312950,0.053176948233,0.002203956958,-0.018968755590
0.344170060580,0.053327309759,0.002244973096,-0.101796506878
0.341542808210,0.053723905969,0.002303709759,-0.139797708318
0.338915555840,0.054057135317,0.002292392675,-0.110484088078
0.336288303460,0.054294143041,0.002286028911,-0.112081487565
0.333661051090,0.054668497341,0.002230589380,-0.119323106004
0.331033798720,0.054943071574,0.002191140278,-0.101278493030
0.328406546350,0.055205005208,0.002178254116,-0.104984711092
0.325779293980,0.055524081580,0.002095088419,-0.080159629571
0.323152041610,0.055665649327,0.002000332129,-0.003366803455
0.320524789240,0.055607914735,0.002044566985,-0.006379188977
0.317897536870,0.055720781502,0.002053677764,-0.038231149728
0.315270284500,0.055830041538,0.002156361773,-0.005151512021
0.312643032100,0.055810079637,0.002186734012,-0.010830757288
0.310015779800,0.055843221489,0.002302389683,-0.009722238176
0.307388527400,0.055929748644,0.002296418077,-0.022183939254
0.304761275000,0.055993250750,0.002243540597,-0.014087575670
0.302134022600,0.056044898935,0.002143158142,-0.002510267783
0.299506770300,0.056035864602,0.001980355083,0.001404804191
0.296879517900,0.056043161471,0.001846600884,-0.005837300195
0.294252265500,0.056097398260,0.001583852968,-0.001595494166
0.291625013200,0.056059306538,0.001531110898,0.011048306298
0.288997760800,0.056014417926,0.001519242391,-0.002104925142
0.286370508400,0.056010825726,0.001386584473,0.008223070035
0.283743256000,0.055918095087,0.001270514010,0.007231078283
0.281116003700,0.055903669718,0.001129494471,-0.014831556781
0.278488751300,0.055933514256,0.001109065777,-0.019417874863
0.275861498900,0.055923192495,0.001241474824,-0.006830797031
0.273234246600,0.055901669608,0.001507418402,-0.004128078464
0.270606994200,0.055882750878,0.001811497104,-0.002633262945
0.267979741800,0.055889465556,0.002067709904,0.000580262301
0.265352489400,0.055849933633,0.002307711047,-0.003151286709
0.262725237100,0.055861708709,0.002499455466,-0.023577620391
0.260097984700,0.055960469531,0.002598746246,-0.030298240546
0.257470732300,0.056019745228,0.002757157384,-0.031855428270
0.254843480000,0.056087183138,0.002918338182,-0.050030559694
0.252216227600,0.056225999123,0.003008959403,-0.058377539692
0.249588975200,0.056319784602,0.003001373371,-0.044410613747
0.246961722900,0.056383213893,0.003074689631,-0.033145833296
0.244334470500,0.056419306804,0.003168004389,-0.038384241672
0.241707218100,0.056547688291,0.003299565974,-0.048478423845
0.239079965700,0.056682847601,0.003348647057,-0.029833541113
0.236452713400,0.056774052718,0.003365694925,-0.024529712686
0.233825461000,0.056898957698,0.003458479774,-0.042896467611
0.231198208600,0.057079527284,0.003563730508,-0.052652625612
0.228570956300,0.057196673749,0.003630987439,-0.001933128771
0.225943703900,0.057123882362,0.003676756487,0.063692824702
0.223316451500,0.056896527286,0.003703124738,0.117339905348
0.220689199100,0.056578469567,0.003687910643,0.173424584965
0.218061946800,0.056118400706,0.003704073796,0.208221397600
0.215434694400,0.055602967599,0.003753522922,0.164848942867
0.212807442000,0.055341143482,0.003821925112,0.077263161408
0.210180189700,0.055253397188,0.003897443797,0.047197570216
0.207552937300,0.055160899614,0.003914189095,0.042349649482
0.204925684900,0.055113867059,0.003841088557,0.027376602436
0.202298432500,0.055053949883,0.003776824685,0.040571087393
0.199671180200,0.054952021676,0.003774656334,0.077741259560
0.197043927800,0.054721069545,0.003699672339,0.122790189144
0.194416675400,0.054390578564,0.003557745669,0.143824132360
0.191789423100,0.054080372673,0.003320076961,0.120173157379
0.189162170700,0.053909824945,0.003171457042,0.106324628323
0.186534918300,0.053649786950,0.002769781784,0.136732696918
0.183907666000,0.053335789743,0.002301531103,0.123123508640
0.181280413600,0.053123745427,0.001975521397,0.071165257409
0.178653161200,0.053111373681,0.001754058757,0.025503541463
0.176025908800,0.053177355214,0.001469261433,-0.021996680011
0.173398656500,0.053395180778,0.001231388645,-0.044056015034
0.170771404100,0.053543983241,0.001066896921,0.000617271188
0.168144151700,0.053558245823,0.000859541862,0.052856671997
0.165516899400,0.053451858340,0.000791659898,0.106607419307
0.162889647000,0.053190138898,0.000787034674,0.165134034915
0.160262394600,0.052870033129,0.000880996558,0.167934896567
0.157635142200,0.052563471303,0.000833790234,0.171668976953
0.155007889900,0.052232827961,0.000804671633,0.190757367094
0.152380637500,0.051856431168,0.000642185663,0.215596858354
0.149753385100,0.051357895106,0.000496599510,0.224762012539
0.147126132800,0.050958120479,0.000386069121,0.169923280756
0.144498880400,0.050721310385,0.000261029271,0.131666447160
0.141871628000,0.050580790881,0.000020253514,0.117876493951
0.139244375600,0.050433164496,-0.000221200561,0.139889819421
0.136617123300,0.050184009534,-0.000335182170,0.149712246743
0.133989870900,0.049957735960,-0.000508796366,0.137588688754
0.131362618500,0.049784907994,-0.000541077090,0.126608273722
0.128735366200,0.049660609352,-0.000780570172,0.086025581453
0.126108113800,0.049723971706,-0.000866431325,0.000371106554
0.123480861400,0.049962511515,-0.000817578377,-0.058897199738
0.120853609000,0.050290279002,-0.000816339380,-0.085724666697
0.118226356700,0.050560572962,-0.000860165242,0.009479807016
0.115599104300,0.050432352966,-0.000909675363,0.099994566193
0.112971851900,0.050123461358,-0.000904490460,0.151556461680
0.110344599600,0.049717954235,-0.000769885573,0.168611955495
0.107717347200,0.049347039283,-0.000552410356,0.191043479818
0.105090094800,0.048818572415,-0.000245250032,0.222849405851
0.102462842500,0.048257801527,0.000035614376,0.207019432438
0.099835590100,0.047832584029,0.000414142123,0.156933158283
0.097208337700,0.047483795420,0.000770313475,0.119657872025
0.094581085300,0.047238782404,0.001018636075,0.080939385940
0.091953833000,0.047153068916,0.001018272111,0.038181782457
0.089326580600,0.047078310187,0.000837935079,0.016058398589
0.086699328200,0.047055735832,0.000673278162,0.004320071876
0.084072075900,0.047109580230,0.000568113812,-0.024601657130
0.081444823500,0.047298796325,0.000565677363,-0.076555078582
0.078817571100,0.047492915704,0.000604121744,-0.056851053109
0.076190318700,0.047551657286,0.000634585870,-0.016506521372
0.073563066400,0.047625270087,0.000688524668,0.007859862390
0.070935814000,0.047660142284,0.000831424953,0.046029240818
0.068308561600,0.047486133781,0.001033121431,0.078646902527
0.065681309300,0.047353615154,0.001080370975,0.049899686319
0.063054056900,0.047286378180,0.001143312274,0.006904983962
0.060426804500,0.047373551775,0.001354726589,-0.020143498709
0.057799552100,0.047431989296,0.001481535845,-0.004506999232
0.055172299800,0.047442878364,0.001473882049,0.031834599285
0.052545047400,0.047315313048,0.001466301897,0.064572617765
0.049917795000,0.047212398629,0.001409650925,0.029705574088
0.047290542700,0.047287967659,0.001254387256,-0.015654127561
0.044663290300,0.047342616796,0.001297240244,0.029566451013
0.042036037900,0.047174493349,0.001300446644,0.092339766077
0.039408785500,0.046947893883,0.001342679429,0.179744919552
0.036781533200,0.046320246748,0.001275004406,0.228379803362
0.034154280800,0.045788887814,0.001127616616,0.185901908969
0.031527028400,0.045421066107,0.001122281515,0.155846652865
0.028899776100,0.044999377395,0.001259385286,0.174147638355
0.026272523700,0.044492105032,0.001269893668,0.125760815326
0.023645271300,0.044298973120,0.001042851145,0.000924560521
0.021018019000,0.044343070418,0.001005538427,-0.031115994816
0.018390766600,0.044342672891,0.001199149640,-0.074009005284
0.015763514200,0.044674040200,0.001209547274,-0.124038719501
0.013136261800,0.045026025408,0.001190284477,-0.098915987039
0.010509009500,0.045299484133,0.001045407322,-0.033612871112
0.007881757100,0.045321745794,0.000991419379,0.015083559438
0.005254504700,0.045264642158,0.000788784482,0.306698147819
0.002627252400,0.043745247293,0.000546210554,1.390286816674
0.000000000000,0.037902549568,0.000278224112,2.215812513283
