0.391460603250,-0.028705368503,0.000186520402,-0.081970618592
0.388833350880,-0.028654712306,0.000348154643,-0.051514501382
0.386206098510,-0.028521031440,0.000350149580,0.174390938330
0.383578846140,-0.029608451489,0.000363358461,0.216296264634
0.380951593770,-0.029605467225,0.000469320392,-0.007018149769
0.378324341400,-0.029611380582,0.000646598175,-0.182355799422
0.375697089030,-0.028704469873,0.000814049783,-0.195438187586
0.373069836660,-0.028615019285,0.000845868934,0.009314707645
0.370442584290,-0.028721499047,0.000826781303,0.080480606170
0.367815331920,-0.028967957152,0.000898040699,0.059701643113
0.365188079550,-0.028943957519,0.000990115939,-0.106751538471
0.362560827170,-0.028327709357,0.001119982831,0.113257140661
0.359933574800,-0.029500838461,0.001058760267,0.205464407126
0.357306322430,-0.029398112868,0.001042907262,-0.013490414077
0.354679070060,-0.029418438488,0.001059019368,0.016769303970
0.352051817690,-0.029377293277,0.001138050456,-0.019907821662
0.349424565320,-0.029218976105,0.001184305486,-0.031617714809
0.346797312950,-0.029134120965,0.001222207553,-0.011272507037
0.344170060580,-0.029104854955,0.001396462578,-0.002566611343
0.341542808210,-0.029027845170,0.001458212528,-0.009451664772
0.338915555840,-0.028973100425,0.001395516378,-0.020489175312
0.336288303460,-0.028866219261,0.001551279699,-0.030997303109
0.333661051090,-0.028761604104,0.001626654810,0.003453136122
0.331033798720,-0.028795806928,0.001702122794,0.006403751579
0.328406546350,-0.028715511186,0.001609467303,-0.040200898476
0.325779293980,-0.028580208218,0.001619070570,-0.035394639193
0.323152041610,-0.028581721533,0.001611403508,0.000238946671
0.320524789240,-0.028580047255,0.001692643605,-0.009207709360
0.317897536870,-0.028556918524,0.001792249216,-0.019756196413
0.315270284500,-0.028525759030,0.001761727654,-0.029196039719
0.312643032100,-0.028476101471,0.001781592886,-0.040082763045
0.310015779800,-0.028390161629,0.001829275343,-0.037058398709
0.307388527400,-0.028341726901,0.001955178180,-0.007782795393
0.304761275000,-0.028417925343,0.002040262541,-0.011760361101
0.302134022600,-0.028373867303,0.002159983989,-0.041491406050
0.299506770300,-0.028361900376,0.002220693013,-0.015109895396
0.296879517900,-0.028457442046,0.002217403089,-0.003108988487
0.294252265500,-0.028503051064,0.002274200304,-0.014233543698
0.291625013200,-0.028548921514,0.002406129017,-0.033051023940
0.288997760800,-0.028495927668,0.002409483632,-0.030066402875
0.286370508400,-0.028524630693,0.002386620513,0.007086264231
0.283743256000,-0.028656654749,0.002345473515,0.011035024069
0.281116003700,-0.028706626916,0.002387011956,-0.000169963523
0.278488751300,-0.028779469982,0.002256316293,0.014057983646
0.275861498900,-0.028851816554,0.002192994926,0.016839051263
0.273234246600,-0.028939130614,0.002043615367,0.004923128906
0.270606994200,-0.028963468745,0.001824550309,-0.007681575930
0.267979741800,-0.028990221840,0.001749994125,0.036756991199
0.265352489400,-0.029195018444,0.001646963660,0.065342138392
0.262725237100,-0.029352957452,0.001639150118,0.041786391069
0.260097984700,-0.029447263917,0.001824964246,0.015544971597
0.257470732300,-0.029479686740,0.002147467359,-0.009522087467
0.254843480000,-0.029483576576,0.002466138481,-0.042674959633
0.252216227600,-0.029421052664,0.002698433775,-0.058992094891
0.249588975200,-0.029329483303,0.002938385648,-0.074213456513
0.246961722900,-0.029168527920,0.003143476805,-0.076092607933
0.244334470500,-0.029085032600,0.003250600225,-0.060902021520
0.241707218100,-0.028993195169,0.003363148115,-0.081026684933
0.239079965700,-0.028805327138,0.003346435497,-0.078989124798
0.236452713400,-0.028741158216,0.003427684596,-0.067906170006
0.233825461000,-0.028638938596,0.003482805070,-0.078113968250
0.231198208600,-0.028501138140,0.003596942932,-0.072786298439
0.228570956300,-0.028388550618,0.003758269144,-0.086241544081
0.225943703900,-0.028142917119,0.003978175255,-0.086306006460
0.223316451500,-0.028063111453,0.004213896422,-0.038945781218
0.220689199100,-0.028078657259,0.004260350028,-0.013327685869
0.218061946800,-0.028034219507,0.004265338575,-0.016771721872
0.215434694400,-0.027976361343,0.004354997060,0.010741001616
0.212807442000,-0.028053886782,0.004285331494,0.048011461733
0.210180189700,-0.028164656909,0.004235093581,0.050739768666
0.207552937300,-0.028171705317,0.004238280295,0.055221880572
0.204925684900,-0.028260848871,0.004252431155,0.076471554676
0.202298432500,-0.028415493003,0.004261449739,0.064712257915
0.199671180200,-0.028515300553,0.004295060803,0.067740564253
0.197043927800,-0.028590230836,0.004319036354,0.084064614880
0.194416675400,-0.028726454202,0.004440087450,0.117205151668
0.191789423100,-0.028906313988,0.004499145762,0.136505757654
0.189162170700,-0.029095321619,0.004571609047,0.131645161810
0.186534918300,-0.029223268848,0.004702831704,0.150552991189
0.183907666000,-0.029489814727,0.004699508058,0.171257274851
0.181280413600,-0.029779908835,0.004850473061,0.154543571303
0.178653161200,-0.029974137862,0.004985037901,0.128452554751
0.176025908800,-0.030166985294,0.005101256369,0.126464429608
0.173398656500,-0.030401905502,0.005030273359,0.121248365471
0.170771404100,-0.030599156102,0.004921596446,0.077495299623
0.168144151700,-0.030574655586,0.004937436620,0.031862905986
0.165516899400,-0.030508592963,0.004894273598,0.050768295519
0.162889647000,-0.030557340998,0.004796555668,0.096735158816
0.160262394600,-0.030822174537,0.004750556970,0.147142628258
0.157635142200,-0.031149639198,0.004545903516,0.133626112605
0.155007889900,-0.031364228353,0.004406868964,0.123456851210
0.152380637500,-0.031622436042,0.004315499881,0.121311195325
0.149753385100,-0.031827147318,0.004149190849,0.115125292282
0.147126132800,-0.032021827969,0.004046961766,0.128515170069
0.144498880400,-0.032275946744,0.003770906734,0.109065930055
0.141871628000,-0.032394775316,0.003554621027,0.082249248556
0.139244375600,-0.032536293706,0.003473973750,0.092224605809
0.136617123300,-0.032736999308,0.003390368242,0.105313814647
0.133989870900,-0.032945113341,0.003081654295,0.095821358434
0.131362618500,-0.033074019350,0.002878710783,0.044136712103
0.128735366200,-0.033081404997,0.002838461945,-0.013142733240
0.126108113800,-0.032950219853,0.002878815488,-0.018401800865
0.123480861400,-0.032847483605,0.003070807779,0.022649209300
0.120853609000,-0.033035590320,0.003343108326,0.065472070739
0.118226356700,-0.033203282737,0.003483263587,0.040814406384
0.115599104300,-0.033244840640,0.003491448004,0.044520668401
0.112971851900,-0.033350615713,0.003498530967,0.084691017950
0.110344599600,-0.033511733592,0.003657099000,0.138942894872
0.107717347200,-0.033869589287,0.003804431576,0.158232322458
0.105090094800,-0.034213921414,0.003831314147,0.154462643099
0.102462842500,-0.034619788938,0.003801791571,0.191982861223
0.099835590100,-0.035142627239,0.003828064727,0.203270008468
0.097208337700,-0.035639302585,0.003783752807,0.201575652165
0.094581085300,-0.036168139742,0.003586203060,0.194422113178
0.091953833000,-0.036610863795,0.003417682816,0.168398077058
0.089326580600,-0.037094833993,0.003499465677,0.135378183942
0.086699328200,-0.037385664318,0.003474969988,0.080457600440
0.084072075900,-0.037456896189,0.003572489659,0.033698317195
0.081444823500,-0.037514742935,0.003677151661,0.019875193104
0.078817571100,-0.037566766528,0.003862235808,0.022904239304
0.076190318700,-0.037657905905,0.003942579469,0.027210622187
0.073563066400,-0.037711462316,0.004029315866,0.017729034204
0.070935814000,-0.037667815972,0.004336171362,-0.044442402004
0.068308561600,-0.037388267908,0.004461823520,-0.103343661621
0.065681309300,-0.037069599662,0.004454219267,-0.103905372537
0.063054056900,-0.036789172675,0.004456663268,-0.085494977147
0.060426804500,-0.036535417564,0.004404826640,-0.076229451265
0.057799552100,-0.036347710363,0.004371756334,-0.044572463616
0.055172299800,-0.036385755814,0.004320117657,0.044929378146
0.052545047400,-0.036601212004,0.003993639125,0.143602767799
0.049917795000,-0.037115338476,0.003752316965,0.170489527118
0.047290542700,-0.037542576566,0.003556167920,0.089749888666
0.044663290300,-0.037620971296,0.003331298441,0.053126559568
0.042036037900,-0.037806835021,0.003082106101,0.080843439951
0.039408785500,-0.038021876508,0.002951350794,0.091197735260
0.036781533200,-0.038230796443,0.002819437543,0.089364879422
0.034154280800,-0.038420827697,0.002690653168,0.120704629735
0.031527028400,-0.038802737297,0.002520959629,0.193548761442
0.028899776100,-0.039304933723,0.002264489690,0.163409150859
0.026272523700,-0.039519422075,0.002176366895,-0.197089229437
0.023645271300,-0.038162616520,0.001837211474,-0.251833311815
0.021018019000,-0.038099449391,0.001506654391,0.535168421916
0.018390766600,-0.040851109001,0.001785779402,0.640482806223
0.015763514200,-0.041302656501,0.001833915516,0.164641704217
0.013136261800,-0.041545506678,0.001631740946,0.049674385680
0.010509009500,-0.041472225503,0.001473074507,-0.022500042443
0.007881757100,-0.041344612392,0.001352307678,-0.153081114680
0.005254504700,-0.040636107630,0.001352021990,-0.293345232052
0.002627252400,-0.039782907884,0.001236804663,-1.191137930685
0.000000000000,-0.034352697425,0.001246150866,-2.067230882909
