0.391460603250,0.005816338093,0.000028775055,0.109437233897
0.388833350880,0.005607988686,-0.000058142203,0.130645048289
0.386206098510,0.005316250493,-0.000126167695,0.188085147612
0.383578846140,0.004836487715,0.000058906888,0.306098631161
0.380951593770,0.003797660232,0.000204159948,0.070880910444
0.378324341400,0.004593674168,0.000294054561,-0.170914593510
0.375697089030,0.004701654412,0.000214110866,0.110587730141
0.373069836660,0.004007811241,0.000213434750,-0.020317633276
0.370442584290,0.004839649254,0.000183585043,-0.149106425088
0.367815331920,0.004733010715,0.000227582238,0.005751753733
0.365188079550,0.004751177557,0.000145147043,-0.040904285235
0.362560827170,0.004871215256,0.000110502569,-0.047011066982
0.359933574800,0.004867306318,0.000217456924,-0.051450039476
0.357306322430,0.004932999334,0.000199554686,-0.064295651564
0.354679070060,0.004930752859,0.000057121931,-0.066474390983
0.352051817690,0.004933469968,0.000153343709,-0.180643477060
0.349424565320,0.005533879003,0.000115752073,-0.151988946284
0.346797312950,0.005304039270,0.000340969767,0.028974427919
0.344170060580,0.005339072317,0.000458692790,-0.030540391244
0.341542808210,0.005422273152,0.000420633731,-0.135773868692
0.338915555840,0.005880199479,0.000675064061,-0.179337836067
0.336288303460,0.006231187476,0.000862181714,-0.112987379674
0.333661051090,0.006368266235,0.001061687514,-0.067509855753
0.331033798720,0.006428338606,0.001233413296,-0.050846969233
0.328406546350,0.006491790926,0.001455739196,-0.018136003823
0.325779293980,0.006401113360,0.001732484994,-0.001843315704
0.323152041610,0.006379359357,0.002031051824,-0.044261123247
0.320524789240,0.006520619952,0.002201644641,-0.056204393349
0.317897536870,0.006602487201,0.002414216989,-0.047886435240
0.315270284500,0.006693788288,0.002455891646,-0.067866229986
0.312643032100,0.006904790801,0.002509377447,-0.083662283504
0.310015779800,0.007164614016,0.002538192130,-0.085407530803
0.307388527400,0.007406213770,0.002575012588,-0.071382283251
0.304761275000,0.007566006099,0.002585679822,-0.044949316771
0.302134022600,0.007714950866,0.002415547691,-0.035500086382
0.299506770300,0.007797287210,0.002294378561,-0.038569108446
0.296879517900,0.008006809819,0.002303797878,-0.035175130142
0.294252265500,0.008120297049,0.002246427466,-0.006440213734
0.291625013200,0.008186980350,0.002244581093,-0.019332254485
0.288997760800,0.008320362449,0.002266360575,-0.027548066233
0.286370508400,0.008356421319,0.002281890528,0.007652007896
0.283743256000,0.008242017640,0.002249406956,0.024128094271
0.281116003700,0.008226942462,0.002198448110,0.012693924585
0.278488751300,0.008184154399,0.002107654003,0.037343516469
0.275861498900,0.008019256696,0.002035550916,0.029847631825
0.273234246600,0.007908112966,0.002143189866,0.059980848395
0.270606994200,0.007633050462,0.002366373941,0.069383631571
0.267979741800,0.007535991414,0.002511268852,0.028899627331
0.265352489400,0.007501241356,0.002607081162,0.000586750423
0.262725237100,0.007472267594,0.002801301411,0.014673341146
0.260097984700,0.007421624706,0.002984032086,0.007747469338
0.257470732300,0.007451981015,0.003104459964,-0.026930559344
0.254843480000,0.007578762637,0.003118122856,-0.015648985042
0.252216227600,0.007635364665,0.002971112717,0.009201891715
0.249588975200,0.007618925609,0.002925611779,0.004712699547
0.246961722900,0.007694282031,0.002950742085,-0.018748738726
0.244334470500,0.007792436973,0.003006601741,0.014342036243
0.241707218100,0.007764790898,0.002837224253,0.026598194886
0.239079965700,0.007822122746,0.002829717751,0.013960028097
0.236452713400,0.007861134971,0.002915511827,0.035271178833
0.233825461000,0.007777744395,0.002820170682,0.051451303808
0.231198208600,0.007775112576,0.002769438039,0.011007878813
0.228570956300,0.007918625709,0.002789703899,-0.013699252639
0.225943703900,0.007987178611,0.002861901178,0.010030962133
0.223316451500,0.007992667779,0.002895619985,0.051285230853
0.220689199100,0.007786865908,0.002916220831,0.120237769875
0.218061946800,0.007488367349,0.002982404251,0.169331784958
0.215434694400,0.007036742197,0.002957067950,0.205672313356
0.212807442000,0.006517558996,0.002908804557,0.164783734362
0.210180189700,0.006192926064,0.002961261482,0.102925524193
0.207552937300,0.006071927050,0.003060611887,0.051153596127
0.204925684900,0.006022766452,0.003090113473,0.043729650759
0.202298432500,0.005867834400,0.003122309264,0.078894472092
0.199671180200,0.005661515060,0.003198544143,0.109793503951
0.197043927800,0.005402154091,0.003172722276,0.140867424787
0.194416675400,0.005084930427,0.003069873873,0.134999662023
0.191789423100,0.004736625232,0.002982409027,0.137563601450
0.189162170700,0.004417176653,0.002691830576,0.156385815614
0.186534918300,0.003998175986,0.002480122944,0.145164248495
0.183907666000,0.003774909223,0.002306993220,0.104857160619
0.181280413600,0.003603794202,0.002069821552,0.075808253002
0.178653161200,0.003460377414,0.001885652892,0.025560045684
0.176025908800,0.003517688066,0.001836928349,-0.012039229788
0.173398656500,0.003549980138,0.001601480871,-0.003393258407
0.170771404100,0.003515764086,0.001294059966,0.014588916945
0.168144151700,0.003443568215,0.001069574926,0.028828609080
0.165516899400,0.003363922776,0.000753694167,-0.035750241823
0.162889647000,0.003568395906,0.000651919986,-0.072769453002
0.160262394600,0.003652235045,0.000604015034,-0.026505455007
0.157635142200,0.003558787977,0.000564767973,-0.018300868074
0.155007889900,0.003610416404,0.000491053569,-0.070937026483
0.152380637500,0.003812143258,0.000503029459,-0.068055215439
0.149753385100,0.003836046260,0.000701308684,-0.039399175251
0.147126132800,0.003875804580,0.000834509316,-0.061816328630
0.144498880400,0.004073524990,0.000897129629,-0.056265465724
0.141871628000,0.004123397895,0.000964986856,-0.060987533524
0.139244375600,0.004273336948,0.001059271092,-0.056701737302
0.136617123300,0.004316808244,0.001253184715,0.000940003533
0.133989870900,0.004229713247,0.001303874990,0.029829541240
0.131362618500,0.004137565217,0.001410343240,0.037956103943
0.128735366200,0.004062980294,0.001600585308,-0.047831806648
0.126108113800,0.004337663356,0.001662427444,-0.141787977153
0.123480861400,0.004693798753,0.001691872943,-0.132836935825
0.120853609000,0.005093657916,0.001574238536,-0.118772037890
0.118226356700,0.005418827913,0.001568105228,-0.087938929287
0.115599104300,0.005713286706,0.001229766745,-0.058659277833
0.112971851900,0.005890685897,0.000759805437,0.005945220878
0.110344599600,0.005815194500,0.000536604815,0.059891775257
0.107717347200,0.005627296270,0.000455073725,0.118284050828
0.105090094800,0.005297551897,0.000356603076,0.155108523218
0.102462842500,0.004885897903,0.000267334972,0.139548440602
0.099835590100,0.004575273182,0.000374437537,0.071681761841
0.097208337700,0.004551086655,0.000429560983,0.017706132781
0.094581085300,0.004535827225,0.000476956640,0.056780469389
0.091953833000,0.004296430752,0.000520733640,0.123229142620
0.089326580600,0.004045538600,0.000612585176,0.152832424246
0.086699328200,0.003646211576,0.000742700676,0.184273659047
0.084072075900,0.003330400135,0.000835626018,0.195111187801
0.081444823500,0.002880588967,0.000791179566,0.229037310046
0.078817571100,0.002272131369,0.000754074336,0.260029798608
0.076190318700,0.001685097976,0.000691942465,0.168335085881
0.073563066400,0.001543842185,0.000730423808,0.039146164072
0.070935814000,0.001618703688,0.000767315637,-0.009653801082
0.068308561600,0.001723667938,0.000761930179,0.023091273377
0.065681309300,0.001663035571,0.000864389554,0.067481187995
0.063054056900,0.001536904424,0.000901629490,0.073104516341
0.060426804500,0.001356712511,0.000915366354,0.141352096292
0.057799552100,0.000876503187,0.001008826909,0.181196943169
0.055172299800,0.000440091107,0.001128675670,0.089513033268
0.052545047400,0.000457825943,0.001266533152,-0.017266861538
0.049917795000,0.000657055967,0.001381641480,-0.029771041604
0.047290542700,0.000811935980,0.001371358323,-0.015153814364
0.044663290300,0.000947364249,0.001260550862,-0.020912498400
0.042036037900,0.001008920199,0.001153195291,0.039856617735
0.039408785500,0.000834859592,0.001184959054,0.085764969551
0.036781533200,0.000655870410,0.001121787410,0.083554600286
0.034154280800,0.000478206919,0.001250619370,0.122425766529
0.031527028400,0.000015478384,0.001294611265,0.162278291384
0.028899776100,-0.000354460910,0.001344362558,0.132744943836
0.026272523700,-0.000609101090,0.001239794881,0.083099535381
0.023645271300,-0.000676608268,0.001085212150,0.065907480864
0.021018019000,-0.000845387826,0.001017656713,0.174268298116
0.018390766600,-0.001520058693,0.001303196879,0.201242287883
0.015763514200,-0.001899422120,0.001400560511,0.140501302317
0.013136261800,-0.002247669446,0.001348226245,0.174317938494
0.010509009500,-0.002727375744,0.001242697479,0.161182535470
0.007881757100,-0.002950552235,0.001057872873,0.056774646581
0.005254504700,-0.002882574867,0.000907512043,-0.041238208240
0.002627252400,-0.002589655391,0.000667780457,-0.147701655991
0.000000000000,-0.001962723823,0.000419024530,-0.205292988239
