0.391460603250,0.025672242940,-0.000114795249,-0.246358096037
0.388833350880,0.026431689653,-0.000011117077,-0.016067449039
0.386206098510,0.025947891455,0.000123914361,0.372427090454
0.383578846140,0.024492479813,0.000223861855,0.345611278843
0.380951593770,0.024187316336,0.000193711449,0.034277219200
0.378324341400,0.024328844687,0.000260921130,-0.005902373626
0.375697089030,0.024209949172,0.000243108733,0.088818318370
0.373069836660,0.023831474635,0.000088272422,0.118843844064
0.370442584290,0.023551803577,0.000033046326,-0.061393551740
0.367815331920,0.024095317990,-0.000077736220,-0.319825996776
0.365188079550,0.025112309825,-0.000215034830,-0.135872186112
0.362560827170,0.024817155793,-0.000262955497,0.108672555880
0.359933574800,0.024516443545,-0.000204587766,0.065814407600
0.357306322430,0.024354577486,-0.000212008749,-0.006028252890
0.354679070060,0.024400470636,-0.000031537565,-0.041202932695
0.352051817690,0.024514507863,0.000117843923,-0.073477362248
0.349424565320,0.024763477566,0.000382432851,-0.132335755654
0.346797312950,0.025211978251,0.000532533232,-0.227858756993
0.344170060580,0.025929122468,0.000535081746,-0.286103256734
0.341542808210,0.026678541524,0.000699716539,-0.251543633433
0.338915555840,0.027318828791,0.000793728718,-0.189703025692
0.336288303460,0.027735088892,0.000888604825,-0.148191994286
0.333661051090,0.028085121202,0.001004563515,-0.128589853997
0.331033798720,0.028360026605,0.001231376997,-0.098783633068
0.328406546350,0.028544629071,0.001385645292,-0.074173412072
0.325779293980,0.028679758309,0.001498359162,-0.037213642643
0.323152041610,0.028729709246,0.001547072816,-0.019482019487
0.320524789240,0.028745350691,0.001563697182,0.000939884094
0.317897536870,0.028715401679,0.001703506745,0.003727129523
0.315270284500,0.028745257351,0.001824956426,-0.006153421468
0.312643032100,0.028711827982,0.001945394979,0.029768447071
0.310015779800,0.028583237838,0.002154333562,0.066955849089
0.307388527400,0.028271452857,0.002155661557,0.068390186202
0.304761275000,0.028102930990,0.002070747650,0.045959159769
0.302134022600,0.028002583340,0.002090757258,0.044590084032
0.299506770300,0.027870158178,0.002151673407,0.029887148943
0.296879517900,0.027861956647,0.002225883234,0.009437481068
0.294252265500,0.027832802573,0.002263582474,-0.009922889476
0.291625013200,0.027919346321,0.002271116280,-0.042463215258
0.288997760800,0.028045769742,0.002397512916,-0.043561823409
0.286370508400,0.028136862564,0.002405318936,-0.067955413922
0.283743256000,0.028394801170,0.002324120731,-0.064178091387
0.281116003700,0.028560757965,0.002268399583,-0.039404844548
0.278488751300,0.028670106288,0.002239407064,0.007578107975
0.275861498900,0.028601722001,0.002145185180,0.037841648406
0.273234246600,0.028604880663,0.001999929516,0.017736865794
0.270606994200,0.028714797439,0.001828190826,0.013941090408
0.267979741800,0.028733068890,0.001622619285,0.032410757941
0.265352489400,0.028737458093,0.001436159732,0.037462014342
0.262725237100,0.028778175275,0.001236013001,0.028721730318
0.260097984700,0.028864768255,0.001062660404,0.032718825710
0.257470732300,0.028905458642,0.000901638979,0.058677552815
0.254843480000,0.028864346847,0.000814332654,0.119181315090
0.252216227600,0.028537526491,0.000943067705,0.185050781713
0.249588975200,0.028158020971,0.001192992092,0.184707814509
0.246961722900,0.027886058064,0.001457268784,0.203816236451
0.244334470500,0.027455488822,0.001595927738,0.216484290851
0.241707218100,0.027118454819,0.001855654076,0.186662322649
0.239079965700,0.026826770413,0.002251208979,0.165961382262
0.236452713400,0.026572563943,0.002524835220,0.149014548114
0.233825461000,0.026404813848,0.002636794677,0.104968513374
0.231198208600,0.026326671152,0.002800307288,0.096086462144
0.228570956300,0.026162932245,0.003027366489,0.145132623669
0.225943703900,0.025763360249,0.003260778076,0.208675967859
0.223316451500,0.025218356330,0.003563312648,0.230381557779
0.220689199100,0.024724030393,0.003688866782,0.187864649608
0.218061946800,0.024384874300,0.003791547930,0.124220513460
0.215434694400,0.024192273975,0.003851329820,0.112689701815
0.212807442000,0.023905275278,0.003772029546,0.107495909197
0.210180189700,0.023706217216,0.003491126188,0.098740796606
0.207552937300,0.023461647330,0.003109685099,0.086284171879
0.204925684900,0.023270261498,0.002816796504,0.087489649667
0.202298432500,0.023017110911,0.002501265461,0.105391396936
0.199671180200,0.022729869396,0.002109578835,0.103305773344
0.197043927800,0.022395971398,0.001967087270,0.103311617286
0.194416675400,0.022051524316,0.001771769343,0.047415365696
0.191789423100,0.021926440170,0.001652802168,-0.037719413029
0.189162170700,0.021994737490,0.001624510502,-0.073406830599
0.186534918300,0.021999085782,0.001649066068,-0.080655232163
0.183907666000,0.022109710474,0.001605986109,-0.117763074446
0.181280413600,0.022310233881,0.001661078853,-0.118408513422
0.178653161200,0.022395013278,0.001677067850,-0.083136853516
0.176025908800,0.022418683355,0.001718463808,-0.062515613716
0.173398656500,0.022423002459,0.001895057708,-0.074767716455
0.170771404100,0.022543125161,0.001935676988,-0.100603656619
0.168144151700,0.022697886239,0.001894262995,-0.092526976829
0.165516899400,0.022831375179,0.001815826706,-0.104571490809
0.162889647000,0.023005144447,0.001732024812,-0.138860022907
0.160262394600,0.023308943260,0.001662076590,-0.115695315479
0.157635142200,0.023380599741,0.001599118878,-0.085968154663
0.155007889900,0.023517998717,0.001518875513,-0.131689909548
0.152380637500,0.023875396963,0.001561407073,-0.189406598648
0.149753385100,0.024315754064,0.001722136065,-0.238771055284
0.147126132800,0.024949681964,0.001811319128,-0.234123599668
0.144498880400,0.025404321156,0.001913659926,-0.212785004409
0.141871628000,0.025893728304,0.001940867851,-0.195672500637
0.139244375600,0.026251073906,0.002004860603,-0.118684412623
0.136617123300,0.026355478506,0.001949611641,-0.035094641366
0.133989870900,0.026275673283,0.001917768382,0.010055801691
0.131362618500,0.026171799332,0.001873161973,0.007957705346
0.128735366200,0.026099004514,0.001775592528,0.023249779747
0.126108113800,0.025934801619,0.001514698310,0.063699835879
0.123480861400,0.025691740280,0.001393359275,0.053570971746
0.120853609000,0.025608172712,0.001381459013,0.042929883524
0.118226356700,0.025406582771,0.001203750516,0.077654121438
0.115599104300,0.025180129211,0.000965521488,0.107844830984
0.112971851900,0.024879135117,0.000821572449,0.121720277370
0.110344599600,0.024568144215,0.000712823141,0.138069972475
0.107717347200,0.024175897281,0.000725119782,0.182103403539
0.105090094800,0.023790840446,0.000577252543,0.116632396454
0.102462842500,0.023728822365,0.000329809436,0.041745117384
0.099835590100,0.023713284136,0.000016076153,0.073117090484
0.097208337700,0.023480632238,-0.000399946595,0.177615403596
0.094581085300,0.022954614807,-0.000548987700,0.276851991492
0.091953833000,0.022238842472,-0.000644911268,0.286480814676
0.089326580600,0.021666338950,-0.000894232734,0.153835725291
0.086699328200,0.021645947989,-0.000978722087,-0.007013511281
0.084072075900,0.021890688135,-0.001062791473,-0.049511242968
0.081444823500,0.022071658990,-0.001240245508,-0.021319409335
0.078817571100,0.022162506917,-0.001220508408,0.022027181059
0.076190318700,0.022135313287,-0.001116820279,0.081435539313
0.073563066400,0.021916825192,-0.001034805935,0.106995815667
0.070935814000,0.021790312324,-0.000799417595,0.072805935247
0.068308561600,0.021692888473,-0.000559820619,0.038307067637
0.065681309300,0.021671103960,-0.000350502147,-0.019760731828
0.063054056900,0.021817988081,-0.000209462659,-0.072414347960
0.060426804500,0.022024740339,-0.000226359417,-0.055472358424
0.057799552100,0.022055714241,0.000064176700,-0.040613746987
0.055172299800,0.022137080982,0.000196071262,-0.029972195783
0.052545047400,0.022063606898,0.000213437939,0.019617726401
0.049917795000,0.021851202945,0.000259426982,0.055175467638
0.047290542700,0.021683346319,0.000479861486,0.071430185297
0.044663290300,0.021425760204,0.000553583066,0.142224378152
0.042036037900,0.020950849676,0.000567982034,0.201067760948
0.039408785500,0.020457222641,0.000524252399,0.220855205284
0.036781533200,0.019931405444,0.000438879342,0.209031246745
0.034154280800,0.019556444867,0.000386222084,0.159822495639
0.031527028400,0.019295911287,0.000285303130,0.187247225760
0.028899776100,0.018787142590,0.000277574324,0.234395475691
0.026272523700,0.018250763349,0.000195778026,0.445780010745
0.023645271300,0.016677039309,0.000373079525,0.404698908161
0.021018019000,0.016421146095,0.000432114235,0.090130217760
0.018390766600,0.016484983754,0.000348612285,0.063955705289
0.015763514200,0.016369560833,0.000401004815,0.105467449690
0.013136261800,0.016158328225,0.000216256449,0.087579166601
0.010509009500,0.016068258729,0.000003945387,0.016433513816
0.007881757100,0.016125405962,0.000004731801,-0.043940641120
0.005254504700,0.016394165628,-0.000097278064,-0.165819709515
0.002627252400,0.016970816541,-0.000186313012,0.018132791133
0.000000000000,0.016254408967,-0.000139427651,0.274760844508
