0.391460603250,-0.045216494591,-0.000035572683,-0.189856127444
0.388833350880,-0.045077629148,-0.000464595707,0.416241374067
0.386206098510,-0.047820405625,-0.000716973113,0.803270196785
0.383578846140,-0.049437777002,-0.001004124427,0.272559560561
0.380951593770,-0.049311658375,-0.001068911749,0.258141847525
0.378324341400,-0.050715140513,-0.000976565005,0.223037818115
0.375697089030,-0.050382280702,-0.000811141651,-0.248419622966
0.373069836660,-0.049371484391,-0.000682627582,-0.138098124525
0.370442584290,-0.049602952950,-0.000416903548,0.060424890867
0.367815331920,-0.049755109610,-0.000253889589,0.346085252783
0.365188079550,-0.051413189220,-0.000131817221,0.578586225505
0.362560827170,-0.052681682809,-0.000024172693,0.229566043270
0.359933574800,-0.052643445240,0.000127626659,-0.047838382259
0.357306322430,-0.052431316115,0.000136959069,-0.092532511098
0.354679070060,-0.052081069253,0.000254389087,-0.082542803043
0.352051817690,-0.051920154937,0.000374053363,-0.007800787243
0.349424565320,-0.051872674886,0.000452313772,-0.028699677587
0.346797312950,-0.051621570295,0.000524062832,-0.117232739635
0.344170060580,-0.051249028925,0.000623962492,-0.136815299765
0.341542808210,-0.050826999233,0.000818821697,-0.177462201079
0.338915555840,-0.050263405660,0.000894688445,-0.194390709631
0.336288303460,-0.049722295675,0.000995972297,-0.174408625162
0.333661051090,-0.049308461252,0.001000642416,-0.156024841257
0.331033798720,-0.048918352804,0.001080232900,-0.160036429400
0.328406546350,-0.048499614741,0.001178192061,-0.146863680909
0.325779293980,-0.048229050511,0.001281248698,-0.111323191346
0.323152041610,-0.047952632812,0.001317195791,-0.111525783249
0.320524789240,-0.047646636844,0.001354706639,-0.101730863754
0.317897536870,-0.047433612002,0.001541465881,-0.058841267473
0.315270284500,-0.047361579479,0.001638344445,-0.035521625930
0.312643032100,-0.047296460295,0.001726690110,-0.027331510796
0.310015779800,-0.047304047043,0.001787347671,0.000450955210
0.307388527400,-0.047293762063,0.001730486603,-0.017411377830
0.304761275000,-0.047191318506,0.001659028516,-0.012166316915
0.302134022600,-0.047235646771,0.001692195183,0.023133504186
0.299506770300,-0.047345693582,0.001664285665,0.006593979823
0.296879517900,-0.047316718146,0.001623040235,-0.005374340647
0.294252265500,-0.047388038260,0.001614127370,0.034238489829
0.291625013200,-0.047597557176,0.001712343707,0.070935226931
0.288997760800,-0.047841968605,0.001833769498,0.059879501954
0.286370508400,-0.048068685795,0.001934432280,0.043927992126
0.283743256000,-0.048174739934,0.002122395090,0.013971550522
0.281116003700,-0.048220230178,0.002492987565,0.012958272300
0.278488751300,-0.048272736968,0.002705975883,0.030461279432
0.275861498900,-0.048413179735,0.002845999297,0.041025039579
0.273234246600,-0.048504091352,0.002997647840,0.004511558141
0.270606994200,-0.048475123998,0.003116636191,-0.004817463471
0.267979741800,-0.048456478436,0.003173658543,-0.000615883470
0.265352489400,-0.048434558770,0.003265799839,-0.015851464359
0.262725237100,-0.048335637886,0.003408024782,-0.039724411213
0.260097984700,-0.048213745058,0.003463576581,-0.044217498036
0.257470732300,-0.048048267352,0.003504520642,-0.041791405315
0.254843480000,-0.047935215985,0.003441614204,-0.011977333435
0.252216227600,-0.047909521442,0.003526606561,-0.000949760194
0.249588975200,-0.047835216484,0.003539562590,-0.005703340146
0.246961722900,-0.047754256362,0.003437254859,-0.037249842401
0.244334470500,-0.047540748125,0.003281095177,-0.024381702726
0.241707218100,-0.047490802817,0.003163134004,0.035294952086
0.239079965700,-0.047562972143,0.003149441954,0.046673000065
0.236452713400,-0.047573440907,0.003145783504,0.076341037390
0.233825461000,-0.047763777074,0.003185720736,0.172018638950
0.231198208600,-0.048215472022,0.003287092225,0.194203139902
0.228570956300,-0.048650024318,0.003448864963,0.185272917441
0.225943703900,-0.049080753190,0.003626636083,0.195321900678
0.223316451500,-0.049542688243,0.003807668668,0.173550289071
0.220689199100,-0.049867151961,0.004032314307,0.120641304959
0.218061946800,-0.050061561566,0.004250963173,0.078977409192
0.215434694400,-0.050162098766,0.004395240618,0.031814341387
0.212807442000,-0.050106227800,0.004379456884,0.021394422616
0.210180189700,-0.050122831701,0.004377223630,0.055659043193
0.207552937300,-0.050250457444,0.004324567916,0.092170660406
0.204925684900,-0.050471353904,0.004255212810,0.127453448545
0.202298432500,-0.050787029941,0.004090552642,0.180464161237
0.199671180200,-0.051309305513,0.003732153203,0.211604650284
0.197043927800,-0.051826618717,0.003474779254,0.214052725852
0.194416675400,-0.052417507591,0.003368983263,0.232639625340
0.191789423100,-0.053031726967,0.003228238793,0.226277676261
0.189162170700,-0.053519372839,0.002974474613,0.241212338878
0.186534918300,-0.054161092897,0.002602061285,0.259056989710
0.183907666000,-0.054765023310,0.002017109290,0.184647200985
0.181280413600,-0.055045131814,0.001484510680,0.078416436590
0.178653161200,-0.055044750164,0.001101931967,-0.020319192524
0.176025908800,-0.054854670082,0.000815564458,-0.090854974594
0.173398656500,-0.054473140253,0.000601129037,-0.166981274460
0.170771404100,-0.053922677041,0.000543857979,-0.214738094062
0.168144151700,-0.053385885581,0.000512448007,-0.213243877861
0.165516899400,-0.052907342765,0.000499576840,-0.157436536073
0.162889647000,-0.052701181273,0.000644088140,-0.103929708004
0.160262394600,-0.052567885660,0.000853774129,-0.075054649508
0.157635142200,-0.052564621564,0.001011831487,-0.039978739343
0.155007889900,-0.052518847125,0.001173331234,-0.035563049735
0.152380637500,-0.052527377033,0.001340759205,-0.032597318561
0.149753385100,-0.052548792460,0.001588855584,-0.034525581511
0.147126132800,-0.052535693078,0.001798356509,-0.049133596914
0.144498880400,-0.052454548620,0.001843548681,-0.094142336117
0.141871628000,-0.052215258085,0.002009693182,-0.107362862732
0.139244375600,-0.052037687921,0.002094233614,-0.063382294782
0.136617123300,-0.051979341311,0.002040010997,-0.044288134303
0.133989870900,-0.052002882927,0.002085166750,-0.030653926766
0.131362618500,-0.052054620487,0.002228395225,0.001520572153
0.128735366200,-0.052147256522,0.002236591068,0.007091802637
0.126108113800,-0.052155869905,0.002381241964,-0.057218399603
0.123480861400,-0.051895040485,0.002476821954,-0.154289908291
0.120853609000,-0.051412115165,0.002552369316,-0.144299297887
0.118226356700,-0.051278176958,0.002438657606,-0.028839051620
0.115599104300,-0.051416283402,0.002305412575,0.084295603561
0.112971851900,-0.051809773851,0.002277152259,0.167054991824
0.110344599600,-0.052351246663,0.002282989288,0.227680305203
0.107717347200,-0.053017917949,0.002369882840,0.244089307912
0.105090094800,-0.053576106208,0.002364472156,0.204664306290
0.102462842500,-0.053984317477,0.002416916198,0.073899657016
0.099835590100,-0.053892638941,0.002435494034,-0.054250877599
0.097208337700,-0.053663173695,0.002328806685,-0.055879173482
0.094581085300,-0.053560807651,0.002283766930,0.003169165005
0.091953833000,-0.053559270055,0.002446181114,0.054142170724
0.089326580600,-0.053664811911,0.002562703028,0.080226684186
0.086699328200,-0.053888474598,0.002597630712,0.104121714880
0.084072075900,-0.054133224615,0.002538379182,0.120776484175
0.081444823500,-0.054431727280,0.002420201018,0.086911053708
0.078817571100,-0.054542783958,0.002319503227,0.081462770214
0.076190318700,-0.054785082940,0.002310734038,0.133228396100
0.073563066400,-0.055126499569,0.002177514481,0.184169420851
0.070935814000,-0.055653020732,0.002266565526,0.220319077680
0.068308561600,-0.056179935442,0.002312064065,0.186452279259
0.065681309300,-0.056408610629,0.002379163275,0.079791466633
0.063054056900,-0.056374655744,0.002335628575,0.026055977848
0.060426804500,-0.056333298396,0.002316062305,-0.036228005645
0.057799552100,-0.056034974506,0.002470337954,-0.129873009089
0.055172299800,-0.055526422279,0.002577808153,-0.140507502367
0.052545047400,-0.055203930482,0.002761657886,-0.054380993469
0.049917795000,-0.055162879307,0.002722586989,0.004515167451
0.047290542700,-0.055066343431,0.002810780766,0.064577361165
0.044663290300,-0.055295600843,0.002888624212,0.167043515946
0.042036037900,-0.055733259715,0.002938222872,0.208978487754
0.039408785500,-0.056182542753,0.002881183944,0.242067871659
0.036781533200,-0.056751771957,0.002721172518,0.223875935893
0.034154280800,-0.057121329125,0.002747260561,0.177554457834
0.031527028400,-0.057485644227,0.002811773490,0.177363971147
0.028899776100,-0.057883711714,0.002625836667,0.134670378284
0.026272523700,-0.058011555998,0.002511360179,-0.106656216231
0.023645271300,-0.057134324515,0.002515409106,0.146034795675
0.021018019000,-0.058767503567,0.002404630311,0.444571427733
0.018390766600,-0.059272536282,0.002236833032,0.270631737609
0.015763514200,-0.060006467586,0.002063752674,0.342618983958
0.013136261800,-0.060882213528,0.001951380571,0.299495755887
0.010509009500,-0.061412976538,0.001701710226,0.162197299827
0.007881757100,-0.061606019253,0.001604674194,0.050543393390
0.005254504700,-0.061529592833,0.001421408224,-0.054335111121
0.002627252400,-0.061216470646,0.001425484411,-2.112034310769
0.000000000000,-0.050335384897,0.001409339829,-4.123434182062
