0.391460603250,-0.014973184302,0.000208534688,-0.185249199707
0.388833350880,-0.014471765422,0.000489420040,-0.164236035456
0.386206098510,-0.014129321167,0.000749307712,-0.036289850486
0.383578846140,-0.014284131727,0.000849629402,0.193554840300
0.380951593770,-0.015089873962,0.000873709428,0.083510112520
0.378324341400,-0.014654669014,0.000794889764,-0.176085495782
0.375697089030,-0.014252979379,0.000960784501,-0.434505645083
0.373069836660,-0.012530218594,0.001220270462,-0.207193653573
0.370442584290,-0.013516978011,0.001276877527,-0.000564913650
0.367815331920,-0.012920973702,0.001481101497,-0.052060854122
0.365188079550,-0.013316397084,0.001582533512,0.118988519565
0.362560827170,-0.013559535640,0.001610521917,0.079306399138
0.359933574800,-0.013666611866,0.001573667701,-0.001014990577
0.357306322430,-0.013436774604,0.001756646668,0.098224413455
0.354679070060,-0.014060662142,0.001992957428,0.173060544079
0.352051817690,-0.014263364299,0.001949354081,0.064672609326
0.349424565320,-0.014309410852,0.001972165810,0.000655348122
0.346797312950,-0.014189256528,0.001946160103,-0.023666312747
0.344170060580,-0.014089862586,0.001892439260,-0.116943421479
0.341542808210,-0.013478913701,0.001953130602,-0.129980294574
0.338915555840,-0.013440216005,0.001979461338,-0.060949913875
0.336288303460,-0.013093822404,0.001888256877,-0.114246727878
0.333661051090,-0.012781446179,0.001781966535,-0.091215892586
0.331033798720,-0.012574171853,0.001618104451,-0.086800694382
0.328406546350,-0.012378739439,0.001608524173,-0.091466503183
0.325779293980,-0.012102819423,0.001654736061,-0.071301894821
0.323152041610,-0.012002027635,0.001662831353,-0.027288107187
0.320524789240,-0.011939710225,0.001766287290,-0.025101132271
0.317897536870,-0.011838319520,0.002012364025,-0.038035793865
0.315270284500,-0.011782272525,0.002091814812,-0.018443463768
0.312643032100,-0.011723712965,0.002060897252,-0.013080073138
0.310015779800,-0.011741807517,0.002028833965,-0.012166423930
0.307388527400,-0.011747507642,0.001977678580,-0.034492940437
0.304761275000,-0.011627447541,0.001936107733,-0.061805141695
0.302134022600,-0.011478488798,0.001829994960,-0.043404343048
0.299506770300,-0.011446444125,0.001744559213,-0.029902831337
0.296879517900,-0.011417708186,0.001600321436,-0.015542458321
0.294252265500,-0.011407105995,0.001468825354,0.004082793430
0.291625013200,-0.011499975923,0.001231603658,-0.002862493085
0.288997760800,-0.011446203766,0.001142558409,-0.015162949154
0.286370508400,-0.011427444319,0.001055604616,0.003135896972
0.283743256000,-0.011425654831,0.001040832016,-0.009599586599
0.281116003700,-0.011392155896,0.001051477529,-0.001801113841
0.278488751300,-0.011464466590,0.001132594939,0.028175526686
0.275861498900,-0.011567506938,0.001429370431,0.024656506171
0.273234246600,-0.011623061161,0.001663256984,-0.000858642227
0.270606994200,-0.011592137069,0.001821140101,-0.012377240117
0.267979741800,-0.011563252501,0.002048666958,0.011077925246
0.265352489400,-0.011731211711,0.002308991743,0.008638776799
0.262725237100,-0.011739380487,0.002438385047,-0.016133258821
0.260097984700,-0.011755435856,0.002626977661,-0.012674655901
0.257470732300,-0.011781986630,0.002690256654,-0.027793409107
0.254843480000,-0.011744547886,0.002735580179,-0.021685725099
0.252216227600,-0.011793981213,0.002987731665,-0.037601505544
0.249588975200,-0.011702573747,0.003125025659,-0.081630815056
0.246961722900,-0.011569461898,0.003182456182,-0.105805729192
0.244334470500,-0.011358423040,0.003311486900,-0.108206455354
0.241707218100,-0.011168618764,0.003493115414,-0.084319271424
0.239079965700,-0.011035475478,0.003779615912,-0.087670336424
0.236452713400,-0.010824914736,0.003905384578,-0.079772129865
0.233825461000,-0.010749266975,0.004031757410,-0.041817435275
0.231198208600,-0.010724228885,0.004238362079,-0.024376749058
0.228570956300,-0.010768861903,0.004375008295,0.021446642700
0.225943703900,-0.010951756367,0.004523707496,0.067694090891
0.223316451500,-0.011202766408,0.004646195436,0.109024502287
0.220689199100,-0.011518543241,0.004763574751,0.124340503659
0.218061946800,-0.011851513624,0.004893699832,0.124197966249
0.215434694400,-0.012172145359,0.004930234355,0.122193283462
0.212807442000,-0.012453733967,0.005007461937,0.093409963119
0.210180189700,-0.012626295984,0.005055825170,0.043520466766
0.207552937300,-0.012652700717,0.005153111755,0.026026628101
0.204925684900,-0.012699996562,0.005317431274,0.025085012140
0.202298432500,-0.012679147170,0.005383326300,0.027810679102
0.199671180200,-0.012708646423,0.005414322276,0.080576046473
0.197043927800,-0.012897312125,0.005370400673,0.109525834064
0.194416675400,-0.013040252275,0.005193138787,0.110156265360
0.191789423100,-0.013239561284,0.004969907063,0.141274236622
0.189162170700,-0.013594180942,0.004683997086,0.189074191380
0.186534918300,-0.013950467919,0.004397745221,0.172234192764
0.183907666000,-0.014119361620,0.004168647643,0.095268625169
0.181280413600,-0.014141380947,0.003959458290,0.066744784090
0.178653161200,-0.014157008217,0.003737021179,0.028307961982
0.176025908800,-0.014013182638,0.003501517965,0.007050503607
0.173398656500,-0.013841626772,0.003363957704,0.044249808980
0.170771404100,-0.013917729643,0.003273329572,0.089912679505
0.168144151700,-0.014069140960,0.003202954358,0.115569839590
0.165516899400,-0.014265917459,0.003229569632,0.138959966135
0.162889647000,-0.014503346661,0.003324691886,0.154946145850
0.160262394600,-0.014788175834,0.003303778835,0.159277621906
0.157635142200,-0.015069648486,0.003241142491,0.159246522008
0.155007889900,-0.015326244411,0.003253810176,0.164091548864
0.152380637500,-0.015684751030,0.003165844813,0.180713339410
0.149753385100,-0.016072079906,0.002993854863,0.175941476510
0.147126132800,-0.016390701346,0.002828895439,0.165427044096
0.144498880400,-0.016704162907,0.002798746188,0.138465925036
0.141871628000,-0.016815777409,0.002711538210,0.120802135897
0.139244375600,-0.017010628110,0.002522692283,0.136775261148
0.136617123300,-0.017243872695,0.002375309965,0.151020529542
0.133989870900,-0.017453461032,0.002211704690,0.184178258893
0.131362618500,-0.017859131531,0.001901936567,0.205344876409
0.128735366200,-0.018236324448,0.001613718578,0.156852785242
0.126108113800,-0.018407678724,0.001344795096,0.103183481323
0.123480861400,-0.018482916965,0.001301135537,0.047926176632
0.120853609000,-0.018301414926,0.001249422232,0.064805539457
0.118226356700,-0.018420086075,0.001258817424,0.108070578803
0.115599104300,-0.018544883225,0.001093759008,0.128316497474
0.112971851900,-0.018933591589,0.001154109767,0.200214943137
0.110344599600,-0.019479976602,0.001365745344,0.212870670349
0.107717347200,-0.019959950643,0.001590471629,0.182309091718
0.105090094800,-0.020348318665,0.001693911391,0.133036473898
0.102462842500,-0.020585728660,0.001806834195,0.072387460784
0.099835590100,-0.020680558404,0.002136775750,0.016376361345
0.097208337700,-0.020717520760,0.002340913518,0.001472962304
0.094581085300,-0.020747981716,0.002476543066,-0.004193252039
0.091953833000,-0.020773825091,0.002768262812,-0.006112070681
0.089326580600,-0.020688678307,0.002959359217,-0.219191395208
0.086699328200,-0.019513779902,0.002765245951,-0.137607893111
0.084072075900,-0.020488631149,0.002952663457,0.225055455242
0.081444823500,-0.020532141889,0.003013331479,0.051597724082
0.078817571100,-0.020640091768,0.003151566532,0.032795382053
0.076190318700,-0.020628376490,0.003181207650,0.018181033367
0.073563066400,-0.020682654140,0.003131629353,0.040414845324
0.070935814000,-0.020783013648,0.003075619865,0.020960447912
0.068308561600,-0.020709004734,0.002952084918,0.017857138758
0.065681309300,-0.020778911089,0.002765721015,0.044112829497
0.063054056900,-0.020918870654,0.002645264152,0.027024638558
0.060426804500,-0.021014134522,0.002783395835,0.005386912606
0.057799552100,-0.020911201979,0.002949129070,-0.003006930683
0.055172299800,-0.020929359387,0.003070571288,0.059327275192
0.052545047400,-0.021160598233,0.003143762391,0.063389541579
0.049917795000,-0.021255106019,0.003253104533,0.002198224101
0.047290542700,-0.021226703660,0.003142310147,-0.028752202658
0.044663290300,-0.021198714161,0.002974311708,0.012465272140
0.042036037900,-0.021354706370,0.002964354044,0.123043000290
0.039408785500,-0.021896793525,0.002895021812,0.176243674546
0.036781533200,-0.022365714606,0.002837883303,0.187841134948
0.034154280800,-0.022970945264,0.002796141888,0.209828301244
0.031527028400,-0.023609967388,0.002617497802,0.155747032887
0.028899776100,-0.023952426387,0.002349792406,0.073616036586
0.026272523700,-0.024147857239,0.002228085662,-0.014906656023
0.023645271300,-0.024014830279,0.002241917604,-0.072567166361
0.021018019000,-0.023790496843,0.002303344203,-0.078939845230
0.018390766600,-0.023602027086,0.002096965276,-0.054982411097
0.015763514200,-0.023583955053,0.001947257762,-0.049932056708
0.013136261800,-0.023474739637,0.001997099402,-0.087473267057
0.010509009500,-0.023243245678,0.002020301882,-0.111996051810
0.007881757100,-0.023024033084,0.001799275249,-0.105131060157
0.005254504700,-0.022717314649,0.001578307058,-0.213475949685
0.002627252400,-0.021790488343,0.001311715542,-0.699237605593
0.000000000000,-0.018977779001,0.001005496511,-1.100171514603
