0.391460603250,-0.030353777033,-0.000154272312,1.111993097221
0.388833350880,-0.033291294551,-0.000545135437,0.768214436800
0.386206098510,-0.034328363949,-0.000526271625,0.317528694810
0.383578846140,-0.035501046525,-0.000956388338,0.486721713064
0.380951593770,-0.036771709991,-0.000999898348,0.485892759655
0.378324341400,-0.037914398461,-0.001027339884,0.288405440646
0.375697089030,-0.038248045909,-0.000930288914,-0.025993702278
0.373069836660,-0.037815674937,-0.000679463585,-0.020077198456
0.370442584290,-0.038139685060,-0.000479535181,0.317599565751
0.367815331920,-0.039501789909,-0.000272657127,0.269919620230
0.365188079550,-0.039580514163,-0.000146323802,-0.020988274443
0.362560827170,-0.039429433051,-0.000000181851,-0.076361168273
0.359933574800,-0.039179161046,0.000076767113,-0.017968655095
0.357306322430,-0.039284915160,0.000015548417,-0.024000015275
0.354679070060,-0.038925742432,0.000077885149,-0.110138015826
0.352051817690,-0.038608199026,0.000204662177,-0.117047446471
0.349424565320,-0.038377676564,0.000502091508,-0.076383210917
0.346797312950,-0.038264826260,0.000638707317,-0.098387365738
0.344170060580,-0.037959356408,0.000724204427,-0.174257847698
0.341542808210,-0.037528236843,0.000940826505,-0.258431812883
0.338915555840,-0.036840719086,0.001098649999,-0.359415551626
0.336288303460,-0.035834055021,0.001036377917,-0.241286692582
0.333661051090,-0.035742610593,0.001171700006,-0.081454163645
0.331033798720,-0.035523119421,0.001288669522,-0.108202660683
0.328406546350,-0.035224654289,0.001391162264,-0.114382008507
0.325779293980,-0.035010462527,0.001415405981,-0.096184978376
0.323152041610,-0.034785692651,0.001451598616,-0.114432480305
0.320524789240,-0.034440319517,0.001571950463,-0.122884997740
0.317897536870,-0.034199792347,0.001710435083,-0.062093824211
0.315270284500,-0.034126450313,0.001702263305,-0.028633101680
0.312643032100,-0.034030609252,0.001819858147,-0.034281931088
0.310015779800,-0.033896260816,0.001752893526,-0.036085227466
0.307388527400,-0.033822698810,0.001700107484,-0.017667052997
0.304761275000,-0.033776410150,0.001772799656,-0.009005400396
0.302134022600,-0.033782956411,0.001860658016,0.009909093709
0.299506770300,-0.033878333545,0.001880837402,0.020879799507
0.296879517900,-0.033984161327,0.001696738739,0.038968919485
0.294252265500,-0.034181588489,0.001760157700,0.047010412971
0.291625013200,-0.034339586648,0.001936094546,0.061122960568
0.288997760800,-0.034540489592,0.002056168864,0.067013523808
0.286370508400,-0.034690568203,0.002274018833,0.052948444652
0.283743256000,-0.034856086269,0.002377499400,0.034575386930
0.281116003700,-0.034973593543,0.002523281251,0.009921396967
0.278488751300,-0.034969098337,0.002705384763,-0.002717557586
0.275861498900,-0.035012351485,0.002822593419,0.005857348254
0.273234246600,-0.035056830115,0.002966914561,-0.030947360001
0.270606994200,-0.034923753557,0.003175989151,-0.040723332628
0.267979741800,-0.034840830589,0.003274182498,-0.025698876192
0.265352489400,-0.034787334653,0.003317513658,-0.019076828003
0.262725237100,-0.034763826861,0.003352682061,-0.006674151186
0.260097984700,-0.034693400381,0.003301921969,-0.015852083307
0.257470732300,-0.034571787665,0.003306816385,-0.034332964503
0.254843480000,-0.034423934940,0.003168763192,-0.003477056962
0.252216227600,-0.034388242552,0.003186767702,0.020723142146
0.249588975200,-0.034339116355,0.003184309788,0.025380334443
0.246961722900,-0.034348047189,0.002936628731,0.031015773559
0.244334470500,-0.034298539314,0.002702369431,0.001461336871
0.241707218100,-0.034154436931,0.002693565839,-0.002060750930
0.239079965700,-0.034095025226,0.002628673105,0.038054318166
0.236452713400,-0.034143177817,0.002612237531,0.110905231384
0.233825461000,-0.034438278507,0.002620259930,0.170935606996
0.231198208600,-0.034854686601,0.002799308977,0.200563074698
0.228570956300,-0.035300442783,0.003005279294,0.235648148071
0.225943703900,-0.035817912388,0.003184914127,0.229103286577
0.223316451500,-0.036272797128,0.003403480871,0.177327425251
0.220689199100,-0.036559442749,0.003633981457,0.126465657069
0.218061946800,-0.036743347465,0.003799542846,0.067569527711
0.215434694400,-0.036739878899,0.003866991416,0.034256493116
0.212807442000,-0.036742250928,0.003961968259,0.067969859254
0.210180189700,-0.036943067236,0.004003781762,0.106342240316
0.207552937300,-0.037161184969,0.003996377677,0.118143616303
0.204925684900,-0.037431790050,0.003823277926,0.175501539544
0.202298432500,-0.037975010729,0.003616284485,0.220215574105
0.199671180200,-0.038504938561,0.003458969056,0.205907506122
0.197043927800,-0.038934924197,0.003369503589,0.225089279968
0.194416675400,-0.039523959208,0.003219107356,0.236908343323
0.191789423100,-0.040049301650,0.003030463134,0.213079319564
0.189162170700,-0.040570102041,0.002645376415,0.226832461395
0.186534918300,-0.041202468935,0.002094601385,0.247123638309
0.183907666000,-0.041813393852,0.001519138766,0.158529561212
0.181280413600,-0.042012851669,0.001243661265,0.012079293451
0.178653161200,-0.041891557440,0.000983029232,-0.100283655346
0.176025908800,-0.041558859478,0.000814060122,-0.197239374036
0.173398656500,-0.040992733107,0.000787988248,-0.250311898661
0.170771404100,-0.040406366839,0.000731574655,-0.233780241762
0.168144151700,-0.039925199356,0.000709696417,-0.201934212112
0.165516899400,-0.039497237631,0.000754493797,-0.198936199876
0.162889647000,-0.039035308380,0.000850838130,-0.171470653075
0.160262394600,-0.038777214382,0.000996574352,-0.082318338416
0.157635142200,-0.038769332573,0.001039705415,-0.055233234192
0.155007889900,-0.038738645542,0.001280147876,-0.067110572857
0.152380637500,-0.038605461538,0.001485615962,-0.070881467117
0.149753385100,-0.038537970621,0.001620221615,-0.042448888215
0.147126132800,-0.038521544277,0.001796171406,-0.057375513501
0.144498880400,-0.038400720155,0.002033978118,-0.096984172416
0.141871628000,-0.038138392783,0.002165010293,-0.098104456623
0.139244375600,-0.038034428437,0.002265872702,-0.090323445357
0.136617123300,-0.037931173092,0.002343216584,-0.068032925794
0.133989870900,-0.037940023663,0.002290879242,-0.046742316911
0.131362618500,-0.037880584817,0.002343566006,-0.054069983335
0.128735366200,-0.037785399308,0.002252102867,-0.031183549729
0.126108113800,-0.037842230081,0.002294603669,-0.036860753576
0.123480861400,-0.037672613676,0.002626710074,-0.063569410847
0.120853609000,-0.037519677779,0.002623488335,-0.017908138735
0.118226356700,-0.037532503390,0.002326658054,0.052412811540
0.115599104300,-0.037746989184,0.002261808155,0.098760263451
0.112971851900,-0.038024114135,0.002101566153,0.160298224710
0.110344599600,-0.038588285810,0.002090886296,0.192999154982
0.107717347200,-0.038968894051,0.002145349025,0.131029775294
0.105090094800,-0.039176382385,0.002125301540,0.107584470151
0.102462842500,-0.039415211185,0.002123683909,0.057232534713
0.099835590100,-0.039454409921,0.002191638450,-0.036164040642
0.097208337700,-0.039238708391,0.002150861291,-0.062028608004
0.094581085300,-0.039109876529,0.002076344909,-0.010855690168
0.091953833000,-0.039154279984,0.002140340897,0.069130822420
0.089326580600,-0.039396195550,0.002283419994,0.115328345454
0.086699328200,-0.039699536440,0.002162847909,0.135072589049
0.084072075900,-0.040013400673,0.002012283986,0.124328030764
0.081444823500,-0.040210050100,0.001951214934,0.120861977249
0.078817571100,-0.040518763423,0.001928264631,0.119619049525
0.076190318700,-0.040760740922,0.001897898172,0.137672980713
0.073563066400,-0.041203396522,0.001862037682,0.215290863168
0.070935814000,-0.041802112536,0.001935864948,0.239224668939
0.068308561600,-0.042362920839,0.001897083636,0.155850831619
0.065681309300,-0.042594758940,0.001778159947,0.051925086832
0.063054056900,-0.042493919141,0.001922002213,-0.044938982161
0.060426804500,-0.042240432590,0.002152204745,-0.090102094499
0.057799552100,-0.041966447502,0.002183247624,-0.120683275444
0.055172299800,-0.041530629069,0.002285016204,-0.164267833096
0.052545047400,-0.041004931486,0.002421238422,-0.144568158592
0.049917795000,-0.040771121393,0.002595621168,-0.018574861788
0.047290542700,-0.040917175285,0.002466661783,0.112824786504
0.044663290300,-0.041164631247,0.002358513124,0.173760540242
0.042036037900,-0.041654380254,0.002366162965,0.237365760051
0.039408785500,-0.042243923901,0.002319919380,0.256267897673
0.036781533200,-0.042862933501,0.002198132969,0.210517499127
0.034154280800,-0.043158830502,0.002145693580,0.137629187140
0.031527028400,-0.043427665399,0.002070550738,0.150800760582
0.028899776100,-0.043799986912,0.002020549341,0.159738009310
0.026272523700,-0.044137858014,0.002113332391,0.171619378311
0.023645271300,-0.044607148477,0.002023528129,0.209033686121
0.021018019000,-0.045097958165,0.001952285442,0.243870712954
0.018390766600,-0.045676490239,0.002060396428,0.284447912389
0.015763514200,-0.046452373279,0.001849972188,0.287007616818
0.013136261800,-0.047123374653,0.001652809478,0.199019759494
0.010509009500,-0.047518639291,0.001527496308,0.080993071104
0.007881757100,-0.047589191638,0.001406545795,-0.038287706570
0.005254504700,-0.047382203129,0.001221063691,-0.197887526719
0.002627252400,-0.046600243350,0.000975231892,-1.271457529009
0.000000000000,-0.040745946187,0.000556870702,-2.230897293232
