0.391460603250,0.009835992494,0.000631456625,-0.784346864318
0.388833350880,0.011777565955,0.000941020996,-0.173056012397
0.386206098510,0.010373093510,0.000586945892,-0.131248068828
0.383578846140,0.012155231254,0.001039066474,-0.388240718925
0.380951593770,0.012691182471,0.001048362674,-0.165466300062
0.378324341400,0.013222127011,0.001205395390,-0.166138073247
0.375697089030,0.013668687558,0.001395375908,-0.103416873550
0.373069836660,0.013830254581,0.001477652897,-0.073319521890
0.370442584290,0.014151193473,0.001553574737,-0.072237289935
0.367815331920,0.014251059594,0.001597920672,-0.168569432873
0.365188079550,0.015136027424,0.001677244589,-0.081450185495
0.362560827170,0.014768981802,0.001693826870,0.179204885956
0.359933574800,0.014304848017,0.001786712869,0.172667725948
0.357306322430,0.013990217027,0.001859090929,0.130615773318
0.354679070060,0.013700779695,0.001858342061,0.086637617131
0.352051817690,0.013602199627,0.002062946026,0.030995062710
0.349424565320,0.013578863427,0.002071350754,-0.008324729517
0.346797312950,0.013645644487,0.002082949493,-0.047984166137
0.344170060580,0.013841484750,0.002068235446,-0.062363738918
0.341542808210,0.014113334095,0.002094566864,-0.102636682745
0.338915555840,0.014465312669,0.002136408624,-0.123564567777
0.336288303460,0.014833322733,0.002019066875,-0.129399186474
0.333661051090,0.015190626292,0.001921662941,-0.120708066033
0.331033798720,0.015508299088,0.001791113074,-0.105558877483
0.328406546350,0.015738081809,0.001738959938,-0.073397850374
0.325779293980,0.015876572335,0.001695799285,-0.033969402142
0.323152041610,0.015910130227,0.001741997227,-0.020553821711
0.320524789240,0.015965468715,0.001873681726,-0.061010701835
0.317897536870,0.016158280911,0.002039155389,-0.072954934383
0.315270284500,0.016232120611,0.002063844389,-0.030817611080
0.312643032100,0.016222525201,0.002020881806,-0.007170364135
0.310015779800,0.016239890403,0.001962082192,-0.030128023508
0.307388527400,0.016262340452,0.001974225362,-0.043200608506
0.304761275000,0.016397457369,0.001981555807,-0.056168888133
0.302134022600,0.016477956405,0.001883133740,-0.036986527514
0.299506770300,0.016513671430,0.001764608374,-0.043039863948
0.296879517900,0.016665924787,0.001761621691,-0.044543276242
0.294252265500,0.016740907443,0.001580611430,-0.003461988545
0.291625013200,0.016674120435,0.001390970964,0.027363510694
0.288997760800,0.016608647885,0.001270193174,0.018434975103
0.286370508400,0.016584073790,0.001097025007,0.025505023648
0.283743256000,0.016493331958,0.001016467913,0.022410406289
0.281116003700,0.016463948427,0.000985416775,-0.022975168303
0.278488751300,0.016534430458,0.001094182018,-0.027862149704
0.275861498900,0.016509740578,0.001310843803,-0.024872608626
0.273234246600,0.016541150944,0.001562430305,-0.008611908118
0.270606994200,0.016478571171,0.001698444227,0.017409051733
0.267979741800,0.016348682546,0.001836442357,0.014754736740
0.265352489400,0.016312887676,0.002118241342,-0.006641523566
0.262725237100,0.016297662276,0.002310329811,-0.013043054748
0.260097984700,0.016277040083,0.002467908278,-0.008647206939
0.257470732300,0.016213787701,0.002561737872,0.009204095434
0.254843480000,0.016074920590,0.002720354092,-0.038926670847
0.252216227600,0.016228271463,0.002788942373,-0.105624232729
0.249588975200,0.016445536773,0.002903134666,-0.083426284795
0.246961722900,0.016521603794,0.003041707272,-0.064675484406
0.244334470500,0.016641375075,0.003156873815,-0.085349646471
0.241707218100,0.016805512752,0.003346567264,-0.086171270428
0.239079965700,0.016905868640,0.003568595464,-0.077185908544
0.236452713400,0.017067028855,0.003700392618,-0.078337211593
0.233825461000,0.017188316813,0.003845816357,-0.064917183357
0.231198208600,0.017272073406,0.003931584946,-0.044157690877
0.228570956300,0.017283485780,0.004144892565,0.002236126520
0.225943703900,0.017194254066,0.004313230763,0.052766560350
0.223316451500,0.016981270346,0.004416670602,0.088917814637
0.220689199100,0.016713928306,0.004543435352,0.117237489624
0.218061946800,0.016364912131,0.004625610731,0.122933026165
0.215434694400,0.016081044275,0.004722756194,0.094313426151
0.212807442000,0.015931438542,0.004787182662,0.084425837098
0.210180189700,0.015714511239,0.004920909713,0.085684032006
0.207552937300,0.015530560824,0.004888335322,0.068576719520
0.204925684900,0.015432949359,0.004998125075,0.033375012846
0.202298432500,0.015430145387,0.005097731830,0.022926753677
0.199671180200,0.015452835291,0.005137177008,0.042944459999
0.197043927800,0.015385897012,0.005207724107,0.071182931198
0.194416675400,0.015262658330,0.005186733608,0.100108023310
0.191789423100,0.015043654871,0.004987643493,0.115482853794
0.189162170700,0.014813252769,0.004689117035,0.153444027453
0.186534918300,0.014470032897,0.004374616378,0.183655762566
0.183907666000,0.014174770260,0.004140847283,0.154339541530
0.181280413600,0.013993053735,0.003753971701,0.089090149942
0.178653161200,0.014046990173,0.003547709553,0.048574394307
0.176025908800,0.014097063514,0.003367086541,0.019502708276
0.173398656500,0.014239310126,0.003219366441,0.011254351176
0.170771404100,0.014339676232,0.003148679272,0.049349768783
0.168144151700,0.014197412035,0.003136301631,0.134775503953
0.165516899400,0.013918319135,0.003077941462,0.164377124679
0.162889647000,0.013703618883,0.003064884851,0.152617937800
0.160262394600,0.013461414576,0.003092044884,0.163724138293
0.157635142200,0.013135477070,0.003010800686,0.170445952668
0.155007889900,0.012843583992,0.002961489763,0.186387824097
0.152380637500,0.012433782255,0.002872891944,0.202563117369
0.149753385100,0.012091383688,0.002810148607,0.163543648137
0.147126132800,0.011864607694,0.002774172086,0.124139762165
0.144498880400,0.011678787198,0.002662641354,0.138563505662
0.141871628000,0.011416142818,0.002538392318,0.174505556812
0.139244375600,0.011059204249,0.002258696977,0.181597012256
0.136617123300,0.010753739399,0.002082182771,0.141718880463
0.133989870900,0.010631335538,0.001899027471,0.132857957076
0.131362618500,0.010395710052,0.001752287316,0.153133210683
0.128735366200,0.010173314261,0.001538650362,0.130482485181
0.126108113800,0.010046977845,0.001334673981,0.077901112309
0.123480861400,0.010094009706,0.001099507468,0.009184134188
0.120853609000,0.010279013124,0.000949876719,0.013165094290
0.118226356700,0.010272451312,0.000932422457,0.131309235982
0.115599104300,0.009899831273,0.000880601476,0.211308036797
0.112971851900,0.009381459133,0.000836386683,0.211408087858
0.110344599600,0.008910760365,0.000960860778,0.186609828832
0.107717347200,0.008524370859,0.001088752811,0.166051331183
0.105090094800,0.008093239856,0.001258580227,0.161462948617
0.102462842500,0.007677585409,0.001449951852,0.089699758793
0.099835590100,0.007663902746,0.001649481283,0.009605789842
0.097208337700,0.007623659833,0.001829563915,-0.005103004614
0.094581085300,0.007645342115,0.001986304878,-0.030029356388
0.091953833000,0.007757587830,0.002034630403,-0.030648924740
0.089326580600,0.007791454531,0.002149042804,0.004387782373
0.086699328200,0.007703619277,0.002251154449,-0.057736934733
0.084072075900,0.007935878548,0.002348938942,-0.056682819504
0.081444823500,0.007911221375,0.002500079714,0.056558473196
0.078817571100,0.007826955193,0.002598896642,0.056581892752
0.076190318700,0.007778381444,0.002562535350,0.048503178796
0.073563066400,0.007759230242,0.002578851996,0.037424109471
0.070935814000,0.007743496318,0.002498616675,0.076454353241
0.068308561600,0.007557969639,0.002551068249,0.088835010219
0.065681309300,0.007462617688,0.002545602095,0.064142551310
0.063054056900,0.007417243652,0.002605623516,0.033214538136
0.060426804500,0.007465808493,0.002519929554,0.005408388272
0.057799552100,0.007487381275,0.002484310611,0.057826088397
0.055172299800,0.007286108334,0.002536469118,0.080884391229
0.052545047400,0.007199796726,0.002470373264,0.036836595423
0.049917795000,0.007103956007,0.002486009014,0.018755964219
0.047290542700,0.007077677586,0.002451061122,-0.005454156891
0.044663290300,0.007095548127,0.002404560412,-0.018974076557
0.042036037900,0.007099822137,0.002433088378,0.055004924314
0.039408785500,0.006726111796,0.002410155499,0.142828382406
0.036781533200,0.006227068392,0.002401599691,0.144264829294
0.034154280800,0.005769971539,0.002155009032,0.181785461838
0.031527028400,0.005096902095,0.001962664818,0.197882456020
0.028899776100,0.004589944766,0.001986017444,0.156363292968
0.026272523700,0.004175115293,0.001816044642,0.262624567594
0.023645271300,0.003083975787,0.001448525392,0.205153312369
0.021018019000,0.002962568000,0.001398102312,-0.132216034453
0.018390766600,0.003647086767,0.001697686817,-0.253900915950
0.015763514200,0.004156564017,0.001774881314,-0.237158679174
0.013136261800,0.004724575778,0.001572968841,-0.226534833547
0.010509009500,0.005208869808,0.001539975986,-0.156715771805
0.007881757100,0.005497630577,0.001389515424,-0.100676187375
0.005254504700,0.005695972654,0.001204752246,-0.085912390309
0.002627252400,0.005857401636,0.000911533238,0.044273338327
0.000000000000,0.005434774369,0.000742908150,0.155349182695
