0.391460603250,0.019762769925,0.000374169827,-1.055141814544
0.388833350880,0.022469033121,0.000654563683,-0.186740938856
0.386206098510,0.020693750496,0.000697670628,0.193969187613
0.383578846140,0.021469879032,0.000899743455,-0.131465813444
0.380951593770,0.021314646911,0.000999467450,0.143296195477
0.378324341400,0.020732475522,0.001182859229,-0.184509335230
0.375697089030,0.022298903025,0.001265375361,-0.319731024902
0.373069836660,0.022426787903,0.001325559342,-0.090697615585
0.370442584290,0.022787416261,0.001449180724,-0.112611962848
0.367815331920,0.023084916498,0.001520352706,-0.032543517086
0.365188079550,0.023015202201,0.001538305014,0.042960765490
0.362560827170,0.022881140667,0.001520850825,0.060844743710
0.359933574800,0.022736479708,0.001717546453,0.062329503412
0.357306322430,0.022613963956,0.001813807568,0.076150977693
0.354679070060,0.022442407948,0.001886024055,0.072995333771
0.352051817690,0.022341583334,0.001883144979,0.059484417971
0.349424565320,0.022232172834,0.001918297003,0.038206517986
0.346797312950,0.022239787354,0.002054483405,-0.033356620070
0.344170060580,0.022471628881,0.002001822817,-0.089831344158
0.341542808210,0.022731266640,0.001906202859,-0.128235324634
0.338915555840,0.023111106330,0.001934653034,-0.144314666382
0.336288303460,0.023487674711,0.001906297617,-0.117823390734
0.333661051090,0.023766975830,0.001860094694,-0.107571762574
0.331033798720,0.024058291716,0.001814939201,-0.133286725150
0.328406546350,0.024389589120,0.001717885769,-0.096402651645
0.325779293980,0.024518706412,0.001602019114,-0.043437793407
0.323152041610,0.024578432475,0.001672321688,-0.052945278177
0.320524789240,0.024758531118,0.001726149422,-0.071100954869
0.317897536870,0.024880904597,0.001885978078,-0.032151216272
0.315270284500,0.024862956206,0.002126687738,-0.009571327717
0.312643032100,0.024894265400,0.002221709085,-0.035248547518
0.310015779800,0.024997170322,0.002120002100,-0.065058130840
0.307388527400,0.025115921985,0.002008808415,-0.040025818708
0.304761275000,0.025089993451,0.001866041709,-0.031434446428
0.302134022600,0.025167534875,0.001805980162,-0.047859509486
0.299506770300,0.025230369450,0.001826780548,-0.036671685361
0.296879517900,0.025271285401,0.001668318190,-0.026710787314
0.294252265500,0.025319485110,0.001484744811,-0.021464201991
0.291625013200,0.025317511303,0.001274157367,-0.000083974827
0.288997760800,0.025277162225,0.001095466368,0.007781415154
0.286370508400,0.025253363933,0.001086609574,-0.004491331548
0.283743256000,0.025304724633,0.001001991480,0.016394943892
0.281116003700,0.025220185032,0.000925042298,0.028190002247
0.278488751300,0.025153207108,0.000920854198,-0.001931528053
0.275861498900,0.025178185370,0.001132751231,-0.005661260531
0.273234246600,0.025141366614,0.001382592828,0.000544953480
0.270606994200,0.025127061776,0.001525872553,0.010318396662
0.267979741800,0.025034860728,0.001719764847,0.015252191298
0.265352489400,0.024988894453,0.002018394400,0.002400091270
0.262725237100,0.024901000360,0.002262857586,-0.001185051030
0.260097984700,0.024848427727,0.002442459019,-0.001637816845
0.257470732300,0.024826642889,0.002558751875,-0.012750836852
0.254843480000,0.024819934164,0.002666111663,-0.036710079235
0.252216227600,0.024892183497,0.002783709735,-0.058737050310
0.249588975200,0.024980430216,0.002945075296,-0.083949698660
0.246961722900,0.025187699504,0.003021953828,-0.118375341270
0.244334470500,0.025426865895,0.003197006254,-0.097389115839
0.241707218100,0.025523218417,0.003317772461,-0.060697559745
0.239079965700,0.025614341692,0.003486544793,-0.051967397665
0.236452713400,0.025682021005,0.003656625989,-0.077401278068
0.233825461000,0.025846904473,0.003785552803,-0.093593798912
0.231198208600,0.026079058752,0.003883282167,-0.081839395663
0.228570956300,0.026194253398,0.003991327307,-0.024428111506
0.225943703900,0.026096949322,0.004022225300,0.050697571069
0.223316451500,0.025842941161,0.004134457340,0.103034780451
0.220689199100,0.025555451399,0.004305824140,0.122656364839
0.218061946800,0.025215065687,0.004352326841,0.124798008178
0.215434694400,0.024944650387,0.004427784119,0.115498175483
0.212807442000,0.024648161749,0.004564129286,0.108698472281
0.210180189700,0.024417484634,0.004622826002,0.080845944467
0.207552937300,0.024287534619,0.004649788409,0.072322047598
0.204925684900,0.024139367813,0.004704263420,0.071444457081
0.202298432500,0.023998234316,0.004787175596,0.043656438277
0.199671180200,0.023924938312,0.004812424606,0.025738620611
0.197043927800,0.023901687752,0.004856352787,0.055233256253
0.194416675400,0.023780324951,0.004783753840,0.088897447677
0.191789423100,0.023660500327,0.004598401589,0.110397760789
0.189162170700,0.023428314684,0.004356813218,0.183920565976
0.186534918300,0.023112750672,0.004011685582,0.196259824527
0.183907666000,0.022797544450,0.003747352419,0.175835429766
0.181280413600,0.022576516113,0.003488879846,0.088161995987
0.178653161200,0.022572921898,0.003273637058,0.018885404446
0.176025908800,0.022784506564,0.002994399000,-0.008873128927
0.173398656500,0.022970332070,0.002874779911,0.033681685524
0.170771404100,0.022960592669,0.002833111464,0.070311078743
0.168144151700,0.022839008184,0.002791620248,0.104856709573
0.165516899400,0.022647555934,0.002765943840,0.155615345780
0.162889647000,0.022350389875,0.002710865111,0.174447844138
0.160262394600,0.022063113991,0.002700684525,0.172574186464
0.157635142200,0.021788932140,0.002688778549,0.198769497821
0.155007889900,0.021319149169,0.002583278745,0.221236988619
0.152380637500,0.020868122571,0.002492020586,0.201875801523
0.149753385100,0.020491570222,0.002418453252,0.154560279812
0.147126132800,0.020333512446,0.002321343515,0.106990499480
0.144498880400,0.020217511133,0.002255353800,0.111031583277
0.141871628000,0.020023760053,0.001946526927,0.104371542476
0.139244375600,0.019635145809,0.001859697833,0.174779706551
0.136617123300,0.019452879457,0.001790106112,0.127363547678
0.133989870900,0.019320055021,0.001632101930,0.126447467504
0.131362618500,0.019129977604,0.001371748923,0.132127511929
0.128735366200,0.018936567393,0.001053948038,0.141171449987
0.126108113800,0.018728085932,0.000902255763,0.103570243999
0.123480861400,0.018705118527,0.000805456681,0.032188503654
0.120853609000,0.018867740432,0.000620252786,0.040582251816
0.118226356700,0.018836779488,0.000618662526,0.117926047984
0.115599104300,0.018557432819,0.000504339700,0.164687569695
0.112971851900,0.018178017960,0.000413297024,0.199119617899
0.110344599600,0.017567861890,0.000643636596,0.204132983433
0.107717347200,0.017144355334,0.000786069496,0.190156431534
0.105090094800,0.016662325921,0.000967726885,0.167725201773
0.102462842500,0.016419169992,0.001024553442,0.057163074046
0.099835590100,0.016510113915,0.001139476332,-0.034342385762
0.097208337700,0.016554961998,0.001416821311,-0.022001339116
0.094581085300,0.016523971411,0.001618015944,-0.008156928032
0.091953833000,0.016564296175,0.001716479839,-0.018592099464
0.089326580600,0.016657515114,0.001781288591,-0.012214537876
0.086699328200,0.016643283477,0.001882588432,0.014893585536
0.084072075900,0.016687528190,0.001893185037,0.022077774083
0.081444823500,0.016683915223,0.002051296983,0.044469529287
0.078817571100,0.016631625180,0.002140601096,0.069012121489
0.076190318700,0.016519828247,0.002284099976,0.047914147038
0.073563066400,0.016484046050,0.002447673630,0.022026358099
0.070935814000,0.016561361481,0.002349551189,0.015922581881
0.068308561600,0.016537749184,0.002276106109,0.050843500240
0.065681309300,0.016457737198,0.002301982503,0.041619344000
0.063054056900,0.016398827610,0.002140286377,0.049007849725
0.060426804500,0.016194755358,0.002109051811,0.050830741659
0.057799552100,0.016178520627,0.002151171618,0.012857195604
0.055172299800,0.016156427822,0.002223280523,0.017974763226
0.052545047400,0.016021137470,0.002277335687,0.039706969960
0.049917795000,0.015878922565,0.002235497299,0.033995631908
0.047290542700,0.015836915358,0.002091973245,0.014712500306
0.044663290300,0.015772497129,0.002180208187,0.009638389692
0.042036037900,0.015694369562,0.002235951394,0.053108072344
0.039408785500,0.015385813266,0.002074510982,0.138212312639
0.036781533200,0.014811876259,0.002005528491,0.195617030549
0.034154280800,0.014206736900,0.001738194186,0.197435932550
0.031527028400,0.013660450355,0.001601069624,0.172771707102
0.028899776100,0.013223338505,0.001712888929,0.114395576668
0.026272523700,0.012932305992,0.001689504598,0.139482841914
0.023645271300,0.012366064230,0.001394696338,0.102420216742
0.021018019000,0.012260773823,0.001264233225,-0.119719891650
0.018390766600,0.012799571165,0.001353330915,-0.196434536407
0.015763514200,0.013146909994,0.001434883159,-0.166163675926
0.013136261800,0.013571975239,0.001492941024,-0.167152017039
0.010509009500,0.013937899214,0.001544495747,-0.120687397910
0.007881757100,0.014172992395,0.001470606019,-0.086814218894
0.005254504700,0.014365971542,0.001208496739,0.006484545743
0.002627252400,0.014060791830,0.000938238649,0.228499905947
0.000000000000,0.013015667615,0.000859129461,0.358616031310
