0.391460603250,0.050445984776,0.000505062708,0.152489686589
0.388833350880,0.050186264617,0.000635394940,0.181629157182
0.386206098510,0.049638747428,0.000736713363,-0.314912295687
0.383578846140,0.051846543970,0.000761669576,-0.477659779497
0.380951593770,0.052171960727,0.000807609265,0.089182059236
0.378324341400,0.051293324089,0.000888513590,-0.152528886495
0.375697089030,0.052907187495,0.001201007077,-0.211430063779
0.373069836660,0.052321637103,0.001266607534,0.351596436268
0.370442584290,0.050860429140,0.001116000410,-0.353795443400
0.367815331920,0.054053024584,0.001304536214,-0.277786802249
0.365188079550,0.052717506030,0.001157257517,0.123780611042
0.362560827170,0.053293859232,0.001178022191,-0.205289391087
0.359933574800,0.053868849012,0.001016988780,-0.085493882428
0.357306322430,0.053893007811,0.001105689410,0.036994180809
0.354679070060,0.053884687762,0.001214281781,0.236759700125
0.352051817690,0.052797207869,0.001142321548,0.057326891310
0.349424565320,0.053483420636,0.001154610430,-0.184237306367
0.346797312950,0.053879067214,0.001150959108,-0.110040389471
0.344170060580,0.054301660151,0.001152957153,-0.067960828366
0.341542808210,0.054525473391,0.001304536397,-0.068361308871
0.338915555840,0.054693446169,0.001388131335,-0.094381703941
0.336288303460,0.055059450333,0.001276152914,-0.129164702900
0.333661051090,0.055373611902,0.001270713158,-0.124830494980
0.331033798720,0.055638795084,0.001347481718,-0.120865716433
0.328406546350,0.055888629546,0.001354028985,-0.081710373199
0.325779293980,0.055980521799,0.001311345095,-0.061509340032
0.323152041610,0.056139775858,0.001277959483,-0.094524048209
0.320524789240,0.056348072299,0.001309596194,-0.059461987465
0.317897536870,0.056383076112,0.001578042053,-0.044506318181
0.315270284500,0.056512806730,0.001693401402,-0.035132375458
0.312643032100,0.056518600473,0.001740780078,-0.018335238518
0.310015779800,0.056543784263,0.001862091685,-0.045040326051
0.307388527400,0.056749967674,0.002070814501,-0.065872681423
0.304761275000,0.056913793838,0.002195325704,-0.042177791462
0.302134022600,0.056993359706,0.002172510002,-0.021648456589
0.299506770300,0.056919522857,0.002175172526,0.002133411185
0.296879517900,0.056893063988,0.002224551840,-0.029019258780
0.294252265500,0.056994163809,0.002150936098,-0.026160943377
0.291625013200,0.056944778233,0.002159253998,-0.003802872451
0.288997760800,0.056948318936,0.002062065513,-0.004486212773
0.286370508400,0.056898830569,0.001817804892,-0.003162642241
0.283743256000,0.056918023241,0.001748965158,-0.017630963263
0.281116003700,0.056897835514,0.001821525122,0.011385949556
0.278488751300,0.056696938282,0.001805389170,0.042748712286
0.275861498900,0.056607350657,0.001817641758,0.034955486043
0.273234246600,0.056463637139,0.001970875805,0.047301813817
0.270606994200,0.056274897280,0.002102283186,0.025279579118
0.267979741800,0.056285345902,0.002381242454,0.015848685415
0.265352489400,0.056176194459,0.002782898680,0.025933186794
0.262725237100,0.056117207708,0.002941682835,-0.000760519985
0.260097984700,0.056156950544,0.003121083099,-0.023765826110
0.257470732300,0.056228094099,0.003285049960,-0.016710747767
0.254843480000,0.056269206058,0.003266249177,-0.020517626057
0.252216227600,0.056359820757,0.003304140803,-0.045970403226
0.249588975200,0.056479446596,0.003261240857,-0.012190042965
0.246961722900,0.056377700266,0.003214053807,0.021892143714
0.244334470500,0.056326282055,0.003230232220,-0.016604053133
0.241707218100,0.056470489607,0.003374408143,-0.026175543308
0.239079965700,0.056517160089,0.003519799804,-0.021449232355
0.236452713400,0.056613936399,0.003483382990,-0.044016380916
0.233825461000,0.056696682343,0.003492486366,-0.023907218783
0.231198208600,0.056768744711,0.003513668320,-0.011751942289
0.228570956300,0.056787039665,0.003520902245,-0.008834505650
0.225943703900,0.056852049653,0.003461121424,0.014760585887
0.223316451500,0.056780003873,0.003395059024,0.088776048225
0.220689199100,0.056450810662,0.003356642533,0.152654655090
0.218061946800,0.056033070396,0.003365150754,0.166514986016
0.215434694400,0.055614156805,0.003313502535,0.168634910423
0.212807442000,0.055199188732,0.003325766677,0.117356818586
0.210180189700,0.055029715521,0.003355968560,0.040176340592
0.207552937300,0.054996074369,0.003336550655,0.012669031543
0.204925684900,0.054955340706,0.003325745593,-0.008601248445
0.202298432500,0.055033476506,0.003211099873,-0.013585959430
0.199671180200,0.055026775755,0.003147184919,0.041713817697
0.197043927800,0.054817626927,0.003160463711,0.083190131007
0.194416675400,0.054556604444,0.003209895464,0.125042007016
0.191789423100,0.054236954929,0.003068377398,0.162744341072
0.189162170700,0.053810668337,0.002828019202,0.153901032488
0.186534918300,0.053514589271,0.002660495798,0.105338705893
0.183907666000,0.053365782030,0.002472242472,0.068467892162
0.181280413600,0.053277977357,0.002251775368,0.085165603468
0.178653161200,0.053036940362,0.001912995293,0.079333027114
0.176025908800,0.052941174664,0.001617911710,0.041489358680
0.173398656500,0.052913722147,0.001363291081,0.046302437250
0.170771404100,0.052786307134,0.001065861892,0.068638234454
0.168144151700,0.052621054599,0.000781230434,0.057112883665
0.165516899400,0.052529634991,0.000646072201,0.044506397154
0.162889647000,0.052533139326,0.000443528862,0.052414165624
0.160262394600,0.052372818728,0.000372036853,0.091597590970
0.157635142200,0.052125759001,0.000368066552,0.092809033055
0.155007889900,0.051918311686,0.000144858988,0.070538699425
0.152380637500,0.051789344903,0.000060869391,0.069520246088
0.149753385100,0.051582750846,-0.000057264980,0.065907952333
0.147126132800,0.051487441556,-0.000108629840,0.000852498341
0.144498880400,0.051552655167,-0.000179303276,-0.067607716416
0.141871628000,0.051794151558,-0.000261867034,-0.102862119668
0.139244375600,0.052024901809,-0.000417361459,-0.071708638584
0.136617123300,0.052112467946,-0.000545997200,-0.033447218212
0.133989870900,0.052116264470,-0.000450550559,-0.011310217527
0.131362618500,0.052015030324,-0.000404403160,0.007933101858
0.128735366200,0.051948453706,-0.000356994582,-0.039038253093
0.126108113800,0.052071747411,-0.000161520041,-0.143097358969
0.123480861400,0.052529479179,-0.000114493737,-0.221692193311
0.120853609000,0.053086666897,-0.000188092270,-0.222424123155
0.118226356700,0.053515025215,-0.000279444089,-0.132634724435
0.115599104300,0.053563940577,-0.000402100964,-0.029978761185
0.112971851900,0.053432042828,-0.000535107622,0.036596676024
0.110344599600,0.053162910961,-0.000646400455,0.101658716620
0.107717347200,0.052784449380,-0.000723815020,0.117120881185
0.105090094800,0.052357464218,-0.000642453499,0.131929999740
0.102462842500,0.051882775211,-0.000569588734,0.182257712358
0.099835590100,0.051296607713,-0.000442493984,0.165256553145
0.097208337700,0.050975654545,-0.000137707912,0.080510976386
0.094581085300,0.050778338764,-0.000041821915,0.096411753245
0.091953833000,0.050549396199,0.000126580061,0.091433716347
0.089326580600,0.050397926074,0.000353110210,0.044487508903
0.086699328200,0.050302067536,0.000516764417,0.049035835902
0.084072075900,0.050139922515,0.000527260382,0.069016588341
0.081444823500,0.049882696564,0.000609645835,0.049212153009
0.078817571100,0.049861452750,0.000796633020,0.061591518363
0.076190318700,0.049677159304,0.000898684116,0.082240104045
0.073563066400,0.049593936672,0.000941467796,0.073388007711
0.070935814000,0.049503391133,0.000805246899,0.109899916030
0.068308561600,0.049306380490,0.000863383979,0.121900327599
0.065681309300,0.049199397107,0.000864163432,0.097628879287
0.063054056900,0.048999582872,0.000930961164,0.158848747988
0.060426804500,0.048634107430,0.001052394920,0.199152610044
0.057799552100,0.048238704317,0.001083997484,0.141947483210
0.055172299800,0.048212870425,0.001181720804,0.041779424697
0.052545047400,0.048320067818,0.001226634564,-0.023351609016
0.049917795000,0.048611811389,0.001028148214,-0.036178488588
0.047290542700,0.048802747880,0.000844765059,-0.002749016189
0.044663290300,0.048883182625,0.000665130334,0.027544100586
0.042036037900,0.048829717749,0.000699334982,0.335298901420
0.039408785500,0.047294720854,0.000499317267,0.129629848003
0.036781533200,0.047765880692,0.000551938389,-0.100648625438
0.034154280800,0.047736506742,0.000594942292,0.107317531734
0.031527028400,0.047242257211,0.000770482468,0.149164597957
0.028899776100,0.047040402076,0.000791999925,0.295298416804
0.026272523700,0.045798340864,0.000807657103,0.375585085037
0.023645271300,0.045026383318,0.000734899432,0.015915907569
0.021018019000,0.045724501555,0.000814917737,-0.167613537092
0.018390766600,0.045980344226,0.001011053293,-0.040340999338
0.015763514200,0.046023169316,0.001130395106,0.014163876288
0.013136261800,0.045974094074,0.001091729241,0.008001657153
0.010509009500,0.045968949832,0.001063687254,-0.011669833445
0.007881757100,0.045912809871,0.000876372657,0.279604800014
0.005254504700,0.044488444603,0.000744353739,0.105660443622
0.002627252400,0.045792281388,0.000373646376,0.549567020232
0.000000000000,0.041717170766,0.000071800868,1.549845679547
