0.391460603250,0.040874969086,0.000598896530,-0.541241373973
0.388833350880,0.042398046916,0.000669398377,-0.401230606099
0.386206098510,0.042951639120,0.000775917310,-0.144265048421
0.383578846140,0.043137064873,0.000899715145,0.111099899576
0.380951593770,0.042399459445,0.001033758998,-0.108926886662
0.378324341400,0.043748274927,0.001110843848,-0.326665792497
0.375697089030,0.044078156662,0.001081869138,0.028126959677
0.373069836660,0.043535316405,0.001139856617,0.128813230059
0.370442584290,0.043397063120,0.001145896810,0.057203583155
0.367815331920,0.043191805204,0.001188459108,-0.203672864545
0.365188079550,0.044428984631,0.001318286695,-0.424241696713
0.362560827170,0.045430854644,0.001385889498,-0.172434146669
0.359933574800,0.045426655591,0.001333398865,0.012566280961
0.357306322430,0.045480204489,0.001353634940,-0.041489424570
0.354679070060,0.045631274464,0.001446072403,-0.078179232283
0.352051817690,0.045639948247,0.001598656298,-0.018061029056
0.349424565320,0.045640660681,0.001627117926,-0.041623309683
0.346797312950,0.045852659115,0.001739372376,-0.083671529558
0.344170060580,0.046036163683,0.001818846251,-0.077944338298
0.341542808210,0.046240955490,0.001777747189,-0.029053343512
0.338915555840,0.046206838993,0.001744262459,-0.004656375211
0.336288303460,0.046273094810,0.001799573358,-0.037549523987
0.333661051090,0.046368796979,0.001758357160,-0.028386603031
0.331033798720,0.046419656786,0.001731863727,0.002527426563
0.328406546350,0.046405444609,0.001766415975,-0.018690400358
0.325779293980,0.046497304638,0.001892042928,-0.018750550835
0.323152041610,0.046478980763,0.001843743931,0.011800448658
0.320524789240,0.046409836394,0.001757580241,-0.011536020488
0.317897536870,0.046526300150,0.001693120511,-0.027871393323
0.315270284500,0.046558582832,0.001780233185,-0.008297802906
0.312643032100,0.046595149275,0.001734265169,-0.026362848403
0.310015779800,0.046666466274,0.001751065094,-0.020020104096
0.307388527400,0.046588543176,0.001854138302,-0.009046125669
0.304761275000,0.046615452570,0.001982642112,-0.023323189186
0.302134022600,0.046637853012,0.002118250543,-0.010116003475
0.299506770300,0.046592920547,0.002248640055,0.007081772281
0.296879517900,0.046519961449,0.002314261245,0.024677346952
0.294252265500,0.046431360411,0.002420285620,0.022221138493
0.291625013200,0.046346214861,0.002510848595,0.018462642176
0.288997760800,0.046225661303,0.002499472497,-0.008183141310
0.286370508400,0.046232318915,0.002517494447,-0.031364709424
0.283743256000,0.046245266110,0.002553537173,-0.013671638673
0.281116003700,0.046236862958,0.002564768939,0.000975076376
0.278488751300,0.046172869160,0.002466662522,-0.002351348342
0.275861498900,0.046181754988,0.002382509559,-0.025554759861
0.273234246600,0.046226126423,0.002263880492,-0.010446414591
0.270606994200,0.046163646063,0.002127812730,0.024316213762
0.267979741800,0.046046253367,0.001943207670,0.039154388066
0.265352489400,0.045920016546,0.001802930140,0.032400337624
0.262725237100,0.045800541586,0.001652580573,0.021756933668
0.260097984700,0.045715366459,0.001513922570,0.026287180180
0.257470732300,0.045621085835,0.001527578059,-0.002440137782
0.254843480000,0.045644881581,0.001811139643,-0.022550399758
0.252216227600,0.045654103128,0.002250575251,-0.013854338508
0.249588975200,0.045588274940,0.002592339227,-0.052387163645
0.246961722900,0.045743340606,0.002770727072,-0.094898849295
0.244334470500,0.045932987210,0.002924350365,-0.089766687165
0.241707218100,0.046122565896,0.002907454447,-0.108040474944
0.239079965700,0.046393856011,0.002988705810,-0.083610527343
0.236452713400,0.046423352898,0.003002810455,-0.039967475140
0.233825461000,0.046453791563,0.003101582529,-0.064310060114
0.231198208600,0.046650335124,0.003143055946,-0.083203846683
0.228570956300,0.046812876795,0.003225040401,-0.047079874912
0.225943703900,0.046847848410,0.003263572544,-0.030299798917
0.223316451500,0.046922964686,0.003337280799,-0.051441390199
0.220689199100,0.047071873570,0.003350894253,-0.061815611544
0.218061946800,0.047231017001,0.003446947197,-0.049164202739
0.215434694400,0.047334384652,0.003546316009,-0.011043959609
0.212807442000,0.047324690371,0.003448515838,0.030972822297
0.210180189700,0.047193956333,0.003359035197,0.052569583505
0.207552937300,0.047041136040,0.003246236794,0.066176314790
0.204925684900,0.046884441666,0.003083280403,0.096686895372
0.202298432500,0.046684876218,0.003001616293,0.106051644190
0.199671180200,0.046567895745,0.002956447267,0.104049804342
0.197043927800,0.046472257656,0.002983821733,0.089732968578
0.194416675400,0.046382205495,0.002927177349,0.079091979624
0.191789423100,0.046284217145,0.002949033849,0.084908662487
0.189162170700,0.046194786597,0.002990027968,0.082727465165
0.186534918300,0.046102156157,0.003076443725,0.089122932626
0.183907666000,0.046049614236,0.003064508531,0.099870532955
0.181280413600,0.045894449608,0.003140382269,0.138531065335
0.178653161200,0.045642044541,0.003344441501,0.147598964661
0.176025908800,0.045461673328,0.003425723245,0.129506390561
0.173398656500,0.045288416896,0.003480671569,0.133330927371
0.170771404100,0.045095066982,0.003476039057,0.128775851674
0.168144151700,0.044897657260,0.003580509029,0.107379949839
0.165516899400,0.044774422561,0.003658828931,0.061377574839
0.162889647000,0.044813630659,0.003506830886,0.049111207460
0.160262394600,0.044709426127,0.003355847682,0.129273293353
0.157635142200,0.044372443425,0.003240468739,0.195515664599
0.155007889900,0.043977811750,0.003202549735,0.187197663194
0.152380637500,0.043687598438,0.003141082424,0.133193090203
0.149753385100,0.043563598507,0.002915069208,0.101625952636
0.147126132800,0.043462737988,0.002659734315,0.089268020006
0.144498880400,0.043409969958,0.002573894761,0.073930848481
0.141871628000,0.043348131022,0.002426817107,0.082440700039
0.139244375600,0.043216979128,0.002304301041,0.111578560950
0.136617123300,0.042972404046,0.002089578095,0.141018899586
0.133989870900,0.042666718899,0.001911771584,0.108706774629
0.131362618500,0.042664168253,0.001692757458,0.003328928503
0.128735366200,0.042889205645,0.001512529438,-0.055371936324
0.126108113800,0.043019291824,0.001546485787,-0.001534409919
0.123480861400,0.042987115855,0.001505225212,0.073428268490
0.120853609000,0.042701217662,0.001646008488,0.155503662121
0.118226356700,0.042356787215,0.001815474291,0.165214120897
0.115599104300,0.042078436242,0.001870126029,0.127042088750
0.112971851900,0.041984196969,0.002112283689,0.101067920515
0.110344599600,0.041748702899,0.002210251410,0.116627962239
0.107717347200,0.041561655458,0.002225276303,0.134515580359
0.105090094800,0.041317136776,0.002306422729,0.164362475847
0.102462842500,0.040976863173,0.002200281984,0.182693594274
0.099835590100,0.040552648836,0.002377393229,0.177016597929
0.097208337700,0.040271164355,0.002361181263,0.146311634676
0.094581085300,0.040020232235,0.002163007723,0.157825236276
0.091953833000,0.039648398502,0.002213239345,0.165535031416
0.089326580600,0.039290712017,0.002301513536,0.190545972621
0.086699328200,0.038710958360,0.002193956435,0.207882257345
0.084072075900,0.038260755837,0.002194633869,0.118248081825
0.081444823500,0.038116419527,0.002242479378,0.026261583338
0.078817571100,0.038169191581,0.002520301504,0.006165154743
0.076190318700,0.038133335281,0.002735950106,0.032698244146
0.073563066400,0.038020577366,0.002638078940,0.041900047228
0.070935814000,0.037932450442,0.002639182916,0.020064382924
0.068308561600,0.037956650695,0.002866550085,-0.027068904782
0.065681309300,0.038139365730,0.003053843014,-0.123471038732
0.063054056900,0.038695719197,0.002785032670,-0.110213968256
0.060426804500,0.038701493182,0.002961096851,-0.069015813729
0.057799552100,0.039028497691,0.002859343316,-0.115646666514
0.055172299800,0.039312339689,0.002834428707,-0.067726027295
0.052545047400,0.039400458626,0.002785843123,-0.008220497931
0.049917795000,0.039347695722,0.002733548436,0.089933868813
0.047290542700,0.038902948376,0.002583550188,0.176070260389
0.044663290300,0.038436682483,0.002282441282,0.168753729527
0.042036037900,0.038037906558,0.002130910356,0.128602044565
0.039408785500,0.037755044923,0.002020163436,0.076768223133
0.036781533200,0.037657162872,0.001765794532,0.031989733066
0.034154280800,0.037669831480,0.001582904040,0.073778856610
0.031527028400,0.037373859312,0.001561753064,0.187729254870
0.028899776100,0.036799617512,0.001439288511,0.236587157973
0.026272523700,0.036272676014,0.001342370662,0.169830858486
0.023645271300,0.035900730700,0.001222083768,0.102451539115
0.021018019000,0.035724537330,0.001241123794,0.064714481758
0.018390766600,0.035592850199,0.001135809154,0.095619674595
0.015763514200,0.035265449254,0.001141266003,0.166406789352
0.013136261800,0.034916103663,0.001020990878,0.180948783793
0.010509009500,0.034647679677,0.000821324152,0.050634094318
0.007881757100,0.034950282310,0.000541627236,-0.086917084673
0.005254504700,0.035347802205,0.000332020814,-0.117124709113
0.002627252400,0.035600185760,0.000299908616,0.810181877662
0.000000000000,0.031056029655,0.000047842330,1.741008684231
