0.391460603250,0.025964910328,-0.000470759669,0.322020583509
0.388833350880,0.025010518083,-0.000112287978,0.103268644319
0.386206098510,0.025235742442,0.000130448543,0.081173197243
0.383578846140,0.024576954400,0.000359308095,-0.208699957942
0.380951593770,0.026338823423,0.000427288058,-0.598930975388
0.378324341400,0.027707485949,0.000236144846,-0.137118126745
0.375697089030,0.027074635198,0.000238009231,0.197261187937
0.373069836660,0.026669341678,0.000140694770,-0.023622407658
0.370442584290,0.027234184200,0.000002723995,-0.117194082525
0.367815331920,0.027354957011,0.000007443375,0.368448574788
0.365188079550,0.025531148206,-0.000149522566,0.201844700017
0.362560827170,0.026271161489,-0.000274899541,-0.186477509524
0.359933574800,0.026505685465,-0.000219038531,-0.076630740512
0.357306322430,0.026614381115,-0.000190005010,-0.006824515213
0.354679070060,0.026474600370,-0.000086359617,0.016063312110
0.352051817690,0.026550429628,0.000008544700,-0.072709680584
0.349424565320,0.026921856509,0.000295422822,-0.160481337866
0.346797312950,0.027449042261,0.000459540236,-0.215577668076
0.344170060580,0.028140828046,0.000582818494,-0.238564040020
0.341542808210,0.028767918186,0.000660581059,-0.188298698540
0.338915555840,0.029295564108,0.000756071458,-0.147678043895
0.336288303460,0.029676323265,0.000859976071,-0.131248775619
0.333661051090,0.030020107803,0.000985091267,-0.116904534651
0.331033798720,0.030269273331,0.001141203328,-0.100713978096
0.328406546350,0.030535111416,0.001377676797,-0.094926545744
0.325779293980,0.030775018138,0.001528877645,-0.074984281871
0.323152041610,0.030887116651,0.001587916505,-0.040268908342
0.320524789240,0.030956796033,0.001600959572,-0.026005712495
0.317897536870,0.030964984801,0.001661367859,-0.005492462233
0.315270284500,0.030924737953,0.001698034750,0.014000990696
0.312643032100,0.030799294763,0.001745656311,0.040740275368
0.310015779800,0.030614915183,0.001817101601,0.055366532280
0.307388527400,0.030508570065,0.001937734127,0.069312824295
0.304761275000,0.030277784834,0.002071890640,0.089561559927
0.302134022600,0.030040963375,0.002202864297,0.079557590428
0.299506770300,0.029868092261,0.002180641257,0.051245077621
0.296879517900,0.029789334758,0.002200110494,0.013113096710
0.294252265500,0.029832247323,0.002277930475,-0.020241297615
0.291625013200,0.029960651668,0.002355328992,-0.016878363020
0.288997760800,0.030050763149,0.002371747070,-0.038255916126
0.286370508400,0.030260555094,0.002381765862,-0.044004639934
0.283743256000,0.030330213180,0.002399222330,-0.022823929372
0.281116003700,0.030404866977,0.002299207210,-0.017154107161
0.278488751300,0.030477140996,0.002205695165,0.015454555067
0.275861498900,0.030453506173,0.002136215921,0.011869627651
0.273234246600,0.030547989221,0.002051005513,-0.005280901809
0.270606994200,0.030625042831,0.001979599798,-0.005278897282
0.267979741800,0.030717306729,0.001775665113,0.012411087954
0.265352489400,0.030765632058,0.001521859665,0.012888657340
0.262725237100,0.030814778154,0.001222156103,0.023059060604
0.260097984700,0.030858965656,0.001069380398,0.028616136859
0.257470732300,0.030950750244,0.000910555026,0.029683930205
0.254843480000,0.030944819435,0.000837237582,0.073888877918
0.252216227600,0.030780986774,0.000943746469,0.145766643188
0.249588975200,0.030457902840,0.001040639936,0.220741903273
0.246961722900,0.030013926971,0.001353052166,0.235368297791
0.244334470500,0.029574705993,0.001771543068,0.208696532718
0.241707218100,0.029191562130,0.002091496018,0.190153810843
0.239079965700,0.028853120234,0.002331049732,0.171807450563
0.236452713400,0.028629059467,0.002566143628,0.138655071171
0.233825461000,0.028443645630,0.002744893155,0.137397686781
0.231198208600,0.028199907445,0.002949902947,0.169900496364
0.228570956300,0.027834596100,0.003129084411,0.185938289658
0.225943703900,0.027466302637,0.003291407751,0.179579009176
0.223316451500,0.027085542177,0.003462277322,0.165539212992
0.220689199100,0.026794134153,0.003705573289,0.145031574015
0.218061946800,0.026475447007,0.003816003543,0.156177805563
0.215434694400,0.026129866687,0.003877882276,0.131237825680
0.212807442000,0.025906426343,0.003788344637,0.111491697645
0.210180189700,0.025607881739,0.003573465412,0.100413266941
0.207552937300,0.025452526612,0.003264572065,0.093621265584
0.204925684900,0.025175015794,0.002777122958,0.108406007920
0.202298432500,0.024878019825,0.002413726671,0.080915872335
0.199671180200,0.024707709371,0.002049529534,0.083731230790
0.197043927800,0.024322073716,0.001905930562,0.124481298101
0.194416675400,0.023880207072,0.001897955482,0.084306702038
0.191789423100,0.023690014123,0.001826807637,-0.001772056315
0.189162170700,0.023707460149,0.001730995922,-0.080198360628
0.186534918300,0.023811235947,0.001567480615,-0.152846755289
0.183907666000,0.024132915200,0.001655049814,-0.163125741258
0.181280413600,0.024300322995,0.001690630277,-0.109036123566
0.178653161200,0.024339862003,0.001714186026,-0.080053464572
0.176025908800,0.024382578674,0.001768875627,-0.075661784461
0.173398656500,0.024438599160,0.001778829757,-0.075064420945
0.170771404100,0.024509902277,0.001778559679,-0.095585749798
0.168144151700,0.024669316832,0.001742972511,-0.126360409076
0.165516899400,0.024915487673,0.001655743375,-0.121734112446
0.162889647000,0.025050540743,0.001599872074,-0.092640212716
0.160262394600,0.025188880969,0.001555210900,-0.089223675799
0.157635142200,0.025349552770,0.001596909060,-0.123452250031
0.155007889900,0.025633629934,0.001698260540,-0.156028427811
0.152380637500,0.025958513145,0.001705688745,-0.152698731593
0.149753385100,0.026245792637,0.001769287890,-0.184523765971
0.147126132800,0.026728658575,0.001892705574,-0.244583982516
0.144498880400,0.027359166123,0.001978998436,-0.227563520610
0.141871628000,0.027836405627,0.002020731067,-0.157632920864
0.139244375600,0.028091148114,0.002077837293,-0.112027564511
0.136617123300,0.028285960808,0.001989866348,-0.074552940591
0.133989870900,0.028350430170,0.001997890782,0.009597474300
0.131362618500,0.028113001770,0.001988903397,0.050691868381
0.128735366200,0.027984265693,0.001877823671,0.014818868372
0.126108113800,0.027940655353,0.001663540722,0.032769314536
0.123480861400,0.027690303228,0.001454071821,0.072980641448
0.120853609000,0.027480154653,0.001371648547,0.056257107724
0.118226356700,0.027407356399,0.001225023396,0.061209633669
0.115599104300,0.027211222895,0.001077613582,0.114648936549
0.112971851900,0.026918967163,0.000871313644,0.154456549185
0.110344599600,0.026531281291,0.000738827470,0.035874435952
0.107717347200,0.026848819553,0.000769295583,0.166152975595
0.105090094800,0.026087321695,0.000590533526,0.255745724868
0.102462842500,0.025717257237,0.000420758336,0.123583406593
0.099835590100,0.025566838126,0.000305920750,0.107185139260
0.097208337700,0.025339953757,-0.000048300009,0.166122157835
0.094581085300,0.024949880422,-0.000277665919,0.254935576842
0.091953833000,0.024276049816,-0.000517388809,0.296588493253
0.089326580600,0.023598847162,-0.000583459872,0.190651531411
0.086699328200,0.023486123786,-0.000772401148,0.012643031792
0.084072075900,0.023801361860,-0.001039002390,-0.058251333537
0.081444823500,0.024125929103,-0.001032971064,0.004978240515
0.078817571100,0.024009892226,-0.001101118315,0.070757177250
0.076190318700,0.023969381725,-0.000953449394,0.071932074129
0.073563066400,0.023825476132,-0.000832860024,0.110754677720
0.070935814000,0.023561981810,-0.000807109407,0.090490773733
0.068308561600,0.023494472727,-0.000758314056,0.005299004643
0.065681309300,0.023626115669,-0.000592942999,-0.046699571716
0.063054056900,0.023743535751,-0.000373052961,-0.042795163562
0.060426804500,0.023798988642,-0.000087369319,-0.008493744145
0.057799552100,0.023876695912,0.000062591500,-0.018094127569
0.055172299800,0.023851608070,0.000110327349,-0.004375138201
0.052545047400,0.023817362510,0.000174684345,0.012149864156
0.049917795000,0.023679338962,0.000256596546,0.048957897898
0.047290542700,0.023570645168,0.000438317787,0.083558423411
0.044663290300,0.023250133074,0.000617662753,0.131792111580
0.042036037900,0.022819658241,0.000640436228,0.183137331352
0.039408785500,0.022338344605,0.000744312400,0.204223922822
0.036781533200,0.021810168015,0.000661004607,0.156981596825
0.034154280800,0.021594680936,0.000759378638,0.174779762117
0.031527028400,0.021107395027,0.000675729746,0.236898740184
0.028899776100,0.020598701552,0.000538519183,0.225645834003
0.026272523700,0.020124932334,0.000555469807,0.254762219624
0.023645271300,0.019490416455,0.000573237986,0.266567315772
0.021018019000,0.018956109915,0.000474533979,0.207612961206
0.018390766600,0.018561388409,0.000440012150,0.161507058906
0.015763514200,0.018236993074,0.000403695842,0.092830124133
0.013136261800,0.018112552368,0.000393159204,0.036728977193
0.010509009500,0.018161388973,0.000277935787,0.028719386209
0.007881757100,0.018048729306,0.000162990952,0.023537952790
0.005254504700,0.018111544137,0.000041493323,-0.065021989640
0.002627252400,0.018470828372,0.000101011319,0.160090801327
0.000000000000,0.017352817493,0.000115132093,0.431864796460
