0.391460603250,-0.002422022923,0.000288683478,-0.306133292798
0.388833350880,-0.001632360095,0.000609581510,-0.184407640867
0.386206098510,-0.001329771333,0.000774831879,-0.041220740422
0.383578846140,-0.001387400536,0.001016201510,0.004665876843
0.380951593770,-0.001475842561,0.001295873542,-0.012684049826
0.378324341400,-0.001358497027,0.001355510446,-0.086186292187
0.375697089030,-0.001029182402,0.001418677013,0.134131706968
0.373069836660,-0.002058614138,0.001549432581,0.198566602316
0.370442584290,-0.001989792930,0.001615660626,-0.091230464169
0.367815331920,-0.001404389431,0.001662780125,-0.021196849613
0.365188079550,-0.001772978710,0.001750106399,0.168718926203
0.362560827170,-0.002277623025,0.001914368987,0.126516968933
0.359933574800,-0.002350739024,0.001992798430,0.018240409306
0.357306322430,-0.002227683284,0.002017619891,-0.020998597190
0.354679070060,-0.002099891865,0.002050189663,-0.058191675724
0.352051817690,-0.001852588757,0.002023208899,-0.093581740217
0.349424565320,-0.001532530449,0.001981965654,-0.120117741268
0.346797312950,-0.001188930709,0.001864999518,-0.146803959671
0.344170060580,-0.000774160504,0.001798740599,-0.145133506173
0.341542808210,-0.000430481648,0.001790296861,-0.121257357686
0.338915555840,-0.000107086103,0.001637961303,-0.127203272715
0.336288303460,0.000241338421,0.001404164683,-0.090010824072
0.333661051090,0.000442275432,0.001265906696,-0.064509271698
0.331033798720,0.000563206928,0.001092736460,-0.057723811847
0.328406546350,0.000654411856,0.001042618238,-0.053389803580
0.325779293980,0.000756620304,0.001014365012,-0.047665178492
0.323152041610,0.000824987308,0.000951827192,-0.014385397567
0.320524789240,0.000834591121,0.000997656930,-0.017349536497
0.317897536870,0.000924334589,0.001002173221,-0.042654283142
0.315270284500,0.001022110389,0.001084012561,-0.047506359117
0.312643032100,0.001129193620,0.001139562553,-0.054710921127
0.310015779800,0.001206921121,0.001224940794,-0.052074898315
0.307388527400,0.001321063114,0.001259997026,-0.052990666257
0.304761275000,0.001395770358,0.001158608961,-0.047246720886
0.302134022600,0.001480790761,0.001171118849,-0.056048952374
0.299506770300,0.001606738375,0.001187055778,-0.043860713319
0.296879517900,0.001677901278,0.001126186441,-0.029378712704
0.294252265500,0.001705137612,0.001131820957,-0.019836628514
0.291625013200,0.001728227525,0.001267481079,-0.020586913497
0.288997760800,0.001803162621,0.001411931078,-0.008876274766
0.286370508400,0.001779964075,0.001584464473,-0.015500821100
0.283743256000,0.001868451474,0.001611587496,-0.027212251199
0.281116003700,0.001903144293,0.001692289917,0.003411672119
0.278488751300,0.001864069449,0.001795161933,0.004770616341
0.275861498900,0.001897573421,0.001908541600,0.014695953858
0.273234246600,0.001824000279,0.002156489799,0.025814670679
0.270606994200,0.001800235740,0.002317790043,-0.000910307138
0.267979741800,0.001804168677,0.002551001228,-0.018101057663
0.265352489400,0.001805045364,0.002810171956,-0.037237754380
0.262725237100,0.001882780279,0.003006120458,-0.059042185946
0.260097984700,0.001982021348,0.003234116556,-0.057684195076
0.257470732300,0.002064618083,0.003380147000,-0.056816513890
0.254843480000,0.002131052015,0.003589430810,-0.024959041151
0.252216227600,0.002048664277,0.003805286965,0.006609631571
0.249588975200,0.001962034904,0.003974493380,0.006514079801
0.246961722900,0.001916934167,0.004232244585,0.011758194709
0.244334470500,0.001815373434,0.004455370947,0.016349566154
0.241707218100,0.001770835554,0.004650106332,0.056223717987
0.239079965700,0.001464614071,0.004732558115,0.104763164650
0.236452713400,0.001121038045,0.004760990179,0.100739994345
0.233825461000,0.000875265254,0.004854143886,0.093561325988
0.231198208600,0.000543107516,0.004925389744,0.084873883441
0.228570956300,0.000308208352,0.004907897244,0.059270290168
0.225943703900,0.000121047610,0.004895273082,0.046067362402
0.223316451500,-0.000021654598,0.004844577995,0.021920331825
0.220689199100,-0.000036592143,0.004765780145,0.023483037475
0.218061946800,-0.000151129338,0.004752996787,0.044025022309
0.215434694400,-0.000262502848,0.004821582540,0.037657792958
0.212807442000,-0.000289008241,0.004817664760,0.037709827662
0.210180189700,-0.000328113971,0.004764996431,0.040544637136
0.207552937300,-0.000352971322,0.004659575192,0.028212248178
0.204925684900,-0.000373072880,0.004602178949,0.077446638738
0.202298432500,-0.000590862988,0.004517053807,0.126913800608
0.199671180200,-0.000856707523,0.004341258817,0.113504624105
0.197043927800,-0.001037003362,0.004292256985,0.092324599245
0.194416675400,-0.001141997034,0.004222498219,0.091103745479
0.191789423100,-0.001273548871,0.004017165305,0.112481077848
0.189162170700,-0.001486245735,0.003839071871,0.154811914053
0.186534918300,-0.001839326497,0.003641530557,0.196237202642
0.183907666000,-0.002254657304,0.003505608611,0.197744669149
0.181280413600,-0.002612356966,0.003319641409,0.156779095595
0.178653161200,-0.002829195438,0.003007662467,0.088478964068
0.176025908800,-0.002879375754,0.002669430603,0.084788911531
0.173398656500,-0.003008201878,0.002466404863,0.094499930196
0.170771404100,-0.003098438185,0.002365359324,0.057748238682
0.168144151700,-0.003131100302,0.002136782942,0.038097497090
0.165516899400,-0.003140032829,0.001864236058,0.012696067048
0.162889647000,-0.002986398824,0.001613285105,-0.011375228975
0.160262394600,-0.002826343460,0.001365858415,0.039926552416
0.157635142200,-0.002970817500,0.001207437548,0.159824548283
0.155007889900,-0.003477504708,0.001038210920,0.274347333089
0.152380637500,-0.004276234802,0.000788683894,0.347372149018
0.149753385100,-0.005153052368,0.000614643905,0.359379684474
0.147126132800,-0.005914312840,0.000248870659,0.264041552536
0.144498880400,-0.006310336691,-0.000150155897,0.160692826966
0.141871628000,-0.006548998012,-0.000124282963,0.135285739008
0.139244375600,-0.006830344685,-0.000107245708,0.115554690707
0.136617123300,-0.006993515709,-0.000246763408,0.113110445994
0.133989870900,-0.007342644162,-0.000140921597,0.198301976460
0.131362618500,-0.008030198345,-0.000063176758,0.218319922223
0.128735366200,-0.008441613646,-0.000030663599,0.156452472988
0.126108113800,-0.008801372260,0.000098988795,0.169273980161
0.123480861400,-0.009298851249,0.000387833949,0.172161910363
0.120853609000,-0.009677360553,0.000709018635,0.137889083674
0.118226356700,-0.009885055684,0.001074593222,0.097577915942
0.115599104300,-0.010130097913,0.001320678551,0.051767457418
0.112971851900,-0.010211045966,0.001612587489,-0.012248535594
0.110344599600,-0.010093141806,0.001994530301,-0.105872584923
0.107717347200,-0.009814685946,0.002355710691,-0.160947661452
0.105090094800,-0.009351592551,0.002543885686,-0.222658810441
0.102462842500,-0.008675302733,0.002619621952,-0.270234324426
0.099835590100,-0.008001004474,0.002724369311,-0.282489865504
0.097208337700,-0.007211024614,0.002733534412,-0.252946733219
0.094581085300,-0.006732772873,0.002761062631,-0.132545144514
0.091953833000,-0.006603388020,0.002799772289,-0.037770734225
0.089326580600,-0.006561666394,0.002824574015,0.057654871586
0.086699328200,-0.006859652367,0.002963667189,0.094090357676
0.084072075900,-0.007072869631,0.003080118401,0.075379394959
0.081444823500,-0.007287292774,0.003143361596,0.046072662092
0.078817571100,-0.007383569183,0.003191792367,0.052783787391
0.076190318700,-0.007609161948,0.003116592764,0.061618647608
0.073563066400,-0.007759619891,0.003106148467,0.018777918448
0.070935814000,-0.007731231347,0.003355076209,-0.011458160542
0.068308561600,-0.007690255542,0.003559821178,0.026350675151
0.065681309300,-0.007805697657,0.003648666258,0.080883210021
0.063054056900,-0.007966730969,0.003934069088,0.078722233138
0.060426804500,-0.008048169018,0.004109180042,0.073077122107
0.057799552100,-0.008240814080,0.004338517256,0.086052547106
0.055172299800,-0.008450622372,0.004423889230,0.084932625040
0.052545047400,-0.008640792466,0.004542795549,0.055376184497
0.049917795000,-0.008767880618,0.004612852033,0.025847244265
0.047290542700,-0.008827611761,0.004565255179,0.045386252192
0.044663290300,-0.009038402317,0.004479917353,0.053427559684
0.042036037900,-0.009187653935,0.004227884612,0.088021979886
0.039408785500,-0.009448789309,0.004047020128,0.148043036948
0.036781533200,-0.009815660355,0.003755703442,0.142486257967
0.034154280800,-0.010005652053,0.003586077941,0.124139393086
0.031527028400,-0.010284390609,0.003281828530,0.168923020004
0.028899776100,-0.010707852185,0.003040460314,0.104906854113
0.026272523700,-0.010699227378,0.002892719264,-0.066123695059
0.023645271300,-0.010217768960,0.002443810721,-0.070310726189
0.021018019000,-0.010249320137,0.002257031154,0.157649998863
0.018390766600,-0.011032622619,0.002496981854,0.199705706798
0.015763514200,-0.011360348110,0.002355323826,0.050039728784
0.013136261800,-0.011341284433,0.002152513885,-0.035462514265
0.010509009500,-0.011208351862,0.001982457697,-0.081393605682
0.007881757100,-0.010825810528,0.001848129433,-0.238982356253
0.005254504700,-0.009953483834,0.001420290554,-0.373011783324
0.002627252400,-0.008929091943,0.001104103701,-0.447428979739
0.000000000000,-0.007647276457,0.000669905096,-0.459674430741
