0.391460603250,-0.057201190467,-0.000355583171,-1.184882917985
0.388833350880,-0.054010994531,-0.000346734940,-0.570643220711
0.386206098510,-0.053888600476,-0.000264341545,0.479577236464
0.383578846140,-0.056354408953,-0.000152295086,0.621738017590
0.380951593770,-0.057216211043,-0.000102891979,0.334533200987
0.378324341400,-0.058211471863,-0.000174600630,0.307880478688
0.375697089030,-0.058944454407,-0.000178487199,0.209058111452
0.373069836660,-0.059452287698,-0.000462320769,0.272761355586
0.370442584290,-0.060391913631,-0.000469494986,0.320990077543
0.367815331920,-0.061077949755,-0.000364418591,0.248189649264
0.365188079550,-0.061605972873,-0.000231833543,0.132728116017
0.362560827170,-0.061691438818,-0.000103207224,-0.033856243362
0.359933574800,-0.061354978111,-0.000175722407,-0.030346839578
0.357306322430,-0.061503854715,-0.000038012318,0.026693251884
0.354679070060,-0.061314513527,0.000119855673,-0.046412229053
0.352051817690,-0.061004294056,0.000282867782,-0.072057879371
0.349424565320,-0.060702422185,0.000387679858,-0.100842338385
0.346797312950,-0.060115982983,0.000525804867,-0.205017335983
0.344170060580,-0.059406974463,0.000675992500,-0.238237535368
0.341542808210,-0.058655732676,0.000678705753,-0.234100704338
0.338915555840,-0.057999363793,0.000720320240,-0.221921508683
0.336288303460,-0.057398173708,0.000742293899,-0.222232105011
0.333661051090,-0.056908413906,0.000810630596,-0.184833463537
0.331033798720,-0.056530929572,0.000988048995,-0.103038341897
0.328406546350,-0.056366179224,0.001109605216,-0.068682258581
0.325779293980,-0.056186505268,0.001128537344,-0.056920167902
0.323152041610,-0.056064207408,0.001236849340,-0.028377505547
0.320524789240,-0.056090885474,0.001328352055,0.000757333524
0.317897536870,-0.056090708275,0.001386737751,-0.010664738193
0.315270284500,-0.056105578615,0.001384789637,-0.015108437726
0.312643032100,-0.056048966269,0.001423752490,-0.026694978439
0.310015779800,-0.056014364662,0.001493217311,-0.012953543160
0.307388527400,-0.056029329426,0.001541369954,0.000040177586
0.304761275000,-0.056034417864,0.001577260640,-0.010447180972
0.302134022600,-0.056026274809,0.001634668663,0.017214334538
0.299506770300,-0.056162456877,0.001652028258,0.038577140982
0.296879517900,-0.056313524095,0.001661228178,0.023405553957
0.294252265500,-0.056365574610,0.001790211533,0.006391598990
0.291625013200,-0.056365695499,0.001914036110,-0.028231444649
0.288997760800,-0.056283646472,0.002009794614,-0.051542262931
0.286370508400,-0.056147022659,0.002090073262,-0.047240771172
0.283743256000,-0.056101625660,0.002189834526,-0.055824877002
0.281116003700,-0.055969045977,0.002368732612,-0.052561618511
0.278488751300,-0.055949743601,0.002607303159,-0.041408701825
0.275861498900,-0.055858944862,0.002760257405,-0.043074596759
0.273234246600,-0.055823820280,0.002839459279,-0.013673610393
0.270606994200,-0.055833298018,0.002931084480,-0.027534789636
0.267979741800,-0.055692339251,0.003024891153,-0.018812680756
0.265352489400,-0.055720688234,0.003147454788,0.049609116069
0.262725237100,-0.055876334922,0.003221966771,0.074386459605
0.260097984700,-0.055970873497,0.003281072301,0.064650298822
0.257470732300,-0.056077281650,0.003236697334,0.056285733026
0.254843480000,-0.056134808520,0.003269533165,0.041505566141
0.252216227600,-0.056159389842,0.003301528263,0.058981488083
0.249588975200,-0.056352786069,0.003328548262,0.127602989634
0.246961722900,-0.056738918562,0.003455660415,0.165338302733
0.244334470500,-0.057104772535,0.003577533739,0.211177007948
0.241707218100,-0.057669481939,0.003816883103,0.253686112525
0.239079965700,-0.058247394897,0.004086493566,0.204765976325
0.236452713400,-0.058636813342,0.004270750924,0.145089058673
0.233825461000,-0.058936536576,0.004479002467,0.112679131573
0.231198208600,-0.059175863768,0.004716648781,0.061887111997
0.228570956300,-0.059255810201,0.004884194784,0.026467444402
0.225943703900,-0.059310933594,0.004982404409,0.024055749110
0.223316451500,-0.059350964468,0.004988350008,0.035976762583
0.220689199100,-0.059458472212,0.004961917779,0.085642795412
0.218061946800,-0.059688072790,0.004953312651,0.091977142875
0.215434694400,-0.059909637226,0.005004893553,0.087057569679
0.212807442000,-0.060148558923,0.005039849209,0.091632936537
0.210180189700,-0.060451432912,0.004966879606,0.100649071906
0.207552937300,-0.060772215355,0.004537989759,0.124487462750
0.204925684900,-0.061175915962,0.004043457066,0.140258037978
0.202298432500,-0.061583002608,0.003595574334,0.134070195282
0.199671180200,-0.061941783872,0.003058631591,0.146821231854
0.197043927800,-0.062384663809,0.002520514340,0.196049739117
0.194416675400,-0.062939044667,0.002170662138,0.241673325132
0.191789423100,-0.063609857236,0.001782189078,0.209284825129
0.189162170700,-0.064031540775,0.001492203416,0.122513616884
0.186534918300,-0.064243499331,0.001303213996,0.072646031671
0.183907666000,-0.064360947330,0.001081522099,0.038267517605
0.181280413600,-0.064389994556,0.000976234257,-0.004875673529
0.178653161200,-0.064304409025,0.000791179442,-0.013332721682
0.176025908800,-0.064316923708,0.000516980030,0.011897243952
0.173398656500,-0.064400584674,0.000307447828,0.008467732708
0.170771404100,-0.064414180068,0.000154767955,-0.045670838235
0.168144151700,-0.064279093920,0.000225016220,-0.106537580948
0.165516899400,-0.064014142784,0.000179691426,-0.169356604975
0.162889647000,-0.063592985306,0.000164451543,-0.190046685526
0.160262394600,-0.063230826522,0.000344708953,-0.178329331320
0.157635142200,-0.062871238171,0.000505053244,-0.168058843843
0.155007889900,-0.062528507156,0.000540507024,-0.141433584144
0.152380637500,-0.062262985773,0.000579654931,-0.122895611320
0.149753385100,-0.062029929381,0.000689844501,-0.093730469082
0.147126132800,-0.061897871601,0.000850130143,-0.093796664238
0.144498880400,-0.061681598002,0.001016845910,-0.122827010544
0.141871628000,-0.061411412019,0.001151915336,-0.118917129136
0.139244375600,-0.061245102837,0.001331869886,-0.070706420910
0.136617123300,-0.061134978661,0.001446632826,-0.018274550276
0.133989870900,-0.061136286248,0.001498937559,0.006785814310
0.131362618500,-0.061142192101,0.001593462889,0.022730797388
0.128735366200,-0.061243447454,0.001780092333,0.052295104077
0.126108113800,-0.061468502582,0.002097306948,0.079392906898
0.123480861400,-0.061719815433,0.002308096203,0.141327677502
0.120853609000,-0.062091022756,0.002455036782,0.194311085716
0.118226356700,-0.062613185037,0.002585930225,0.189750339068
0.115599104300,-0.062995406165,0.002724584986,0.143837703697
0.112971851900,-0.063250917323,0.002977476584,0.085795643334
0.110344599600,-0.063328162084,0.003153344840,0.034230827656
0.107717347200,-0.063294780713,0.003311521329,0.004758895483
0.105090094800,-0.063210631685,0.003461337507,-0.046662794411
0.102462842500,-0.062953327022,0.003405951918,-0.082795165840
0.099835590100,-0.062697309754,0.003398305002,-0.011487009941
0.097208337700,-0.062849187247,0.003382745254,0.070798376492
0.094581085300,-0.063082429517,0.003323471308,0.124925610846
0.091953833000,-0.063538139103,0.003039481715,0.199492614000
0.089326580600,-0.064165961088,0.002835166403,0.256839466956
0.086699328200,-0.064798793198,0.002775787024,0.256624625286
0.084072075900,-0.065354940268,0.002737653679,0.195830366782
0.081444823500,-0.065529847466,0.002761465385,0.049217826129
0.078817571100,-0.065333533815,0.002821636888,-0.002168740060
0.076190318700,-0.065303450890,0.002769587075,-0.006139807451
0.073563066400,-0.065111459126,0.002902927744,-0.034009717223
0.070935814000,-0.064939014487,0.003070611060,0.023680011355
0.068308561600,-0.064949785780,0.003261865156,0.082708871784
0.065681309300,-0.065000351266,0.003453571269,0.051331184201
0.063054056900,-0.064916515802,0.003506817773,0.030326125958
0.060426804500,-0.064874333663,0.003428446765,0.054938553000
0.057799552100,-0.064907562953,0.003383975503,0.017612317471
0.055172299800,-0.064710574799,0.003281431335,0.035017439184
0.052545047400,-0.064760390857,0.003325015464,0.116218905081
0.049917795000,-0.064989119938,0.003366398213,0.142343129972
0.047290542700,-0.065154830421,0.003332836231,0.166075630147
0.044663290300,-0.065519361188,0.003179409405,0.217367689513
0.042036037900,-0.066024316809,0.002802698327,0.272521361255
0.039408785500,-0.066688892134,0.002787503174,0.281774265526
0.036781533200,-0.067230450492,0.002874676396,0.249499578194
0.034154280800,-0.067777820902,0.002845768744,0.245664239344
0.031527028400,-0.068373409231,0.002724839698,0.219624265257
0.028899776100,-0.068772962178,0.002644785193,0.178413769107
0.026272523700,-0.069152787797,0.002674494825,0.182723098366
0.023645271300,-0.069645278132,0.002578446464,0.172617281750
0.021018019000,-0.069896644523,0.002579594036,0.111332599277
0.018390766600,-0.070073323550,0.002568172360,0.094338313815
0.015763514200,-0.070210697374,0.002526798385,0.110463088811
0.013136261800,-0.070490956571,0.002241349384,0.110887278905
0.010509009500,-0.070695523317,0.002060308097,0.114523076590
0.007881757100,-0.070954920504,0.001845342958,0.072124517967
0.005254504700,-0.070897819977,0.001642333504,-0.021355347309
0.002627252400,-0.070655812266,0.001556238716,-0.638424698774
0.000000000000,-0.067421948796,0.001545948148,-1.245530054874
