0.391460603250,0.056255769050,0.000631130132,0.339955921165
0.388833350880,0.055173718802,0.000655691123,-0.067397644147
0.386206098510,0.056550073339,0.000928699800,-0.034118932974
0.383578846140,0.055256416798,0.000952527704,-0.046386084550
0.380951593770,0.056706903910,0.001059683099,-0.325937629873
0.378324341400,0.056836739421,0.000982889847,-0.128735721777
0.375697089030,0.057206645505,0.001027616295,0.101367470559
0.373069836660,0.055952477690,0.001402976754,0.262527901204
0.370442584290,0.055842695325,0.001545423408,-0.212384466846
0.367815331920,0.057562082912,0.001688604281,-0.291077238345
0.365188079550,0.057578644832,0.001639340651,0.373784079329
0.362560827170,0.055704801055,0.001545729316,0.096950946347
0.359933574800,0.057125840323,0.001685071477,-0.466282848547
0.357306322430,0.058182561080,0.001656882016,-0.327076198436
0.354679070060,0.058906579819,0.001740284931,-0.172695239172
0.352051817690,0.059203005273,0.001792608173,-0.021602710068
0.349424565320,0.059222373469,0.001819035721,0.044147505053
0.346797312950,0.059236519637,0.001823830670,0.068278512395
0.344170060580,0.059251036469,0.001732138241,0.066451507970
0.341542808210,0.059228125576,0.001691131853,0.083256326120
0.338915555840,0.059101039718,0.001826873679,0.077807078109
0.336288303460,0.059072167357,0.001809943026,0.043785019281
0.333661051090,0.059099372599,0.001753665010,0.041743619286
0.331033798720,0.059021111480,0.001728882768,0.044675086508
0.328406546350,0.059030406726,0.001651995823,-0.002968353351
0.325779293980,0.059146904321,0.001596318263,0.005598683127
0.323152041610,0.059112665034,0.001515033560,0.029225513734
0.320524789240,0.059142363050,0.001535831755,0.012275602903
0.317897536870,0.059194849134,0.001492669463,-0.009791782834
0.315270284500,0.059313470380,0.001445760405,-0.026536326668
0.312643032100,0.059432877486,0.001566761159,-0.026660211979
0.310015779800,0.059479831183,0.001674834993,-0.009779482466
0.307388527400,0.059541935304,0.001728154656,-0.020835212126
0.304761275000,0.059674360448,0.001951153341,0.002094046800
0.302134022600,0.059622496376,0.002326841540,0.019246908107
0.299506770300,0.059661697065,0.002548845591,-0.031316385448
0.296879517900,0.059798493894,0.002647065254,-0.042836469477
0.294252265500,0.059845172612,0.002837167182,-0.015390985534
0.291625013200,0.059825053404,0.003061907943,0.006398471494
0.288997760800,0.059777819488,0.003176696255,0.004159462846
0.286370508400,0.059748172543,0.003367748323,-0.008375425349
0.283743256000,0.059756138485,0.003316982853,-0.012945494399
0.281116003700,0.059748058227,0.003310739901,-0.001726015906
0.278488751300,0.059690224761,0.003268274547,0.020204704006
0.275861498900,0.059534527000,0.003129836691,0.018560806403
0.273234246600,0.059516102745,0.003043743792,0.008444865905
0.270606994200,0.059469491836,0.002952347218,0.029699302941
0.267979741800,0.059370017400,0.002836161795,0.042977367435
0.265352489400,0.059265337013,0.002628726794,0.057068919057
0.262725237100,0.059074632263,0.002329789773,0.063781936350
0.260097984700,0.058904701025,0.002123513838,0.042127139291
0.257470732300,0.058811427724,0.001885859605,0.026137756701
0.254843480000,0.058692138373,0.001998173511,0.026580982328
0.252216227600,0.058589349599,0.002384428826,-0.003733306082
0.249588975200,0.058603312363,0.002768891504,-0.031778849088
0.246961722900,0.058669104819,0.003019013909,-0.041801054124
0.244334470500,0.058790169540,0.003112905562,-0.042837867134
0.241707218100,0.058868451018,0.003199265085,-0.033818824632
0.239079965700,0.058965590277,0.003270858526,-0.080857438932
0.236452713400,0.059297770443,0.003178451063,-0.104754376459
0.233825461000,0.059528033916,0.003162579487,-0.057082333795
0.231198208600,0.059559921887,0.003171032843,-0.033277658939
0.228570956300,0.059625056678,0.003080287065,-0.042827148437
0.225943703900,0.059719854864,0.002991710726,-0.028395076933
0.223316451500,0.059754230264,0.002922785420,-0.043239458104
0.220689199100,0.059930193919,0.002948556054,-0.068537848851
0.218061946800,0.060129626661,0.002989148689,-0.031304548623
0.215434694400,0.060141337549,0.003063096172,0.044550783524
0.212807442000,0.060013666714,0.002905252613,0.088133008464
0.210180189700,0.059724763818,0.002688386184,0.100124104415
0.207552937300,0.059504926868,0.002487892194,0.113783220787
0.204925684900,0.059142310970,0.002324338168,0.122762528101
0.202298432500,0.058899563713,0.002185164115,0.079129340365
0.199671180200,0.058752552699,0.002131738403,0.046236931606
0.197043927800,0.058644985581,0.002250032879,0.036390160768
0.194416675400,0.058570505538,0.002373633332,0.024023061614
0.191789423100,0.058537678224,0.002369120857,0.024770644520
0.189162170700,0.058494072809,0.002393997588,0.030353283696
0.186534918300,0.058422377226,0.002401493327,0.049499710908
0.183907666000,0.058305330743,0.002417941443,0.061753848119
0.181280413600,0.058182801164,0.002370011367,0.037650090680
0.178653161200,0.058106816251,0.002431186714,0.046294642222
0.176025908800,0.057913471162,0.002485835113,0.107989443641
0.173398656500,0.057582515249,0.002441820104,0.196141727381
0.170771404100,0.057026617981,0.002454534145,0.088085259350
0.168144151700,0.057496822748,0.002383016611,-0.074102586368
0.165516899400,0.057551283801,0.002331191367,0.017023523350
0.162889647000,0.057394271155,0.002326690284,0.074205349143
0.160262394600,0.057246625641,0.002238094969,0.108483144350
0.157635142200,0.056912187919,0.002093109760,0.159899963170
0.155007889900,0.056536242888,0.001958673657,0.141638021920
0.152380637500,0.056245154870,0.001728472688,0.123261159423
0.149753385100,0.055885983658,0.001562409162,0.104529874338
0.147126132800,0.055669855019,0.001426906618,0.054954900759
0.144498880400,0.055612282534,0.001149051450,0.058732018580
0.141871628000,0.055406890789,0.000764424308,0.090967234107
0.139244375600,0.055102647584,0.000631680692,0.151291836761
0.136617123300,0.054696496753,0.000372261838,0.174816250550
0.133989870900,0.054281215592,0.000072889861,0.116016893166
0.131362618500,0.054263397631,-0.000222871429,-0.071178481791
0.128735366200,0.054774489962,-0.000376122356,-0.198607337766
0.126108113800,0.055464695537,-0.000360052415,-0.149747526420
0.123480861400,0.055694273182,-0.000322928100,-0.040606671158
0.120853609000,0.055718089777,-0.000334966295,-0.002250356333
0.118226356700,0.055742696049,-0.000482832328,0.008278839796
0.115599104300,0.055740116663,-0.000375372348,0.004141739890
0.112971851900,0.055817356287,-0.000217366301,0.002933068670
0.110344599600,0.055818368081,-0.000111212620,0.000120597319
0.107717347200,0.055889618233,-0.000038095817,0.050585108459
0.105090094800,0.055598672991,-0.000124740854,0.135548808340
0.102462842500,0.055193153826,-0.000097762773,0.177654236606
0.099835590100,0.054662288962,-0.000105794708,0.204909382550
0.097208337700,0.054212992943,0.000025421023,0.179156249150
0.094581085300,0.053960764220,0.000213521055,0.127311079619
0.091953833000,0.053802267192,0.000396364666,0.135882479653
0.089326580600,0.053685381366,0.000504846300,0.136747545038
0.086699328200,0.053546691624,0.000592315945,0.138883520356
0.084072075900,0.053299036181,0.000624340083,0.135804994668
0.081444823500,0.053183519959,0.000734187683,0.136167249371
0.078817571100,0.053021029146,0.000855973435,0.177083032538
0.076190318700,0.052545918411,0.001016955581,0.210497900756
0.073563066400,0.052153813710,0.001170850476,0.170178037311
0.070935814000,0.051899302110,0.001107960387,0.137580257775
0.068308561600,0.051675633026,0.001151022829,0.133375818191
0.065681309300,0.051482608226,0.001340899408,0.116322382428
0.063054056900,0.051415188350,0.001416893654,0.048631515138
0.060426804500,0.051538459200,0.001404793355,0.038383354549
0.057799552100,0.051487635413,0.001432188348,0.063807700534
0.055172299800,0.051435603650,0.001445920675,0.074496717049
0.052545047400,0.051285186062,0.001471464012,0.075202407709
0.049917795000,0.051179521298,0.001496680066,0.064592492714
0.047290542700,0.051102112937,0.001365659772,0.060041502323
0.044663290300,0.051013316072,0.001117155574,0.042853703773
0.042036037900,0.050967045857,0.001071536647,0.030466280466
0.039408785500,0.050948113645,0.001136391582,0.044713972139
0.036781533200,0.050897228758,0.001032728770,0.043662407276
0.034154280800,0.050843174661,0.000800597579,0.104155393689
0.031527028400,0.050422926131,0.000708302958,0.195021047865
0.028899776100,0.049891378572,0.000662132634,0.176828541136
0.026272523700,0.049528686702,0.000427143584,0.127456171509
0.023645271300,0.049225791383,0.000251553926,0.588308811492
0.021018019000,0.046439581304,0.000292881288,0.186433466234
0.018390766600,0.048251243558,0.000535760253,-0.388858328561
0.015763514200,0.048416928619,0.000587474032,-0.031477784340
0.013136261800,0.048295968997,0.000523843594,-0.033846629302
0.010509009500,0.048439953019,0.000590158339,-0.105936242721
0.007881757100,0.048776549287,0.000497824745,-0.182983128007
0.005254504700,0.049362027505,0.000326004556,-0.123373125279
0.002627252400,0.049379681740,0.000158635908,1.292638992330
0.000000000000,0.042539097476,0.000289108638,2.597138300839
