0.391460603250,-0.005283091254,0.000390226386,-0.501142082687
0.388833350880,-0.003883322474,0.000548677880,-0.631742797800
0.386206098510,-0.001782249759,0.000731163500,-0.536499994757
0.383578846140,-0.000957334915,0.000867715136,0.209733108416
0.380951593770,-0.002882724631,0.000952777158,0.316654065169
0.378324341400,-0.002663799997,0.001097464191,-0.238745328144
0.375697089030,-0.001655487025,0.001239227164,0.017975371011
0.373069836660,-0.002779609179,0.001390362551,0.338609328720
0.370442584290,-0.003418035290,0.001353260721,-0.199787719846
0.367815331920,-0.001900461259,0.001439704960,0.093366713094
0.365188079550,-0.003711729108,0.001486326100,0.284438794190
0.362560827170,-0.003300595581,0.001574185608,-0.058005731576
0.359933574800,-0.003276878538,0.001713313910,0.047537012869
0.357306322430,-0.003423627025,0.001895638864,0.081972055395
0.354679070060,-0.003627808653,0.001970992403,0.064392382145
0.352051817690,-0.003753785004,0.001938555215,0.042756511253
0.349424565320,-0.003731265516,0.001973892683,-0.027281309964
0.346797312950,-0.003631682077,0.002024134549,-0.041087017151
0.344170060580,-0.003538866329,0.002062060132,-0.069689687906
0.341542808210,-0.003232720925,0.002152343311,-0.130307040694
0.338915555840,-0.002840196669,0.002027562506,-0.112459366339
0.336288303460,-0.002611541399,0.001939256345,-0.068683255359
0.333661051090,-0.002424763679,0.001901034130,-0.063250631174
0.331033798720,-0.002197728599,0.001834669985,-0.088930211284
0.328406546350,-0.001928821677,0.001651959151,-0.104752150466
0.325779293980,-0.001719894948,0.001590407080,-0.081459190322
0.323152041610,-0.001508529823,0.001591903819,-0.053997628720
0.320524789240,-0.001416602070,0.001680739771,-0.006088120655
0.317897536870,-0.001450930213,0.001836760536,-0.000994281760
0.315270284500,-0.001406562152,0.001934973036,-0.034861294064
0.312643032100,-0.001291412763,0.002081582537,-0.045186392192
0.310015779800,-0.001194640462,0.002063523190,-0.037777711746
0.307388527400,-0.001165912449,0.001832466749,-0.021081008557
0.304761275000,-0.001157967542,0.001752563871,-0.029603274711
0.302134022600,-0.001039997916,0.001745533530,-0.050325171966
0.299506770300,-0.000923407191,0.001645168287,-0.038227755729
0.296879517900,-0.000872188112,0.001532453923,-0.005324177578
0.294252265500,-0.000909389048,0.001355903939,0.015207500941
0.291625013200,-0.000985946769,0.001135347897,0.012028389085
0.288997760800,-0.001028579484,0.001077605723,-0.000614478731
0.286370508400,-0.001044252278,0.000994136003,-0.009265697807
0.283743256000,-0.001043865250,0.000912651852,-0.009527488540
0.281116003700,-0.001059103264,0.000969326361,-0.013204521357
0.278488751300,-0.001040000879,0.001045010248,-0.003707385208
0.275861498900,-0.001113579195,0.001202199905,0.028350354906
0.273234246600,-0.001244532759,0.001408338176,0.023826830061
0.270606994200,-0.001276390582,0.001695575015,-0.001252800705
0.267979741800,-0.001312336973,0.001974645896,-0.011803137869
0.265352489400,-0.001330679377,0.002045514784,-0.016424170269
0.262725237100,-0.001356334094,0.002177979938,-0.015349688289
0.260097984700,-0.001426620075,0.002329978663,-0.011357259025
0.257470732300,-0.001460814040,0.002624300752,-0.017992375343
0.254843480000,-0.001503580414,0.002686727863,-0.038312310913
0.252216227600,-0.001446166395,0.002733179170,-0.068105245108
0.249588975200,-0.001341956391,0.002924493882,-0.083035959700
0.246961722900,-0.001179217090,0.003006310148,-0.097232262662
0.244334470500,-0.000995619997,0.003100162996,-0.099185680685
0.241707218100,-0.000829682385,0.003338664697,-0.084483294340
0.239079965700,-0.000721997245,0.003619658680,-0.076797633008
0.236452713400,-0.000580473802,0.003829455758,-0.089736131213
0.233825461000,-0.000398533665,0.003834324620,-0.069459878278
0.231198208600,-0.000355499931,0.003937346385,-0.024959913408
0.228570956300,-0.000397590553,0.004198836967,-0.005036710465
0.225943703900,-0.000439608903,0.004367281121,0.033195477000
0.223316451500,-0.000689444945,0.004487643601,0.094616428723
0.220689199100,-0.001034774702,0.004651735097,0.099375325110
0.218061946800,-0.001292330764,0.004730930495,0.117554837598
0.215434694400,-0.001612013794,0.004865745149,0.126226895289
0.212807442000,-0.001902129759,0.004908608133,0.094885206610
0.210180189700,-0.002070310351,0.004937073965,0.063738078069
0.207552937300,-0.002187356675,0.005007506649,0.061166800254
0.204925684900,-0.002258848364,0.005064602840,0.058279831223
0.202298432500,-0.002329412049,0.005178144542,0.061802984813
0.199671180200,-0.002412470508,0.005222210072,0.049652405653
0.197043927800,-0.002386556642,0.005194519492,0.048780644461
0.194416675400,-0.002457489646,0.005153052105,0.095826162534
0.191789423100,-0.002692602071,0.004992253181,0.142931623111
0.189162170700,-0.002992772546,0.004672344937,0.171118176774
0.186534918300,-0.003332914201,0.004447691008,0.169993852035
0.183907666000,-0.003533733205,0.004258078177,0.146892280219
0.181280413600,-0.003652714525,0.004027874985,0.110319542738
0.178653161200,-0.003690538367,0.003666493039,0.041880292802
0.176025908800,-0.003510138295,0.003422858096,-0.023768981195
0.173398656500,-0.003258995028,0.003312085110,0.014706421125
0.170771404100,-0.003272061206,0.003188490418,0.085143395990
0.168144151700,-0.003403060725,0.003156673076,0.113484025319
0.165516899400,-0.003586034997,0.003226129838,0.156752360224
0.162889647000,-0.003936219349,0.003222353345,0.192160766766
0.160262394600,-0.004281926882,0.003286664073,0.181070838227
0.157635142200,-0.004635996839,0.003314876512,0.171551261399
0.155007889900,-0.004934687060,0.003115701555,0.150412725582
0.152380637500,-0.005160212971,0.003079646460,0.153426422558
0.149753385100,-0.005477316961,0.002949199948,0.173025075628
0.147126132800,-0.005867872806,0.002856598999,0.144395797751
0.144498880400,-0.006008841392,0.002866875259,0.091913851162
0.141871628000,-0.006081814554,0.002814731988,0.123012334262
0.139244375600,-0.006395679024,0.002675453986,0.138451881734
0.136617123300,-0.006612244135,0.002492157393,0.121577754786
0.133989870900,-0.006837736121,0.002152352912,0.144968320011
0.131362618500,-0.007165419043,0.001788217967,0.183507761771
0.128735366200,-0.007570732486,0.001453305594,0.178261957942
0.126108113800,-0.007866866658,0.001375011879,0.076509034980
0.123480861400,-0.007756793609,0.001168086597,-0.011128547572
0.120853609000,-0.007567304988,0.001124019456,0.003197674561
0.118226356700,-0.007515377744,0.001106327966,0.106466996733
0.115599104300,-0.007913589146,0.001094528935,0.215141740640
0.112971851900,-0.008390464526,0.001185812262,0.247023018486
0.110344599600,-0.009022650165,0.001300491255,0.209915330048
0.107717347200,-0.009384266272,0.001413606020,0.137668966032
0.105090094800,-0.009620614059,0.001598391905,0.141706864875
0.102462842500,-0.010001448872,0.001823038183,0.089193908963
0.099835590100,-0.010055056994,0.001930711721,0.009006125391
0.097208337700,-0.010100744111,0.002119929545,0.001561720857
0.094581085300,-0.010159769658,0.002330917491,0.018198882644
0.091953833000,-0.010163677362,0.002478809530,-0.015952831754
0.089326580600,-0.010052806880,0.002596361070,-0.043290984704
0.086699328200,-0.009937250325,0.002651418358,-0.035532391439
0.084072075900,-0.009994948949,0.002862420968,-0.014266563007
0.081444823500,-0.009956359717,0.002965839726,0.001911927905
0.078817571100,-0.009915664345,0.002994873715,0.039203910944
0.076190318700,-0.009993296298,0.002967219329,0.031584201383
0.073563066400,-0.010021388449,0.002821359397,0.055134770492
0.070935814000,-0.010122974045,0.002778181248,0.078042715695
0.068308561600,-0.010227583100,0.002845268153,0.010369465488
0.065681309300,-0.010066211633,0.002697771228,0.000818102414
0.063054056900,-0.010128603759,0.002684284996,0.076125131017
0.060426804500,-0.010256755626,0.002594091331,0.076812287155
0.057799552100,-0.010356361446,0.002636762313,0.064320669329
0.055172299800,-0.010475956735,0.002750187092,0.059825604386
0.052545047400,-0.010624704752,0.002817635377,0.028903214807
0.049917795000,-0.010646620541,0.002882573574,-0.021463524502
0.047290542700,-0.010556670677,0.002809259899,-0.011613762179
0.044663290300,-0.010636627161,0.002816583588,0.017985615749
0.042036037900,-0.010754407353,0.002858387705,0.062128460414
0.039408785500,-0.011061847276,0.002731381362,0.163744149378
0.036781533200,-0.011767804467,0.002655766104,0.217056647975
0.034154280800,-0.012475224250,0.002480001757,0.186486033104
0.031527028400,-0.012936547725,0.002256284174,0.133101562765
0.028899776100,-0.013302828482,0.002136701300,0.084760699716
0.026272523700,-0.013463090813,0.002054507673,-0.052310903769
0.023645271300,-0.013133133439,0.001969627123,-0.088193781951
0.021018019000,-0.013159484441,0.001761478962,0.031690018546
0.018390766600,-0.013481333302,0.001832995602,-0.000261024628
0.015763514200,-0.013233429984,0.001851469718,-0.122651035359
0.013136261800,-0.012944718141,0.001853112644,-0.123163776754
0.010509009500,-0.012724744824,0.001772756808,-0.143766679695
0.007881757100,-0.012301171116,0.001575143901,-0.142755866942
0.005254504700,-0.011973090463,0.001411698237,-0.216884605537
0.002627252400,-0.011185856363,0.001275541197,-0.436520188357
0.000000000000,-0.009721420716,0.001328592029,-0.603740120021
