0.391460603250,0.002692225216,0.000118738533,-0.027725439944
0.388833350880,0.002817630321,0.000096080615,0.603895554477
0.386206098510,-0.000362010915,-0.000069975277,0.445623599383
0.383578846140,0.000708407623,0.000214945446,-0.118792346137
0.380951593770,0.000451804097,0.000314841912,0.076381575777
0.378324341400,0.000323347367,0.000202093471,0.261239898612
0.375697089030,-0.000983873524,0.000287663765,0.136030461199
0.373069836660,-0.000373211928,0.000338063160,-0.256237581763
0.370442584290,0.000452288988,0.000254968041,-0.154674313235
0.367815331920,0.000474958180,0.000172746621,0.019951756114
0.365188079550,0.000325992240,0.000177746042,0.059458580580
0.362560827170,0.000099503159,0.000162787643,0.155667123891
0.359933574800,-0.000532836206,0.000246318870,-0.034540229332
0.357306322430,0.000246870575,0.000149616794,-0.180467068461
0.354679070060,0.000341009807,0.000166572204,-0.064386344490
0.352051817690,0.000448450300,0.000250203383,-0.089939344871
0.349424565320,0.000661772113,0.000412107568,-0.118289771803
0.346797312950,0.000853633324,0.000370200335,-0.100268702221
0.344170060580,0.000985929515,0.000407975835,-0.088689871764
0.341542808210,0.001188205527,0.000549888131,-0.108780540096
0.338915555840,0.001444716232,0.000657220918,-0.111050420366
0.336288303460,0.001645066728,0.000880122699,-0.086780738125
0.333661051090,0.001775851719,0.001117723446,-0.068256722803
0.331033798720,0.001885487648,0.001406042890,-0.035977006859
0.328406546350,0.001870427593,0.001607821536,-0.010578953248
0.325779293980,0.001851744406,0.001849698244,-0.011478872537
0.323152041610,0.001840418317,0.002125255942,-0.018706360189
0.320524789240,0.001881824184,0.002267185590,-0.046892216135
0.317897536870,0.002064258841,0.002346529549,-0.081745892771
0.315270284500,0.002223706751,0.002457596726,-0.061557824329
0.312643032100,0.002364353925,0.002533959457,-0.047331974248
0.310015779800,0.002523401575,0.002524681099,-0.032976303696
0.307388527400,0.002645832255,0.002557343921,-0.061111747909
0.304761275000,0.002951369086,0.002617171459,-0.119447337435
0.302134022600,0.003267963229,0.002502784702,-0.070725194926
0.299506770300,0.003329358770,0.002402462892,-0.009814639067
0.296879517900,0.003355796465,0.002387345295,-0.021141021217
0.294252265500,0.003481146001,0.002453087097,-0.042552046640
0.291625013200,0.003599356015,0.002343707525,-0.031601796908
0.288997760800,0.003678718652,0.002236338619,-0.011944039639
0.286370508400,0.003699402848,0.002177273432,0.004615515442
0.283743256000,0.003668522493,0.002243481420,-0.000657240800
0.281116003700,0.003678221138,0.002123493752,-0.011679031273
0.278488751300,0.003695462579,0.002077717327,0.002612091711
0.275861498900,0.003605968501,0.002173482064,0.042503522027
0.273234246600,0.003394583900,0.002299174796,0.073840300024
0.270606994200,0.003152966676,0.002335070653,0.075797528673
0.267979741800,0.002944047975,0.002464836119,0.046241848296
0.265352489400,0.002839266045,0.002731268705,0.003869310894
0.262725237100,0.002870320217,0.002915207292,-0.018787195577
0.260097984700,0.002961710122,0.003000286410,0.004248062622
0.257470732300,0.002957166050,0.003011673294,0.013474554913
0.254843480000,0.003013827258,0.003068182594,0.000284612604
0.252216227600,0.003043764648,0.003162466221,0.007990525511
0.249588975200,0.003010122082,0.003078746860,0.011639242652
0.246961722900,0.003082713782,0.003021681522,0.013291263658
0.244334470500,0.003116611715,0.003080070690,0.020670739164
0.241707218100,0.003159792114,0.003006146651,0.003993151779
0.239079965700,0.003256707640,0.003006307978,0.017965238965
0.236452713400,0.003268328266,0.002999947318,0.030577125424
0.233825461000,0.003301071132,0.002969078946,0.018586590921
0.231198208600,0.003352918140,0.002889365277,0.004831589577
0.228570956300,0.003404545534,0.002873534475,0.006899720745
0.225943703900,0.003482972644,0.002989453499,0.030224499262
0.223316451500,0.003421985918,0.003092645371,0.087638346700
0.220689199100,0.003206672731,0.003021511322,0.128032953661
0.218061946800,0.002878594340,0.003008327889,0.159581030855
0.215434694400,0.002461132597,0.002969317035,0.185252915497
0.212807442000,0.002016821409,0.002911923554,0.169820932903
0.210180189700,0.001687112817,0.002971565904,0.116245181125
0.207552937300,0.001504884412,0.003055259183,0.459779964085
0.204925684900,-0.000649814141,0.003334815123,0.057589511909
0.202298432500,0.001262850365,0.003172446366,-0.321024774982
0.199671180200,0.001133807569,0.003155228737,0.080688479023
0.197043927800,0.000884739947,0.003113863827,0.135347512497
0.194416675400,0.000491244056,0.003069876550,0.195394035386
0.191789423100,0.000014781441,0.002988819071,0.174431226748
0.189162170700,-0.000328257826,0.002837681335,0.141270551684
0.186534918300,-0.000574900190,0.002613454877,0.119758759253
0.183907666000,-0.000792849101,0.002390596221,0.091733816064
0.181280413600,-0.000926946698,0.002202239475,0.054654092962
0.178653161200,-0.001040360102,0.001985253814,0.028774600098
0.176025908800,-0.001017050129,0.001903532155,-0.014629090079
0.173398656500,-0.000925370880,0.001680868823,-0.026349228292
0.170771404100,-0.000886083680,0.001420396705,0.004660425176
0.168144151700,-0.000982519040,0.001264576887,0.040298061588
0.165516899400,-0.001130656356,0.000968310808,0.002356934686
0.162889647000,-0.001018710193,0.000859609164,-0.074091433682
0.160262394600,-0.000818543649,0.000773356510,-0.053446870509
0.157635142200,-0.000846359059,0.000616091241,-0.018631407393
0.155007889900,-0.000866965569,0.000641838028,-0.027671844758
0.152380637500,-0.000830986175,0.000726016642,-0.045379980129
0.149753385100,-0.000743997950,0.000690351323,-0.057394987606
0.147126132800,-0.000658725990,0.000865173025,-0.053569913629
0.144498880400,-0.000590194398,0.001146897593,-0.063374791679
0.141871628000,-0.000430791861,0.001263044301,-0.075724254782
0.139244375600,-0.000268006574,0.001362401296,-0.069356663293
0.136617123300,-0.000204343969,0.001318485799,-0.045217615554
0.133989870900,-0.000171675300,0.001360442236,0.010289524720
0.131362618500,-0.000311119630,0.001566728942,0.038611590901
0.128735366200,-0.000395640220,0.001615046458,-0.023869976114
0.126108113800,-0.000281238608,0.001731222816,-0.118739532983
0.123480861400,0.000152262165,0.001844735165,-0.204379124706
0.120853609000,0.000751653577,0.001789400854,-0.156076109873
0.118226356700,0.001016778796,0.001619056853,-0.079740358557
0.115599104300,0.001250326796,0.001287700570,-0.064564332003
0.112971851900,0.001420103607,0.001005307107,0.002931858428
0.110344599600,0.001275271250,0.000703594646,0.061230919461
0.107717347200,0.001120950502,0.000434561880,0.058358278124
0.105090094800,0.000945060536,0.000492838839,0.108985205446
0.102462842500,0.000528594506,0.000610691056,0.163120598856
0.099835590100,0.000149333187,0.000561280051,0.130408324714
0.097208337700,-0.000035800357,0.000657234671,0.093329023358
0.094581085300,-0.000184574781,0.000696866386,0.068563353968
0.091953833000,-0.000263675554,0.000750062005,0.084739936917
0.089326580600,-0.000489348197,0.000865715824,0.162943148587
0.086699328200,-0.000872646457,0.000870665758,0.197876736779
0.084072075900,-0.001258992529,0.000888398224,0.220305186503
0.081444823500,-0.001753028078,0.000846744673,0.224315063526
0.078817571100,-0.002211809702,0.000829783147,0.189951807351
0.076190318700,-0.002541120053,0.000822566576,0.139558570589
0.073563066400,-0.002743772914,0.000783605263,0.095041004948
0.070935814000,-0.002925103166,0.000882271459,0.029721357327
0.068308561600,-0.002873263653,0.000851825417,0.022349600366
0.065681309300,-0.002944946701,0.000810047780,0.040636084478
0.063054056900,-0.002989994767,0.000908292022,0.073508248446
0.060426804500,-0.003277774664,0.000893132127,0.138343438930
0.057799552100,-0.003651262419,0.000997413305,0.124251694234
0.055172299800,-0.003815748778,0.001145172874,0.040103166365
0.052545047400,-0.003758316776,0.001224278506,-0.014623434579
0.049917795000,-0.003569845138,0.001224418372,-0.004807074142
0.047290542700,-0.003535810788,0.001168591045,-0.031337464099
0.044663290300,-0.003318565700,0.001111264501,-0.029455706823
0.042036037900,-0.003309741461,0.001228162825,0.069802560136
0.039408785500,-0.003541842271,0.001269271397,0.137558625079
0.036781533200,-0.003867978466,0.001300664537,0.093961794720
0.034154280800,-0.003990499573,0.001347576428,0.070424454422
0.031527028400,-0.004292455658,0.001380647981,0.132059491445
0.028899776100,-0.004703117729,0.001328709351,0.114197840214
0.026272523700,-0.004830358320,0.001260044829,-0.093812244801
0.023645271300,-0.004069891291,0.001348889785,-0.080169747893
0.021018019000,-0.004268534461,0.001353037690,0.289284350422
0.018390766600,-0.005534349910,0.001396168330,0.392755787172
0.015763514200,-0.006320052594,0.001475513461,0.244416233116
0.013136261800,-0.006802087831,0.001517967175,0.162497893884
0.010509009500,-0.007111518804,0.001396548106,0.108912397594
0.007881757100,-0.007323844177,0.001149040104,0.042040423350
0.005254504700,-0.007276622047,0.000900343417,-0.035920508756
0.002627252400,-0.007039769627,0.000654058698,-0.249990787402
0.000000000000,-0.005866017733,0.000596569013,-0.453021842085
