0.391460603250,-0.010561902913,-0.000155088958,-0.046080332817
0.388833350880,-0.010111451046,0.000064312824,0.484390363368
0.386206098510,-0.012818234214,-0.000146105732,0.544184977169
0.383578846140,-0.012661718182,-0.000211732184,-0.008922591364
0.380951593770,-0.012663611098,-0.000051615352,-0.011996213721
0.378324341400,-0.012572681236,-0.000104775503,0.068881342271
0.375697089030,-0.013038922042,-0.000241109134,0.168323538877
0.373069836660,-0.013453328995,-0.000407755307,0.153777226424
0.370442584290,-0.013878196986,-0.000386107588,0.177424608393
0.367815331920,-0.014395392276,-0.000394673824,0.186607910991
0.365188079550,-0.014934447950,-0.000488196612,0.056548210510
0.362560827170,-0.014797383974,-0.000310841048,-0.258175113587
0.359933574800,-0.013590353277,-0.000307762216,0.089368699057
0.357306322430,-0.015335382862,-0.000335854796,0.315883028794
0.354679070060,-0.015400585625,-0.000183362492,-0.025583157979
0.352051817690,-0.015241378960,-0.000014488334,-0.108590863845
0.349424565320,-0.014868034500,0.000167784949,-0.185589165550
0.346797312950,-0.014346914831,0.000321793603,-0.226607344221
0.344170060580,-0.013794875227,0.000463098111,-0.236639464240
0.341542808210,-0.013037570989,0.000534911037,-0.269199287774
0.338915555840,-0.012296488216,0.000589645702,-0.233605392098
0.336288303460,-0.011752997528,0.000816108514,-0.165128641928
0.333661051090,-0.011449132972,0.001054659450,-0.115741754821
0.331033798720,-0.011230661397,0.001298967891,-0.074339533446
0.328406546350,-0.011101778957,0.001507057947,-0.059981241674
0.325779293980,-0.010938882630,0.001476678936,-0.067419557267
0.323152041610,-0.010830476215,0.001549748951,-0.050073461473
0.320524789240,-0.010725984394,0.001696652326,-0.040311430980
0.317897536870,-0.010701805353,0.001701053664,-0.029080899312
0.315270284500,-0.010680668684,0.001713367975,-0.005300074340
0.312643032100,-0.010763115526,0.001785507680,0.041835354552
0.310015779800,-0.010969023201,0.001855853459,0.070887932197
0.307388527400,-0.011142327903,0.001908737030,0.067503738655
0.304761275000,-0.011349398593,0.001993685035,0.065492608562
0.302134022600,-0.011578867903,0.002139505233,0.075132732550
0.299506770300,-0.011788471119,0.002178683909,0.049943399346
0.296879517900,-0.011865563406,0.002270432411,0.004873626252
0.294252265500,-0.011817379884,0.002308219400,-0.028596160312
0.291625013200,-0.011717591148,0.002299527032,-0.033639526499
0.288997760800,-0.011625035299,0.002386899673,-0.064089402216
0.286370508400,-0.011411509032,0.002367061022,-0.078395165007
0.283743256000,-0.011186742645,0.002377044554,-0.050343178316
0.281116003700,-0.011121043797,0.002351657068,0.001729996219
0.278488751300,-0.011099488788,0.002111265829,-0.004536889600
0.275861498900,-0.011010758983,0.002066763811,-0.015434301131
0.273234246600,-0.010927468121,0.002069153787,0.018365980045
0.270606994200,-0.010916827278,0.001931829921,0.020526334999
0.267979741800,-0.010874131160,0.001819293480,0.021370906104
0.265352489400,-0.010867063251,0.001637778770,0.011223973054
0.262725237100,-0.010735735849,0.001276840708,-0.015088142347
0.260097984700,-0.010651580382,0.001092181454,0.010984544825
0.257470732300,-0.010621158327,0.000830716741,0.036994145240
0.254843480000,-0.010604133542,0.000700135543,0.075042272896
0.252216227600,-0.010741912457,0.000684489491,0.135047000672
0.249588975200,-0.011020071257,0.000779534464,0.165414818029
0.246961722900,-0.011294190652,0.000953350924,0.167102207690
0.244334470500,-0.011622978011,0.001283987370,0.196729766171
0.241707218100,-0.012042487557,0.001625581411,0.202334561647
0.239079965700,-0.012393549676,0.001943915220,0.187298211986
0.236452713400,-0.012783270057,0.002224003423,0.149573540254
0.233825461000,-0.012949166595,0.002496323354,0.095234927660
0.231198208600,-0.013052991200,0.002771595279,0.094489805255
0.228570956300,-0.013214973125,0.003054077817,0.127232603845
0.225943703900,-0.013491917799,0.003330638100,0.190327223189
0.223316451500,-0.013998995056,0.003516590491,0.217940148187
0.220689199100,-0.014502553090,0.003741622505,0.192749730836
0.218061946800,-0.014902634258,0.003890581270,0.155126914988
0.215434694400,-0.015246580565,0.003949475588,0.119391447953
0.212807442000,-0.015504505164,0.004068628670,0.084042743661
0.210180189700,-0.015736349620,0.003971119983,0.095636455398
0.207552937300,-0.016033483206,0.003583391573,0.094647264040
0.204925684900,-0.016316690830,0.003145781947,0.082168168558
0.202298432500,-0.016547752810,0.002840443199,0.055623692462
0.199671180200,-0.016741810025,0.002584043606,0.061130745343
0.197043927800,-0.017044937364,0.002359036544,0.063427386770
0.194416675400,-0.017334421790,0.002230517057,0.053767069931
0.191789423100,-0.017561872612,0.002091719168,0.007452247609
0.189162170700,-0.017597415721,0.002074667086,-0.061977987606
0.186534918300,-0.017450546383,0.002092400109,-0.108448435375
0.183907666000,-0.017284572293,0.002206248441,-0.104999270929
0.181280413600,-0.017149607321,0.002271118585,-0.105610307502
0.178653161200,-0.017073490293,0.002281385972,-0.082070831264
0.176025908800,-0.017058631311,0.002393304900,-0.081363692057
0.173398656500,-0.016950066787,0.002470665600,-0.082104560834
0.170771404100,-0.016862266814,0.002573228021,-0.059853254925
0.168144151700,-0.016851856060,0.002540236301,-0.071508336426
0.165516899400,-0.016686580205,0.002437621995,-0.112890201156
0.162889647000,-0.016430808875,0.002283380368,-0.136681624007
0.160262394600,-0.016170555402,0.002095137967,-0.131604878774
0.157635142200,-0.015944067701,0.002022993089,-0.088993809982
0.155007889900,-0.015885228240,0.002070699391,-0.088142370572
0.152380637500,-0.015610446709,0.002152662011,-0.173511749570
0.149753385100,-0.015172530935,0.002171100059,-0.193151305709
0.147126132800,-0.014814468953,0.002202748347,-0.197588314606
0.144498880400,-0.014323488962,0.002450634393,-0.197005176895
0.141871628000,-0.013906241856,0.002576791627,-0.161981821647
0.139244375600,-0.013607410263,0.002561156270,-0.142376942553
0.136617123300,-0.013355077179,0.002616071994,-0.094222745121
0.133989870900,-0.013308975531,0.002629210916,-0.022962385413
0.131362618500,-0.013361048344,0.002551579723,0.022012115100
0.128735366200,-0.013472237656,0.002421895167,0.059431986424
0.126108113800,-0.013723713210,0.002213750676,0.096218104820
0.123480861400,-0.014026564872,0.002012331438,0.099653712164
0.120853609000,-0.014297958104,0.001885203591,0.074139309283
0.118226356700,-0.014448303686,0.001731511749,0.069390721828
0.115599104300,-0.014647071136,0.001622413701,0.077866674174
0.112971851900,-0.014815933849,0.001484903458,0.076565840550
0.110344599600,-0.014992180950,0.001364135379,0.090250708590
0.107717347200,-0.015284301009,0.001297198269,0.095146422105
0.105090094800,-0.015466255691,0.001212687317,0.079882087016
0.102462842500,-0.015605107306,0.001223870798,0.050355507361
0.099835590100,-0.015653522655,0.000834568536,0.059936302259
0.097208337700,-0.015858637403,0.000326361867,0.144889576261
0.094581085300,-0.016333950889,0.000227175442,0.247585157062
0.091953833000,-0.017000617132,0.000169129584,0.273475471403
0.089326580600,-0.017547871490,-0.000103870177,0.196914819898
0.086699328200,-0.017813333877,-0.000370747190,-0.243885920298
0.084072075900,-0.016003689702,-0.000554594947,-0.026446686523
0.081444823500,-0.017617932280,-0.000531428949,0.312830522299
0.078817571100,-0.017510175947,-0.000481471980,0.002192407068
0.076190318700,-0.017458773129,-0.000351666534,0.067937735737
0.073563066400,-0.017667756328,-0.000209249716,0.127024190419
0.070935814000,-0.017941624254,-0.000080073583,0.086718712706
0.068308561600,-0.017924341791,0.000091188194,0.021840706907
0.065681309300,-0.017925157746,0.000280971514,0.001588458774
0.063054056900,-0.017894623828,0.000446176373,-0.035911282803
0.060426804500,-0.017741992238,0.000545179999,-0.063349900821
0.057799552100,-0.017625421931,0.000665403372,-0.038336862147
0.055172299800,-0.017587238782,0.000779550567,0.014480669142
0.052545047400,-0.017762190071,0.000769035589,0.037271210078
0.049917795000,-0.017936355045,0.000961882996,0.034364812365
0.047290542700,-0.018028865888,0.001138662660,0.094587785627
0.044663290300,-0.018475084002,0.001150252714,0.144795397294
0.042036037900,-0.018734527142,0.001161469623,0.131261902991
0.039408785500,-0.019115052694,0.001156584302,0.136789908596
0.036781533200,-0.019494488944,0.001100788639,0.149025546727
0.034154280800,-0.019956769023,0.001028564913,0.205215605990
0.031527028400,-0.020419262206,0.001031218031,0.229962965434
0.028899776100,-0.020931763357,0.000993354761,0.214327159453
0.026272523700,-0.021343393734,0.000873703764,0.071646799740
0.023645271300,-0.021168047512,0.000829364645,0.134578960107
0.021018019000,-0.021960117629,0.000900376115,0.451026835520
0.018390766600,-0.023461064767,0.000802968631,0.320249455471
0.015763514200,-0.023349694694,0.000867016496,0.030414508533
0.013136261800,-0.023512837179,0.000946843111,0.105205719708
0.010509009500,-0.023777473211,0.000834848974,0.043819267363
0.007881757100,-0.023698971267,0.000595467523,-0.021262826248
0.005254504700,-0.023563721957,0.000638006940,-0.227652013726
0.002627252400,-0.022486742102,0.000645797363,-0.892717890298
0.000000000000,-0.018873555917,0.000699823635,-1.377744366491
