0.391460603250,0.048390722820,0.000188961678,-0.141758252480
0.388833350880,0.048583821122,0.000244111370,-0.343474054567
0.386206098510,0.050020561377,0.000195205399,0.187327379812
0.383578846140,0.047601456114,0.000210917704,0.577775780030
0.380951593770,0.046890454362,0.000034511760,0.291827960738
0.378324341400,0.046051587083,-0.000150773235,-0.019183025296
0.375697089030,0.046991939830,-0.000249049438,-0.313319265427
0.373069836660,0.047646572422,-0.000304179088,-0.193056174467
0.370442584290,0.047768894123,-0.000010724159,0.076277272006
0.367815331920,0.047231722563,0.000140068199,0.252016485406
0.365188079550,0.046516140538,0.000212872123,0.199595125903
0.362560827170,0.046211287927,0.000266125153,-0.005870082517
0.359933574800,0.046697034905,0.000434915535,-0.415333481545
0.357306322430,0.048529929779,0.000554614485,-0.348692591349
0.354679070060,0.048768000602,0.000647537829,-0.030698790269
0.352051817690,0.048878221966,0.000754469026,-0.021494302780
0.349424565320,0.048963805746,0.000830447082,-0.094973929894
0.346797312950,0.049311510266,0.000905835935,-0.199940866856
0.344170060580,0.049878979654,0.001107646270,-0.193524787029
0.341542808210,0.050420272506,0.001267693000,-0.226719129692
0.338915555840,0.051068869965,0.001319904345,-0.236537028557
0.336288303460,0.051672912134,0.001425485775,-0.213240189233
0.333661051090,0.052248980739,0.001388198637,-0.197941452386
0.331033798720,0.052720861220,0.001329665244,-0.150787700544
0.328406546350,0.052986909853,0.001309034438,-0.117531426131
0.325779293980,0.053250978873,0.001474073326,-0.134971938943
0.323152041610,0.053618889461,0.001560152832,-0.102615503758
0.320524789240,0.053767684439,0.001612556200,-0.043035715327
0.317897536870,0.053772876911,0.001655413488,-0.014952038507
0.315270284500,0.053764669451,0.001786084431,-0.015783581945
0.312643032100,0.053782523883,0.001842054317,0.001566044130
0.310015779800,0.053729407712,0.001755718528,0.009344706908
0.307388527400,0.053696132534,0.001724864718,0.005284184498
0.304761275000,0.053670434331,0.001708431353,0.025882012722
0.302134022600,0.053587289119,0.001698208518,0.020715382660
0.299506770300,0.053569491084,0.001747073459,0.018849077932
0.296879517900,0.053451797766,0.001684988000,0.051480750985
0.294252265500,0.053229930162,0.001656714875,0.056799427754
0.291625013200,0.053107355879,0.001711787072,0.046392529904
0.288997760800,0.052927018864,0.001899798676,0.069363534622
0.286370508400,0.052756982181,0.002102113566,0.028486140290
0.283743256000,0.052711091801,0.002317305892,-0.013963853836
0.281116003700,0.052789871249,0.002564074646,-0.004131031319
0.278488751300,0.052766629174,0.002641843762,0.014671320322
0.275861498900,0.052756391380,0.002695156308,0.003887453207
0.273234246600,0.052770546329,0.002855754974,-0.004650045189
0.270606994200,0.052788658167,0.002894036007,-0.018657279733
0.267979741800,0.052887796805,0.002977415889,-0.034523055610
0.265352489400,0.052992588234,0.003078442936,-0.051039686062
0.262725237100,0.053126511272,0.003028915026,-0.055316019171
0.260097984700,0.053276731558,0.002989366369,-0.046752928708
0.257470732300,0.053390386954,0.003006951583,-0.035120764256
0.254843480000,0.053485236540,0.003061150452,-0.032547600139
0.252216227600,0.053658525421,0.003112440286,-0.030258233856
0.249588975200,0.053754942429,0.002936282810,-0.012757495544
0.246961722900,0.053844467802,0.002764726106,0.025859125664
0.244334470500,0.053772013814,0.002655790957,0.065796956882
0.241707218100,0.053645146102,0.002605638370,0.091943443483
0.239079965700,0.053479723972,0.002665886414,0.141156769648
0.236452713400,0.053130252812,0.002799195482,0.221499861417
0.233825461000,0.052611484295,0.002871612981,0.253677047950
0.231198208600,0.052028711689,0.003036450764,0.206998155004
0.228570956300,0.051674858556,0.003309417062,0.123682184358
0.225943703900,0.051473441034,0.003506606396,0.077977619070
0.223316451500,0.051384117537,0.003729349525,0.048825674580
0.220689199100,0.051344381276,0.003780296826,0.049828935417
0.218061946800,0.051233315907,0.003759570868,0.031476352585
0.215434694400,0.051087901521,0.003718161112,-0.082643795143
0.212807442000,0.051211774685,0.003908290948,0.055780591061
0.210180189700,0.050921967221,0.003700461689,0.135807297494
0.207552937300,0.050620783512,0.003433100632,0.133011525261
0.204925684900,0.050301694540,0.003289922533,0.160240628136
0.202298432500,0.049822782294,0.003179114396,0.212214784043
0.199671180200,0.049217060015,0.002887014368,0.252600845334
0.197043927800,0.048533908824,0.002711266568,0.280123565326
0.194416675400,0.047851822259,0.002487549254,0.251720971578
0.191789423100,0.047336752776,0.002056786641,0.176246616247
0.189162170700,0.046997608766,0.001486307103,0.160866050892
0.186534918300,0.046557666944,0.000908424869,0.166832400298
0.183907666000,0.046195513840,0.000456558231,0.122610339049
0.181280413600,0.046034031860,0.000142643837,0.021821314107
0.178653161200,0.046163274648,-0.000169639873,-0.083114060233
0.176025908800,0.046497759598,-0.000408150453,-0.121524117606
0.173398656500,0.046826769362,-0.000523981447,0.183399752171
0.170771404100,0.045557738180,-0.000501650935,0.098589492867
0.168144151700,0.046798798731,-0.000735554182,-0.398815846619
0.165516899400,0.047719273026,-0.000783739419,-0.276921576263
0.162889647000,0.048092546549,-0.000699273372,-0.161405568441
0.160262394600,0.048346535342,-0.000664629682,-0.142863965582
0.157635142200,0.048529502816,-0.000551779691,-0.107686648853
0.155007889900,0.048656069263,-0.000384943887,-0.086723448239
0.152380637500,0.048760461727,-0.000136084774,-0.059903479345
0.149753385100,0.048764684806,0.000067864612,-0.045563023080
0.147126132800,0.048848670848,0.000183671903,-0.082363890481
0.144498880400,0.049036086028,0.000410759378,-0.087182438688
0.141871628000,0.049139880107,0.000560630792,-0.089722190957
0.139244375600,0.049352210113,0.000613363695,-0.105369114379
0.136617123300,0.049571873286,0.000640534042,-0.108588749252
0.133989870900,0.049775130744,0.000789530453,-0.062773429980
0.131362618500,0.049772239559,0.000755241252,-0.011541119614
0.128735366200,0.049718854776,0.000716172247,-0.021913350508
0.126108113800,0.049753463429,0.000813629510,-0.006554000001
0.123480861400,0.049636258041,0.000984113193,0.005176159907
0.120853609000,0.049619131576,0.001006627468,-0.033704467670
0.118226356700,0.049673333653,0.000943901132,0.024447774189
0.115599104300,0.049364104809,0.000926587133,0.116084910418
0.112971851900,0.048977654375,0.000896084837,0.171442142079
0.110344599600,0.048401086660,0.000966096695,0.262168160462
0.107717347200,0.047672775923,0.001093724867,0.220660729853
0.105090094800,0.047380338981,0.001190131786,0.088501183782
0.102462842500,0.047420371256,0.001154848893,0.008235679990
0.099835590100,0.047563362715,0.001152461445,-0.082961510418
0.097208337700,0.048032648106,0.001286581059,-0.088840614685
0.094581085300,0.048206305792,0.001239329353,-0.003044190266
0.091953833000,0.048241530563,0.001107498481,0.071855728870
0.089326580600,0.048009574309,0.001043718882,0.124341207619
0.086699328200,0.047710160665,0.000824392229,0.143931666582
0.084072075900,0.047328597597,0.000608152716,0.151941834803
0.081444823500,0.046996048610,0.000513934982,0.113063535554
0.078817571100,0.046876861149,0.000511987060,0.103815795117
0.076190318700,0.046593849074,0.000453740207,0.185316026532
0.073563066400,0.046049705880,0.000406217273,0.213313836170
0.070935814000,0.045596529018,0.000516384728,0.143687329322
0.068308561600,0.045448875117,0.000544247481,0.015023647108
0.065681309300,0.045666267140,0.000665321054,-0.031552868305
0.063054056900,0.045801438227,0.000828901018,-0.017116143849
0.060426804500,0.046067123110,0.000942020323,-0.064424560518
0.057799552100,0.046411253520,0.000935116318,-0.079215286136
0.055172299800,0.046700999749,0.001067325017,-0.071897727824
0.052545047400,0.046937564960,0.001189550468,-0.036429749218
0.049917795000,0.047103155447,0.001311974000,0.097798989597
0.047290542700,0.046803553950,0.001421403394,0.223513601602
0.044663290300,0.046393990484,0.001412275352,0.242884221268
0.042036037900,0.045861269900,0.001244060884,0.264228163522
0.039408785500,0.045296432827,0.001203303904,0.277918086592
0.036781533200,0.044727319619,0.001092844236,0.245608324566
0.034154280800,0.044344236988,0.001097808218,0.163147696184
0.031527028400,0.044180464576,0.001070780912,0.137047061006
0.028899776100,0.043940385533,0.001040263911,0.221061173323
0.026272523700,0.043311755506,0.000989471224,0.958934847777
0.023645271300,0.039151453898,0.000500940050,0.449565088607
0.021018019000,0.041054639498,0.000631279210,-0.405465435486
0.018390766600,0.041580440597,0.000753212352,-0.002506609473
0.015763514200,0.041298227402,0.000761367616,0.142747371615
0.013136261800,0.040942396012,0.000644657292,0.133422493933
0.010509009500,0.040637037817,0.000516012403,0.072036349282
0.007881757100,0.040577233604,0.000256666683,-0.077431245760
0.005254504700,0.040952568252,0.000200117688,-0.068841500862
0.002627252400,0.041029431533,0.000134640290,1.245952650274
0.000000000000,0.034484118280,0.000183411223,2.480478043051
