0.391460603250,0.024190237196,-0.000017242184,0.315385490254
0.388833350880,0.023502035524,-0.000025839884,0.221725977926
0.386206098510,0.023179797668,-0.000293829711,0.248369666113
0.383578846140,0.022358400048,-0.000446758256,0.138578647147
0.380951593770,0.022460843380,-0.000624147838,0.243342721024
0.378324341400,0.021012043406,-0.000631302348,0.235643992975
0.375697089030,0.021178167069,-0.000665269757,-0.086546181790
0.373069836660,0.021444779933,-0.000620276030,-0.059282785769
0.370442584290,0.021490050219,-0.000600039103,-0.032081455076
0.367815331920,0.021533955488,-0.000427468763,-0.079965539057
0.365188079550,0.021813801708,-0.000260589965,-0.094102391900
0.362560827170,0.021925143215,-0.000084221003,-0.074679081809
0.359933574800,0.022051545453,0.000118349035,-0.072500438091
0.357306322430,0.022238751362,0.000161919212,-0.095055017988
0.354679070060,0.022448995659,0.000197377093,-0.110691575697
0.352051817690,0.022646542686,0.000403870787,-0.078393201046
0.349424565320,0.022771947509,0.000643589657,-0.076105018679
0.346797312950,0.022955966511,0.000850440968,-0.114624637927
0.344170060580,0.023284686278,0.001048770918,-0.158278382445
0.341542808210,0.023718270851,0.001233229310,-0.162410909026
0.338915555840,0.024164541887,0.001310539432,-0.205905728186
0.336288303460,0.024744530185,0.001310626320,-0.225777941996
0.333661051090,0.025263843468,0.001374689441,-0.232340092841
0.331033798720,0.025844401878,0.001379649507,-0.206843071719
0.328406546350,0.026255886464,0.001345928238,-0.159521326743
0.325779293980,0.026611987822,0.001381620800,-0.126334601578
0.323152041610,0.026858338520,0.001496477527,-0.093541092353
0.320524789240,0.027035327005,0.001569559024,-0.064564265339
0.317897536870,0.027198259304,0.001641147369,-0.030893572340
0.315270284500,0.027191187282,0.001672214652,-0.010349599056
0.312643032100,0.027255669889,0.001631249279,-0.012319397492
0.310015779800,0.027245710010,0.001677991468,-0.010491795011
0.307388527400,0.027329796585,0.001730087299,-0.023655823273
0.304761275000,0.027375304281,0.001868670020,0.031976072887
0.302134022600,0.027139678826,0.001844700678,0.055972654111
0.299506770300,0.027059845649,0.001796763390,0.016231669419
0.296879517900,0.026975533479,0.001876685292,0.042184113840
0.294252265500,0.026789480742,0.001926581787,0.043372472717
0.291625013200,0.026662495014,0.002081018343,0.038105309116
0.288997760800,0.026506197060,0.002141799945,0.028360157149
0.286370508400,0.026412644519,0.002218383957,0.010800357593
0.283743256000,0.026369856913,0.002333880123,0.016229338140
0.281116003700,0.026277575985,0.002501649670,-0.010732276893
0.278488751300,0.026373813700,0.002664554209,-0.028197531830
0.275861498900,0.026395486971,0.002780601210,0.011474146081
0.273234246600,0.026334965754,0.002870558002,-0.007160125347
0.270606994200,0.026471625894,0.002921470624,-0.035009718767
0.267979741800,0.026531427665,0.002934081050,-0.026936305415
0.265352489400,0.026585301138,0.002896817212,-0.038575616739
0.262725237100,0.026749317437,0.002908314366,-0.038880180523
0.260097984700,0.026874168703,0.002877241193,-0.015053537486
0.257470732300,0.026920102155,0.002785658112,-0.005993393659
0.254843480000,0.027001676618,0.002655304591,-0.005556039036
0.252216227600,0.027070663599,0.002488550872,0.006820622740
0.249588975200,0.027140414414,0.002283561516,0.001513474518
0.246961722900,0.027270167270,0.002083906030,0.004964273382
0.244334470500,0.027364929054,0.001927204308,0.036869038923
0.241707218100,0.027354800257,0.001892349425,0.078444236986
0.239079965700,0.027248875715,0.001898931829,0.121232962867
0.236452713400,0.027013650172,0.001902905479,0.171052400600
0.233825461000,0.026619743695,0.001927831254,0.194074868962
0.231198208600,0.026271945643,0.002239744527,0.189552835480
0.228570956300,0.025841965570,0.002397775679,0.221426775490
0.225943703900,0.025326270480,0.002627660939,0.195447476100
0.223316451500,0.025039276754,0.002957716537,0.118341349880
0.220689199100,0.024911862643,0.003064764641,0.096796578867
0.218061946800,0.024768600801,0.003153567875,0.107940632367
0.215434694400,0.024555254052,0.003292320757,0.129411879867
0.212807442000,0.024236262668,0.003409752233,0.127957636779
0.210180189700,0.024007292334,0.003421044847,0.109312101510
0.207552937300,0.023759681170,0.003293418030,0.125355176668
0.204925684900,0.023417437817,0.003015843953,0.183199765483
0.202298432500,0.022855330711,0.002852555314,0.237564925804
0.199671180200,0.022204786531,0.002706384772,0.221618686591
0.197043927800,0.021703608854,0.002563158845,0.210715813791
0.194416675400,0.021113669752,0.002230972255,0.217106275659
0.191789423100,0.020691003154,0.001912034653,0.180834433363
0.189162170700,0.020266282008,0.001600172327,0.170674330114
0.186534918300,0.019767871662,0.001111134555,0.152531258572
0.183907666000,0.019413515358,0.000647441884,0.069582056593
0.181280413600,0.019302013065,0.000401098246,-0.055780435840
0.178653161200,0.019525508913,0.000435628969,-0.196577232142
0.176025908800,0.020035190463,0.000471449758,-0.276348973243
0.173398656500,0.020605627449,0.000432981574,-0.270345098169
0.170771404100,0.021061338480,0.000396098825,-0.240123979241
0.168144151700,0.021512643554,0.000410985725,-0.216448529795
0.165516899400,0.021852600614,0.000331147044,-0.195814858155
0.162889647000,0.022221373347,0.000280854040,-0.191668209319
0.160262394600,0.022487573964,0.000382264397,-0.135208971348
0.157635142200,0.022640960428,0.000503042373,-0.096554696935
0.155007889900,0.022757169703,0.000557278083,-0.076617711360
0.152380637500,0.022911486397,0.000721875927,-0.066058088417
0.149753385100,0.022924190178,0.001042865499,-0.044306960765
0.147126132800,0.022962783397,0.001194640976,-0.058845505827
0.144498880400,0.023075968407,0.001389631914,-0.101565788598
0.141871628000,0.023293205369,0.001483544772,-0.114283813398
0.139244375600,0.023577060994,0.001610891048,-0.117646345891
0.136617123300,0.023789766852,0.001616531851,-0.086468873311
0.133989870900,0.023856385494,0.001584978747,-0.064776246024
0.131362618500,0.023964125574,0.001636412877,-0.121909233975
0.128735366200,0.024311391366,0.001596203399,-0.123149975417
0.126108113800,0.024487476301,0.001516119286,-0.043532031616
0.123480861400,0.024463226780,0.001474447153,0.021765587658
0.120853609000,0.024335808823,0.001483063126,0.047137115146
0.118226356700,0.024227314637,0.001391206070,0.051441148204
0.115599104300,0.024078752804,0.001037222821,0.128200324891
0.112971851900,0.023618692060,0.000808130909,0.205326330907
0.110344599600,0.023056395020,0.000678582533,0.195949378102
0.107717347200,0.022659458145,0.000676907956,0.132504913887
0.105090094800,0.022546784769,0.000849600760,0.069842700629
0.102462842500,0.022522537474,0.001025990508,0.046627785130
0.099835590100,0.022516187009,0.000940148399,0.048648093482
0.097208337700,0.022508508901,0.000934258693,0.060155689516
0.094581085300,0.022494940452,0.000910887278,0.118402591903
0.091953833000,0.022261605850,0.000760548013,0.111274453902
0.089326580600,0.022155060337,0.000742776982,0.098844006327
0.086699328200,0.021999836838,0.000729025647,0.139420182888
0.084072075900,0.021702211903,0.000447921277,0.137835599637
0.081444823500,0.021459930169,0.000319555517,0.098161088424
0.078817571100,0.021236918245,0.000295884827,0.173864794622
0.076190318700,0.020731775564,0.000301949728,0.263722951305
0.073563066400,0.020014380981,0.000312156786,0.242753935023
0.070935814000,0.019584821512,0.000320555624,0.141038242881
0.068308561600,0.019359660166,0.000290950555,0.034281497497
0.065681309300,0.019464235749,0.000434145738,-0.062891143035
0.063054056900,0.019766083783,0.000629827608,-0.069597885904
0.060426804500,0.020042720877,0.000632529553,-0.070711403755
0.057799552100,0.020389862226,0.000779963676,-0.108153210049
0.055172299800,0.020850261070,0.000967673902,-0.086350130716
0.052545047400,0.021016180556,0.001011468254,0.019663131925
0.049917795000,0.020924483429,0.001041683287,0.072599123616
0.047290542700,0.020817124192,0.001195479718,0.167176993490
0.044663290300,0.020236852855,0.001222956920,0.243978047564
0.042036037900,0.019661322127,0.001133956983,0.233902261011
0.039408785500,0.019127380077,0.000938151949,0.245988669860
0.036781533200,0.018562961952,0.000870347327,0.210376972268
0.034154280800,0.018108605010,0.000745126930,0.138005217386
0.031527028400,0.017889009796,0.000785952880,0.102303890405
0.028899776100,0.017610876130,0.000812963131,0.159708724874
0.026272523700,0.017080738308,0.000960396816,0.243151400822
0.023645271300,0.016347954399,0.000944005596,0.205380155440
0.021018019000,0.016047383068,0.000821270379,0.131902425660
0.018390766600,0.015700580129,0.000800851568,0.166846969171
0.015763514200,0.015209936333,0.000805505814,0.187994602624
0.013136261800,0.014713293649,0.000731428569,0.182655871453
0.010509009500,0.014292800574,0.000769052106,0.101080907571
0.007881757100,0.014236262607,0.000697708570,-0.059588060823
0.005254504700,0.014624333397,0.000441802779,-0.122091044510
0.002627252400,0.014908751644,0.000314883994,-0.017222508677
0.000000000000,0.014671689742,0.000145094848,0.081978898704
