0.391460603250,0.044406986996,0.000167898187,0.567981216380
0.388833350880,0.043191030168,0.000247377693,-0.015931703243
0.386206098510,0.044650510610,0.000036748000,-0.043975358710
0.383578846140,0.043458765246,-0.000141304649,0.101381063364
0.380951593770,0.044133742668,-0.000417238233,-0.220438312380
0.378324341400,0.044307187824,-0.000544376211,0.185306474986
0.375697089030,0.043055882516,-0.000437753010,0.301611546571
0.373069836660,0.042719417016,-0.000469829100,-0.017186038221
0.370442584290,0.042992920061,-0.000316770258,-0.127484815770
0.367815331920,0.043283241343,-0.000061910367,-0.037801187244
0.365188079550,0.043076325400,-0.000168217386,-0.044087780086
0.362560827170,0.043236648668,-0.000086866549,-0.160968703574
0.359933574800,0.043678171905,-0.000036258962,-0.206465950418
0.357306322430,0.044291517224,0.000189203660,-0.169220725820
0.354679070060,0.044635618588,0.000418147211,-0.034988426516
0.352051817690,0.044742525888,0.000700653598,-0.033009117269
0.349424565320,0.044888086952,0.000967737619,-0.060798444314
0.346797312950,0.045216208800,0.001008217851,-0.143516855008
0.344170060580,0.045674887690,0.000935731894,-0.195261989214
0.341542808210,0.046171091465,0.001102270115,-0.213502187129
0.338915555840,0.046730826191,0.001202797138,-0.266064443538
0.336288303460,0.047508490313,0.001257896340,-0.248424022954
0.333661051090,0.048095111331,0.001307896931,-0.171309608617
0.331033798720,0.048460386363,0.001278491171,-0.115098721004
0.328406546350,0.048722946451,0.001263292438,-0.116103100661
0.325779293980,0.049035973122,0.001271616287,-0.113263300360
0.323152041610,0.049308273922,0.001361028057,-0.098329762119
0.320524789240,0.049510855889,0.001554029335,-0.064211481017
0.317897536870,0.049604145472,0.001725071780,-0.043558672841
0.315270284500,0.049712231751,0.001830675501,-0.040848823371
0.312643032100,0.049796649289,0.001725871258,-0.034338316406
0.310015779800,0.049864587519,0.001664215985,-0.016754482436
0.307388527400,0.049928661333,0.001607342052,0.000603542664
0.304761275000,0.049838023146,0.001567131205,0.031715954351
0.302134022600,0.049666207344,0.001573360755,0.031478564821
0.299506770300,0.049588047427,0.001621302804,0.025607590068
0.296879517900,0.049483639385,0.001652721128,0.032961464366
0.294252265500,0.049318648832,0.001741973545,0.043151442910
0.291625013200,0.049173402982,0.001826710714,0.038403681705
0.288997760800,0.049004085417,0.001971047321,0.067354461780
0.286370508400,0.048709031903,0.002083231039,0.073155939287
0.283743256000,0.048585318245,0.002256472043,0.016368203741
0.281116003700,0.048594609665,0.002393980317,-0.030454583353
0.278488751300,0.048722420145,0.002543368152,-0.011301170569
0.275861498900,0.048694631207,0.002668615225,0.013486850136
0.273234246600,0.048636038565,0.002785179393,0.000324333310
0.270606994200,0.048687906065,0.002937493104,-0.011082822393
0.267979741800,0.048720814199,0.002869763178,-0.051105055287
0.265352489400,0.048963855816,0.002888776630,-0.084700136052
0.262725237100,0.049191987240,0.003020599625,-0.062832284678
0.260097984700,0.049322692267,0.003025965559,-0.032517652198
0.257470732300,0.049418179076,0.002987791638,-0.012851069390
0.254843480000,0.049446969276,0.002935411921,-0.000582130242
0.252216227600,0.049555507943,0.002831688522,-0.002189722248
0.249588975200,0.049648418596,0.002713937625,0.018490442438
0.246961722900,0.049649606289,0.002613416397,0.025984608797
0.244334470500,0.049704739939,0.002466020023,0.036434559735
0.241707218100,0.049644078224,0.002354070802,0.095007346008
0.239079965700,0.049412557127,0.002283431516,0.140971778372
0.236452713400,0.049117582308,0.002369916406,0.184367546681
0.233825461000,0.048639412872,0.002566464525,0.205904604960
0.231198208600,0.048179255771,0.002775621637,0.190788491654
0.228570956300,0.047755977917,0.003032892579,0.153551772729
0.225943703900,0.047461418063,0.003305430071,0.126404335598
0.223316451500,0.047247562662,0.003371043145,0.109232187330
0.220689199100,0.047049631520,0.003563505766,0.070065668757
0.218061946800,0.047081743876,0.003610228816,0.019884146979
0.215434694400,0.047118562790,0.003656811240,0.044950010925
0.212807442000,0.046984188446,0.003676832626,0.089130687182
0.210180189700,0.046781432658,0.003591872689,0.113688376996
0.207552937300,0.046489301370,0.003360411694,0.159405081711
0.204925684900,0.046052821863,0.003172545240,0.213089154957
0.202298432500,0.045467030687,0.002973245479,0.221265209533
0.199671180200,0.044987873685,0.002810499655,0.220187622493
0.197043927800,0.044412193624,0.002616812573,0.233881468618
0.194416675400,0.043842915008,0.002201972827,0.239167263023
0.191789423100,0.043260359037,0.001899221888,0.248398387133
0.189162170700,0.042652744630,0.001509252400,0.232888431845
0.186534918300,0.042080942705,0.000814080181,0.177063631411
0.183907666000,0.041776242785,0.000370260513,0.045928288383
0.181280413600,0.041819999967,0.000082107026,-0.039853199521
0.178653161200,0.042070805732,-0.000288941185,-0.115097220351
0.176025908800,0.042413134153,-0.000361632243,-0.149597795743
0.173398656500,0.042750830887,-0.000390822066,-0.166237130099
0.170771404100,0.043153309794,-0.000436658262,-0.190153545815
0.168144151700,0.043547660035,-0.000504461195,-0.160641013718
0.165516899400,0.043820461547,-0.000488836094,-0.135801026878
0.162889647000,0.044122119128,-0.000369585234,-0.145753074391
0.160262394600,0.044427363978,-0.000264552343,-0.136404444585
0.157635142200,0.044674375496,-0.000202444263,-0.086276777187
0.155007889900,0.044783623587,-0.000209159074,-0.080972818575
0.152380637500,0.044948180152,-0.000000865688,-0.062859828138
0.149753385100,0.044959721345,0.000131435167,-0.030324179551
0.147126132800,0.044979009942,0.000334186151,-0.071660757583
0.144498880400,0.045166595449,0.000492951220,-0.103356826348
0.141871628000,0.045334009145,0.000629722204,-0.078121606060
0.139244375600,0.045409584205,0.000829461841,-0.093755416649
0.136617123300,0.045613737901,0.000835545793,-0.146731507335
0.133989870900,0.045923778826,0.000832581090,-0.145459709768
0.131362618500,0.046121653341,0.000936599466,-0.079182821410
0.128735366200,0.046138756598,0.000935156605,-0.034407724251
0.126108113800,0.046160046257,0.000965715228,-0.013805071376
0.123480861400,0.046133382260,0.001064138768,0.020366354327
0.120853609000,0.046071284735,0.001062771087,0.046198817413
0.118226356700,0.045951759258,0.000980437039,0.074603027046
0.115599104300,0.045707931636,0.000926170421,0.155568818062
0.112971851900,0.045206423249,0.000910642421,0.266395372119
0.110344599600,0.044514250071,0.000882499786,0.279474942711
0.107717347200,0.043922625579,0.000911303428,0.203742398850
0.105090094800,0.043714745217,0.000941950596,0.088482800426
0.102462842500,0.043728221653,0.001033751974,-0.003725430374
0.099835590100,0.043902298454,0.001076303358,-0.059832663209
0.097208337700,0.044206318386,0.000934700983,-0.034668916052
0.094581085300,0.044314344729,0.000931116402,0.024695164683
0.091953833000,0.044290446801,0.000915038111,0.069118971183
0.089326580600,0.044140530462,0.000816546590,0.121699198600
0.086699328200,0.043817852925,0.000737168226,0.133376800546
0.084072075900,0.043539851427,0.000580095043,0.137636257638
0.081444823500,0.043249692583,0.000517965564,0.121513653103
0.078817571100,0.043119696110,0.000447084775,0.127403628000
0.076190318700,0.042799101774,0.000367431831,0.205334614711
0.073563066400,0.042130400803,0.000372947459,0.254268464955
0.070935814000,0.041624591643,0.000431340137,0.171608574630
0.068308561600,0.041403730653,0.000423692991,0.050054662013
0.065681309300,0.041496943670,0.000520869184,-0.029563862024
0.063054056900,0.041724016673,0.000577661509,-0.042424475893
0.060426804500,0.041959725413,0.000609482009,-0.064367913920
0.057799552100,0.042339849006,0.000843890509,-0.129121988979
0.055172299800,0.042753557101,0.000869115534,-0.120360558880
0.052545047400,0.042994426929,0.001031833967,-0.065652938335
0.049917795000,0.043104915660,0.001108099519,0.034765958828
0.047290542700,0.042830944463,0.001144667642,0.132998401685
0.044663290300,0.042536840133,0.001265397091,0.178328952690
0.042036037900,0.042018476616,0.001234039050,0.245294579648
0.039408785500,0.041429980087,0.001062600236,0.259762157830
0.036781533200,0.040916109817,0.000888714490,0.201544435428
0.034154280800,0.040558597959,0.000715863752,0.166242234698
0.031527028400,0.040209634661,0.000665624763,0.180536799162
0.028899776100,0.039836606715,0.000651801778,0.193019294368
0.026272523700,0.039374760847,0.000756328099,0.180071654069
0.023645271300,0.038952706780,0.000619929521,0.320564589601
0.021018019000,0.037686516560,0.000660992703,0.202213580018
0.018390766600,0.037906924260,0.000737110556,0.069772343905
0.015763514200,0.037343898233,0.000696201985,0.206197283312
0.013136261800,0.036899711013,0.000645340371,0.135109939778
0.010509009500,0.036671511213,0.000550714119,0.058751699843
0.007881757100,0.036617829988,0.000386831825,-0.006848428463
0.005254504700,0.036807496562,0.000306299944,-0.103613990019
0.002627252400,0.037193086415,0.000131392241,0.726113707861
0.000000000000,0.033022666030,-0.000145398044,1.604113736150
