0.391460603250,-0.052530052534,-0.000182286277,-0.342177000075
0.388833350880,-0.051688942167,0.000125659105,0.250942170866
0.386206098510,-0.053912855713,0.000260816253,0.338965243592
0.383578846140,-0.053487448696,0.000450651988,-0.184128774838
0.380951593770,-0.052946802096,0.000415855648,-0.143312134868
0.378324341400,-0.052724225444,0.000475154042,-0.054389614897
0.375697089030,-0.052628918369,0.000579270474,0.337104886206
0.373069836660,-0.054440533598,0.000900865776,0.416434887382
0.370442584290,-0.054817608932,0.001027625371,0.183225618973
0.367815331920,-0.055395876201,0.001065843542,0.191759463771
0.365188079550,-0.055802866581,0.001013885352,0.175865113625
0.362560827170,-0.056133574614,0.001010091565,0.145940748482
0.359933574800,-0.056311988705,0.001095443659,0.084678415557
0.357306322430,-0.056380234455,0.001247736826,0.035150994326
0.354679070060,-0.056380167693,0.001288893967,0.008202448075
0.352051817690,-0.056303053300,0.001232590520,-0.002000033779
0.349424565320,-0.056161230382,0.001417393411,-0.017281489597
0.346797312950,-0.055914255572,0.001415890500,-0.056154540059
0.344170060580,-0.055569054789,0.001329623574,-0.080012353892
0.341542808210,-0.055234411918,0.001313014283,-0.093250639563
0.338915555840,-0.054806636104,0.001317723256,-0.124571159958
0.336288303460,-0.054271134293,0.001403697196,-0.139927991903
0.333661051090,-0.053831322695,0.001468662007,-0.113807025206
0.331033798720,-0.053535555144,0.001361412864,-0.046099523595
0.328406546350,-0.053337400843,0.001359501156,-0.031379666108
0.325779293980,-0.053097768839,0.001423102349,-0.030986828217
0.323152041610,-0.053022533643,0.001457811564,0.014123606011
0.320524789240,-0.053023254930,0.001554710491,0.019058654793
0.317897536870,-0.052986209237,0.001784655090,0.001607441770
0.315270284500,-0.052863456957,0.001902813254,-0.009378730264
0.312643032100,-0.052792787937,0.001867897624,-0.011461133634
0.310015779800,-0.052742898258,0.001896140601,0.003163958137
0.307388527400,-0.052783654792,0.001804706342,0.007351774684
0.304761275000,-0.052772905560,0.001771702358,-0.018225869312
0.302134022600,-0.052713370669,0.001799719897,-0.028152104459
0.299506770300,-0.052688939416,0.001674796779,0.002797456817
0.296879517900,-0.052667631735,0.001411036187,0.009288639676
0.294252265500,-0.052663058932,0.001332531530,0.013354592347
0.291625013200,-0.052716558514,0.001282690003,0.012842286722
0.288997760800,-0.052756399715,0.001250624399,0.014416129797
0.286370508400,-0.052826602268,0.001273875894,0.018386181604
0.283743256000,-0.052863440611,0.001381785074,0.007844140070
0.281116003700,-0.052847831803,0.001499050213,-0.004180320281
0.278488751300,-0.052836666007,0.001678615820,-0.004138351278
0.275861498900,-0.052828421026,0.001988188809,-0.012772422077
0.273234246600,-0.052816921842,0.002311824832,-0.012127652347
0.270606994200,-0.052823966296,0.002472381723,0.002444291741
0.267979741800,-0.052861247090,0.002822648156,0.002423827554
0.265352489400,-0.052843052097,0.002947871424,0.005467470827
0.262725237100,-0.052828653658,0.003038027535,-0.014023721854
0.260097984700,-0.052717927314,0.003163777477,-0.053305342988
0.257470732300,-0.052582337643,0.003228911896,-0.048445421284
0.254843480000,-0.052483583746,0.003352809631,-0.049035187437
0.252216227600,-0.052311507747,0.003469283851,-0.053302230022
0.249588975200,-0.052175088362,0.003516592554,-0.034411906016
0.246961722900,-0.052106555867,0.003683028740,-0.032953363123
0.244334470500,-0.051970567309,0.003790261796,-0.033586271962
0.241707218100,-0.051885554961,0.003881257967,0.004974698727
0.239079965700,-0.051934642817,0.003958969604,0.009067975761
0.236452713400,-0.051867877704,0.004035417646,-0.014511976067
0.233825461000,-0.051823432819,0.004116935248,0.027749435151
0.231198208600,-0.051937135498,0.004184001097,0.106281098936
0.228570956300,-0.052242647352,0.004335157261,0.187701461163
0.225943703900,-0.052825926713,0.004545325617,0.245414674911
0.223316451500,-0.053439608071,0.004552376299,0.231315935871
0.220689199100,-0.053869176685,0.004738299456,0.183033682398
0.218061946800,-0.054191436821,0.004977043156,0.135192117703
0.215434694400,-0.054373547629,0.004987239364,0.061274950883
0.212807442000,-0.054368440356,0.005043022837,0.004807359660
0.210180189700,-0.054250201187,0.005129441450,-0.031107830239
0.207552937300,-0.054047316407,0.005214303315,-0.011485621497
0.204925684900,-0.054047971883,0.005145953154,0.050205481449
0.202298432500,-0.054216302274,0.004887737603,0.081913358087
0.199671180200,-0.054408348508,0.004524652037,0.114288632865
0.197043927800,-0.054786244701,0.004213242930,0.173618176532
0.194416675400,-0.055273916916,0.003960308655,0.219781713211
0.191789423100,-0.055875831507,0.003599010534,0.233743079597
0.189162170700,-0.056404161720,0.003274105108,0.214932967803
0.186534918300,-0.056835116592,0.003015549330,0.175397321748
0.183907666000,-0.057169304244,0.002631999748,0.128643945466
0.181280413600,-0.057346187267,0.002326304971,0.029206601410
0.178653161200,-0.057162138943,0.002042202288,-0.059357641218
0.176025908800,-0.056904199466,0.001826640382,-0.046462102847
0.173398656500,-0.056769214321,0.001641869107,-0.006087777846
0.170771404100,-0.056693063300,0.001506243860,0.002031480101
0.168144151700,-0.056600727861,0.001395430276,0.010032980575
0.165516899400,-0.056574222453,0.001323713086,0.038571306619
0.162889647000,-0.056658337605,0.001315056677,0.084367432020
0.160262394600,-0.056864092568,0.001315230879,0.142088249982
0.157635142200,-0.057242898400,0.001273645785,0.182761638701
0.155007889900,-0.057640765872,0.001318763888,0.214138278637
0.152380637500,-0.058091055280,0.001275233855,0.194285731062
0.149753385100,-0.058434854615,0.001240372886,0.143784187297
0.147126132800,-0.058720733225,0.001228801743,0.131829553078
0.144498880400,-0.058982291071,0.001186946035,0.141789076257
0.141871628000,-0.059327504368,0.001147625002,0.147102910375
0.139244375600,-0.059619973972,0.001232585650,0.060814480349
0.136617123300,-0.059704476701,0.001075589834,-0.006301844758
0.133989870900,-0.059657553119,0.000904146482,0.011069650236
0.131362618500,-0.059827329385,0.000907649452,0.008043061442
0.128735366200,-0.059758273075,0.000707177853,-0.079533626319
0.126108113800,-0.059497039551,0.000585576949,-0.173382976232
0.123480861400,-0.058949187613,0.000658767731,-0.202101985807
0.120853609000,-0.058555817385,0.000720963146,-0.108717478279
0.118226356700,-0.058346313030,0.000799686310,-0.008390570271
0.115599104300,-0.058529641153,0.001062576940,0.110867101144
0.112971851900,-0.058890895693,0.001365525813,0.232294900968
0.110344599600,-0.059666961864,0.001569732790,0.334065572641
0.107717347200,-0.060577961826,0.001700965493,0.316824842775
0.105090094800,-0.061246827151,0.001927775248,0.229354064448
0.102462842500,-0.061695263358,0.002163486387,0.165258316312
0.099835590100,-0.062069050198,0.002239817485,0.090197521094
0.097208337700,-0.062181236019,0.002383105197,0.029444981119
0.094581085300,-0.062211624576,0.002700203341,-0.027260450041
0.091953833000,-0.062064337159,0.002892550121,-0.041826786421
0.089326580600,-0.062020272530,0.003037085048,-0.004055862279
0.086699328200,-0.062045441192,0.003029657712,0.010290301912
0.084072075900,-0.062002169322,0.002975057717,-0.018117149279
0.081444823500,-0.061944830363,0.003002968255,0.008586677660
0.078817571100,-0.062043103461,0.002908314507,0.029735902861
0.076190318700,-0.062019301283,0.002870128798,-0.018602489784
0.073563066400,-0.061825941851,0.003161419490,-0.024215276901
0.070935814000,-0.061716622960,0.003304306587,-0.005674382510
0.068308561600,-0.061736326454,0.003302552697,0.079473812471
0.065681309300,-0.061967873266,0.003268199297,0.171353404361
0.063054056900,-0.062295953915,0.003282461096,0.196026324837
0.060426804500,-0.062598171733,0.003337301864,0.082812347072
0.057799552100,-0.062511717914,0.003463746506,-0.016266594835
0.055172299800,-0.062403910988,0.003558868771,-0.051593023367
0.052545047400,-0.062300813631,0.003531155317,-0.024273576003
0.049917795000,-0.062285539674,0.003464420865,-0.029238759495
0.047290542700,-0.062187411931,0.003392565676,-0.008443709927
0.044663290300,-0.062304835378,0.003426733637,0.104629440570
0.042036037900,-0.062725490898,0.003363484964,0.226365221618
0.039408785500,-0.063374811794,0.003355527671,0.252536911963
0.036781533200,-0.064000528571,0.003501702851,0.237486821288
0.034154280800,-0.064558731635,0.003430272808,0.193750447934
0.031527028400,-0.064928483084,0.003421542200,0.099463471079
0.028899776100,-0.064905555941,0.003332327146,-0.272805641740
0.026272523700,-0.063314733848,0.003092242830,0.015256029701
0.023645271300,-0.064631104742,0.003033488927,0.325882753662
0.021018019000,-0.064776748871,0.002985360825,0.104368810241
0.018390766600,-0.065001278460,0.003067224521,0.088459619394
0.015763514200,-0.065147625022,0.002903240817,0.094134396037
0.013136261800,-0.065410141639,0.002728540190,0.130403043483
0.010509009500,-0.065764096639,0.002515852809,0.134168747105
0.007881757100,-0.066090029005,0.002109125139,0.065019509462
0.005254504700,-0.066112468396,0.001860292256,-0.312410957884
0.002627252400,-0.064525244389,0.001695248151,-1.929942197315
0.000000000000,-0.056110328448,0.001168900402,-3.279064320088
