0.391460603250,-0.008842671032,-0.000385709465,0.514531203151
0.388833350880,-0.010285748110,-0.000616208866,0.112007482467
0.386206098510,-0.009663543041,-0.000724464122,-0.069715399168
0.383578846140,-0.010233758427,-0.000732582724,0.245323291341
0.380951593770,-0.011020704480,-0.000760457011,0.359597824115
0.378324341400,-0.012142803981,-0.000748760868,0.409651580313
0.375697089030,-0.013183269360,-0.000647934227,0.241065177022
0.373069836660,-0.013429683867,-0.000481401950,-0.020537301212
0.370442584290,-0.013185385773,-0.000432511332,-0.233394372142
0.367815331920,-0.012473687292,-0.000049509696,0.238053212262
0.365188079550,-0.014431736394,0.000185980933,0.381906113732
0.362560827170,-0.013984569921,0.000228651132,-0.154263394718
0.359933574800,-0.013523789205,0.000190309044,-0.159118555973
0.357306322430,-0.013227430987,0.000162519996,-0.188756984472
0.354679070060,-0.012686056182,0.000357202853,-0.083592946332
0.352051817690,-0.012981079052,0.000618063436,0.012842598912
0.349424565320,-0.012849770034,0.000645248608,-0.086422426151
0.346797312950,-0.012646073545,0.000819896603,-0.101347119172
0.344170060580,-0.012434618207,0.001027910972,-0.152990286435
0.341542808210,-0.012082121054,0.001197824550,-0.226047247431
0.338915555840,-0.011518993669,0.001278214825,-0.266022688682
0.336288303460,-0.010954490309,0.001306592568,-0.233223701403
0.333661051090,-0.010443598882,0.001466442513,-0.191666181386
0.331033798720,-0.010044232455,0.001458574880,-0.152812931408
0.328406546350,-0.009728947850,0.001482416599,-0.116124092231
0.325779293980,-0.009423604229,0.001460419750,-0.138813666847
0.323152041610,-0.009067010138,0.001495548011,-0.128059915918
0.320524789240,-0.008851523221,0.001575257650,-0.062034144484
0.317897536870,-0.008719940208,0.001680209599,-0.060698955501
0.315270284500,-0.008508342686,0.001780098857,-0.061271337878
0.312643032100,-0.008389839353,0.001722200450,-0.041967773107
0.310015779800,-0.008307892392,0.001686211690,-0.031380115949
0.307388527400,-0.008230083343,0.001601688977,-0.006067838918
0.304761275000,-0.008218578061,0.001742876988,-0.003131740208
0.302134022600,-0.008257523704,0.001821113279,0.027238772185
0.299506770300,-0.008368612863,0.001837528608,0.038931114528
0.296879517900,-0.008515260564,0.001790029996,0.028592197065
0.294252265500,-0.008616362141,0.001879924820,0.023415302937
0.291625013200,-0.008731297105,0.002042996283,0.043393285628
0.288997760800,-0.008915379744,0.002122051397,0.058678932383
0.286370508400,-0.009078487453,0.002346184370,0.048196214427
0.283743256000,-0.009192954322,0.002456001878,0.018206420381
0.281116003700,-0.009199186300,0.002610186273,0.007600786358
0.278488751300,-0.009246549781,0.002691700416,0.026003904917
0.275861498900,-0.009280599368,0.002791253127,0.023729819991
0.273234246600,-0.009262823223,0.002811455938,0.002957879279
0.270606994200,-0.009208214384,0.002827694311,-0.006968914635
0.267979741800,-0.009127640850,0.002858106595,-0.013606952439
0.265352489400,-0.009083921728,0.002927596981,-0.016743798596
0.262725237100,-0.008984143017,0.002953335993,-0.025502980374
0.260097984700,-0.008872106978,0.002943023773,-0.011046688142
0.257470732300,-0.008840313186,0.002788778547,0.007124090793
0.254843480000,-0.008769464723,0.002703414892,0.019855523643
0.252216227600,-0.008756465744,0.002599066967,0.042164685412
0.249588975200,-0.008800464532,0.002430986558,0.034642949169
0.246961722900,-0.008763496030,0.002245786270,-0.004664632452
0.244334470500,-0.008634472652,0.002115667090,-0.034498848270
0.241707218100,-0.008430687506,0.002065415325,-0.028825117634
0.239079965700,-0.008332956152,0.001995274984,0.044172827949
0.236452713400,-0.008480875477,0.001862656548,0.114398243124
0.233825461000,-0.008714582376,0.001996706406,0.162640087700
0.231198208600,-0.009105810020,0.002188187392,0.230305242173
0.228570956300,-0.009646727449,0.002341178816,0.281242007954
0.225943703900,-0.010235414953,0.002599386209,0.276638913726
0.223316451500,-0.010775132906,0.002857990393,0.201002437671
0.220689199100,-0.011094120570,0.003002425063,0.122205328535
0.218061946800,-0.011230020481,0.003160800864,0.074315574118
0.215434694400,-0.011321815321,0.003399120552,0.083159287030
0.212807442000,-0.011502505844,0.003549847810,0.111356641166
0.210180189700,-0.011764719373,0.003575259098,0.116622665777
0.207552937300,-0.012041111166,0.003449691704,0.126793868083
0.204925684900,-0.012370901547,0.003314440239,0.175010960077
0.202298432500,-0.012875983707,0.003168907447,0.212129305765
0.199671180200,-0.013380890270,0.003023445726,0.180649670746
0.197043927800,-0.013773505036,0.002853958931,0.166409842864
0.194416675400,-0.014241355501,0.002660985868,0.185775416950
0.191789423100,-0.014758727025,0.002381771060,0.181130305187
0.189162170700,-0.015242895498,0.002012465117,0.168202189212
0.186534918300,-0.015791723619,0.001590845794,0.152597194809
0.183907666000,-0.016257673553,0.001246142943,0.059179651224
0.181280413600,-0.016347560623,0.000969458809,-0.083899006074
0.178653161200,-0.016107255600,0.000913694038,-0.198937198040
0.176025908800,-0.015673058720,0.000951952836,-0.255218894060
0.173398656500,-0.015183405590,0.000934966517,-0.275195939633
0.170771404100,-0.014652261171,0.000911861332,-0.304217178464
0.168144151700,-0.013977314938,0.000939812108,-0.294725994173
0.165516899400,-0.013558364381,0.000909869198,-0.212602440922
0.162889647000,-0.013293803802,0.000945381927,-0.179750452368
0.160262394600,-0.013018270508,0.000932510531,-0.199811619753
0.157635142200,-0.012662233163,0.001011346377,-0.136230974493
0.155007889900,-0.012686302587,0.001129548480,-0.041343978727
0.152380637500,-0.012741172833,0.001300927180,-0.053781358379
0.149753385100,-0.012573116839,0.001541471932,-0.081800473589
0.147126132800,-0.012442929297,0.001774917121,-0.059259017051
0.144498880400,-0.012373022358,0.002017281394,-0.068417778043
0.141871628000,-0.012192057726,0.002177216941,-0.089674366267
0.139244375600,-0.012012138646,0.002269519213,-0.073697937519
0.136617123300,-0.011959346884,0.002183694054,-0.079726510807
0.133989870900,-0.011770102529,0.002159491528,-0.100221289756
0.131362618500,-0.011568318689,0.002151831838,-0.092613668062
0.128735366200,-0.011383366222,0.002073439207,-0.081473959189
0.126108113800,-0.011271713964,0.002048350997,-0.060725738892
0.123480861400,-0.011165148816,0.002037451648,-0.012027629259
0.120853609000,-0.011234620958,0.001838925046,0.030246294731
0.118226356700,-0.011354499413,0.001597539854,0.062646698539
0.115599104300,-0.011535011445,0.001458919634,0.113938148171
0.112971851900,-0.011905167249,0.001304915871,0.157308958323
0.110344599600,-0.012328025360,0.001128567940,0.149282823357
0.107717347200,-0.012594055263,0.001218576819,0.090351138301
0.105090094800,-0.012793984095,0.001348660839,0.079179980720
0.102462842500,-0.012937793347,0.001356291761,0.026443665735
0.099835590100,-0.012826072468,0.001259267899,-0.027273800067
0.097208337700,-0.012782097718,0.001237125664,0.053836145583
0.094581085300,-0.012902742535,0.001052754210,0.107018126774
0.091953833000,-0.013097612674,0.001115789316,0.150370485841
0.089326580600,-0.013438603027,0.001180873034,0.152225047524
0.086699328200,-0.013637976696,0.001020247341,0.141210455397
0.084072075900,-0.013910630020,0.000859408395,0.106744685461
0.081444823500,-0.014064722219,0.000911559541,0.071348798510
0.078817571100,-0.014230675208,0.000952998923,0.130083281035
0.076190318700,-0.014685634347,0.000953749967,0.197946061237
0.073563066400,-0.015139510642,0.000890626038,0.225829608504
0.070935814000,-0.015756812659,0.000717678569,0.212908890146
0.068308561600,-0.016155426836,0.000823176025,0.125507891847
0.065681309300,-0.016317117295,0.000990407129,0.044456273284
0.063054056900,-0.016220570037,0.001024656198,-0.047753708080
0.060426804500,-0.015999330194,0.001197033570,-0.094776026179
0.057799552100,-0.015708502993,0.001277695886,-0.127810438202
0.055172299800,-0.015212783046,0.001504015115,-0.122130539732
0.052545047400,-0.014869035245,0.001785519575,-0.060455256318
0.049917795000,-0.014744301764,0.001762544458,-0.019064886365
0.047290542700,-0.014697257478,0.001617269492,0.058687922664
0.044663290300,-0.015083345106,0.001691980172,0.232375782913
0.042036037900,-0.015906465371,0.001628819556,0.289441943302
0.039408785500,-0.016560828639,0.001290188043,0.215008670858
0.036781533200,-0.016959949163,0.001223503794,0.189557907946
0.034154280800,-0.017518688388,0.001201863667,0.175126266774
0.031527028400,-0.017789870295,0.001324405268,0.124947984247
0.028899776100,-0.018120136317,0.001166783904,0.139769675312
0.026272523700,-0.018470486703,0.001250941979,0.023078075669
0.023645271300,-0.018218434664,0.001406408054,-0.044685771309
0.021018019000,-0.018216798901,0.001483270543,0.297787650037
0.018390766600,-0.019762566999,0.001428665271,0.486975423955
0.015763514200,-0.020751484732,0.001268954238,0.297927399565
0.013136261800,-0.021383817344,0.001225860147,0.171486442778
0.010509009500,-0.021733292789,0.001124115028,0.061866362866
0.007881757100,-0.021723920864,0.001024482460,-0.096361926562
0.005254504700,-0.021242945381,0.001057680563,-0.262072881169
0.002627252400,-0.020411127416,0.000906627260,-0.558982763128
0.000000000000,-0.018389807640,0.000428301045,-0.787851347977
