0.391460603250,-0.049181086263,-0.000135325214,0.558915879849
0.388833350880,-0.050555833930,0.000150759129,0.089763986308
0.386206098510,-0.049519019679,0.000467989493,-0.217493615534
0.383578846140,-0.049278809467,0.000638293127,0.024688396949
0.380951593770,-0.049540203021,0.000650773956,0.408855138295
0.378324341400,-0.051375133338,0.000637351269,0.325097100928
0.375697089030,-0.051199132658,0.000674153370,-0.290022048082
0.373069836660,-0.049798606426,0.001017575693,-0.389901893630
0.370442584290,-0.049137517152,0.000985136170,0.158591294052
0.367815331920,-0.050684846454,0.001078905515,0.553418071824
0.365188079550,-0.052020206068,0.001176904223,0.386522498316
0.362560827170,-0.052758308343,0.001154660370,0.162333916024
0.359933574800,-0.052897266286,0.001305420631,0.009091838352
0.357306322430,-0.052866587189,0.001456198974,0.015293728918
0.354679070060,-0.052986129322,0.001403496211,0.021267827120
0.352051817690,-0.052935603159,0.001475261059,-0.013985830333
0.349424565320,-0.052882989496,0.001610076109,-0.017252288829
0.346797312950,-0.052796674810,0.001670465193,-0.082778392931
0.344170060580,-0.052453732725,0.001703791681,-0.128824951342
0.341542808210,-0.052102655711,0.001691481777,-0.139438958668
0.338915555840,-0.051681878636,0.001783574064,-0.182230579453
0.336288303460,-0.051103082206,0.001795257231,-0.175884525798
0.333661051090,-0.050707608931,0.001684464968,-0.104532854214
0.331033798720,-0.050500201345,0.001546515539,-0.090560374310
0.328406546350,-0.050196797544,0.001483779930,-0.081073191030
0.325779293980,-0.049986053900,0.001541701591,-0.015497387561
0.323152041610,-0.049946916391,0.001611457237,0.020515702612
0.320524789240,-0.049907401218,0.001877169158,0.007074167627
0.317897536870,-0.049897658871,0.001968451225,-0.002782980346
0.315270284500,-0.049880547905,0.002097685964,0.011634358689
0.312643032100,-0.049885511100,0.002190047950,0.021249004674
0.310015779800,-0.049908830926,0.002085661644,0.012131214969
0.307388527400,-0.049872127478,0.001812058047,-0.012315241191
0.304761275000,-0.049770105496,0.001771211083,-0.015544038916
0.302134022600,-0.049704548353,0.001758710934,-0.016766838248
0.299506770300,-0.049634088049,0.001604042881,-0.016489708078
0.296879517900,-0.049639085390,0.001472489130,-0.004110682425
0.294252265500,-0.049603264467,0.001333979716,-0.007551505504
0.291625013200,-0.049627007905,0.001156374539,0.010222273007
0.288997760800,-0.049684518028,0.001158496550,0.011390051379
0.286370508400,-0.049725517946,0.001208258988,0.015762427287
0.283743256000,-0.049760540871,0.001155373068,0.010195740560
0.281116003700,-0.049802876391,0.001260413858,-0.000740913120
0.278488751300,-0.049790910010,0.001555564458,-0.032125809268
0.275861498900,-0.049707788753,0.001808618266,-0.035325190538
0.273234246600,-0.049656281889,0.002156448825,-0.224535512881
0.270606994200,-0.048538121235,0.002337679867,0.089962906393
0.267979741800,-0.049827275772,0.002689644987,0.243646188234
0.265352489400,-0.049867248608,0.002829042344,0.004374153517
0.262725237100,-0.049909822705,0.002946339982,0.004907672544
0.260097984700,-0.049935276020,0.003090256189,-0.019082587412
0.257470732300,-0.049842993077,0.003331945343,-0.068239034694
0.254843480000,-0.049627171274,0.003385703847,-0.067075555001
0.252216227600,-0.049514197935,0.003490851696,-0.040436751751
0.249588975200,-0.049422472182,0.003659555428,-0.042495590411
0.246961722900,-0.049272077551,0.003780446850,-0.054095746363
0.244334470500,-0.049125513230,0.003813521908,-0.041786003378
0.241707218100,-0.049043171510,0.003960044706,-0.051734939861
0.239079965700,-0.048841667935,0.004020477754,-0.082973820874
0.236452713400,-0.048608864904,0.003985905357,-0.055998344397
0.233825461000,-0.048564840828,0.004098627732,0.021971501085
0.231198208600,-0.048698668181,0.004290974705,0.108234589346
0.228570956300,-0.049034327878,0.004498932196,0.169894610661
0.225943703900,-0.049481976304,0.004689225803,0.214583671483
0.223316451500,-0.050039029732,0.004866259786,0.216022933329
0.220689199100,-0.050557109389,0.004940897305,0.175322955831
0.218061946800,-0.050896653227,0.005017647065,0.117294278669
0.215434694400,-0.051098092647,0.005135735328,0.061388044513
0.212807442000,-0.051157005153,0.005224551372,-0.004035664480
0.210180189700,-0.051038454108,0.005238408966,-0.050939478177
0.207552937300,-0.050872647797,0.005262201828,-0.043605804128
0.204925684900,-0.050821026995,0.005216674568,0.018191576832
0.202298432500,-0.050968614339,0.004925500158,0.087284503489
0.199671180200,-0.051231485868,0.004659273326,0.163686053951
0.197043927800,-0.051685128019,0.004305500553,0.191594546312
0.194416675400,-0.052101275153,0.003921159720,0.199174798322
0.191789423100,-0.052628862971,0.003619632147,0.227789860852
0.189162170700,-0.053205243008,0.003479103767,0.186748937940
0.186534918300,-0.053544922387,0.003228313382,0.119501376612
0.183907666000,-0.053730224081,0.002986744686,0.062728679385
0.181280413600,-0.053778489092,0.002732779945,0.010725613965
0.178653161200,-0.053664070211,0.002429465801,-0.029708263718
0.176025908800,-0.053527208958,0.002224219776,-0.044229478504
0.173398656500,-0.053325036453,0.002023065701,-0.040892881087
0.170771404100,-0.053161380246,0.001762627534,0.023283745428
0.168144151700,-0.053222713977,0.001657912915,0.093950642578
0.165516899400,-0.053382544116,0.001606155162,0.120025393253
0.162889647000,-0.053549001808,0.001671366371,0.132568914576
0.160262394600,-0.053769115069,0.001647852680,0.161526398414
0.157635142200,-0.054119092446,0.001696408423,0.217527122961
0.155007889900,-0.054643607853,0.001802145039,0.224673213951
0.152380637500,-0.055072402339,0.001602666498,0.185068509738
0.149753385100,-0.055397256380,0.001491435449,0.161544868163
0.147126132800,-0.055688339575,0.001514440236,0.140675239396
0.144498880400,-0.055925431207,0.001469678985,0.136823871373
0.141871628000,-0.056258517305,0.001373512242,0.164969963563
0.139244375600,-0.056629004929,0.001236022367,0.130421194910
0.136617123300,-0.056822705011,0.001089865411,0.070758356211
0.133989870900,-0.056922675203,0.000961705012,0.083613571333
0.131362618500,-0.057161862127,0.000726939267,0.051158533059
0.128735366200,-0.057178773340,0.000567912931,-0.056321116882
0.126108113800,-0.056863345982,0.000298175338,-0.129534119643
0.123480861400,-0.056554338914,0.000388247816,-0.171072914873
0.120853609000,-0.056055534293,0.000438882657,-0.150090725343
0.118226356700,-0.055850066149,0.000557672605,-0.012103685594
0.115599104300,-0.056074879525,0.000875079198,0.079768969799
0.112971851900,-0.056378286749,0.001092047400,0.154383338663
0.110344599600,-0.056996430170,0.001450516903,0.254719397051
0.107717347200,-0.057800766188,0.001735425608,0.303641985921
0.105090094800,-0.058610946334,0.001978012158,0.255807257688
0.102462842500,-0.059132771081,0.002214041013,0.160894829486
0.099835590100,-0.059446366804,0.002353468868,0.118495048193
0.097208337700,-0.059728100119,0.002340989907,0.060675890905
0.094581085300,-0.059681573979,0.002589245636,-0.041435554322
0.091953833000,-0.059402773665,0.002801139719,-0.098579539268
0.089326580600,-0.059122281795,0.002972374978,-0.039651253100
0.086699328200,-0.059086708116,0.002984401398,0.017198012388
0.084072075900,-0.059124977974,0.003013525022,0.005498359822
0.081444823500,-0.059043059400,0.002960963945,0.025796305070
0.078817571100,-0.059151010276,0.003060724071,0.032756320425
0.076190318700,-0.059181230156,0.003101647142,-0.031618665029
0.073563066400,-0.059028437723,0.003187017973,-0.067793080294
0.070935814000,-0.058936900721,0.003370511393,-0.046607257576
0.068308561600,-0.058851348872,0.003332997134,-0.006794126940
0.065681309300,-0.058965916023,0.003397740730,0.075739470720
0.063054056900,-0.059243157734,0.003581262329,0.088714080069
0.060426804500,-0.059437568489,0.003533535643,0.066321571732
0.057799552100,-0.059522271710,0.003510397839,0.017358800255
0.055172299800,-0.059458706217,0.003572494989,-0.039582605204
0.052545047400,-0.059282285637,0.003583178041,-0.038161637319
0.049917795000,-0.059175369907,0.003503419629,0.027196339624
0.047290542700,-0.059316188137,0.003423603818,0.094949025293
0.044663290300,-0.059580198219,0.003498463159,0.170492078582
0.042036037900,-0.060058165235,0.003470894235,0.224239227721
0.039408785500,-0.060636639421,0.003435005955,0.270764566399
0.036781533200,-0.061370763238,0.003547961656,0.224758784627
0.034154280800,-0.061800562949,0.003497645598,0.134196091523
0.031527028400,-0.062044424136,0.003365535681,0.088470740889
0.028899776100,-0.062267109393,0.003348819345,0.053495930984
0.026272523700,-0.062342824838,0.003295648196,-0.433151843576
0.023645271300,-0.059987459830,0.002949271104,-0.783086617894
0.021018019000,-0.058422414362,0.002973271331,0.342252607829
0.018390766600,-0.061910531480,0.002906917581,0.645419709340
0.015763514200,-0.061922038662,0.002784639145,0.012934707106
0.013136261800,-0.062034406304,0.002581418034,0.093636287951
0.010509009500,-0.062405611820,0.002317526718,0.151083371396
0.007881757100,-0.062739112080,0.002052647493,0.065677345421
0.005254504700,-0.062733047882,0.001758342253,-0.308143887512
0.002627252400,-0.061212723549,0.001689180193,-2.912935060156
0.000000000000,-0.047445956301,0.001199458205,-5.230513840878
