0.391460603250,-0.057473180969,-0.000015021151,-0.581317555486
0.388833350880,-0.055958608918,-0.000167322526,0.063848657537
0.386206098510,-0.057811997270,0.000052852567,0.281286008008
0.383578846140,-0.057554062982,0.000121923448,-0.114802356165
0.380951593770,-0.057325433909,0.000328522637,-0.208832912719
0.378324341400,-0.056586605185,0.000475610192,0.163342795514
0.375697089030,-0.058274073091,0.000531333000,0.539514271578
0.373069836660,-0.059473955353,0.000648510598,0.303520901880
0.370442584290,-0.059890398912,0.000628132776,0.066763709137
0.367815331920,-0.059811905337,0.000648863855,0.008477448444
0.365188079550,-0.059899403791,0.000784405763,0.053975445732
0.362560827170,-0.059996221108,0.000682996144,0.033705544198
0.359933574800,-0.059963688311,0.000595366706,0.000538301771
0.357306322430,-0.059860973216,0.000631036073,-0.011893330811
0.354679070060,-0.059756218550,0.000587734447,-0.002047904405
0.352051817690,-0.059690721709,0.000559058039,0.012139470747
0.349424565320,-0.059657186616,0.000471847051,0.008073171413
0.346797312950,-0.059570721875,0.000487841339,0.003312307442
0.344170060580,-0.059550090513,0.000453622148,0.026245957283
0.341542808210,-0.059511613076,0.000401836256,0.009175054654
0.338915555840,-0.059468195314,0.000536511432,0.007174104295
0.336288303460,-0.059427363968,0.000730285511,0.014514745865
0.333661051090,-0.059423125586,0.000759259313,0.022875075149
0.331033798720,-0.059445441672,0.000773098821,0.034659238455
0.328406546350,-0.059467596110,0.000897721934,0.024217335661
0.325779293980,-0.059435598201,0.001024778979,-0.002839832946
0.323152041610,-0.059357605650,0.001085478639,-0.032113816580
0.320524789240,-0.059238316497,0.001215241352,-0.010902612000
0.317897536870,-0.059214649674,0.001270732497,-0.000613988103
0.315270284500,-0.059161158215,0.001357998852,-0.023030486855
0.312643032100,-0.059057455206,0.001452901398,-0.041191970077
0.310015779800,-0.058903879759,0.001573902479,-0.055483017748
0.307388527400,-0.058757332242,0.001800443780,-0.014004884994
0.304761275000,-0.058817030600,0.002079043118,-0.006479393056
0.302134022600,-0.058809862198,0.002232803370,-0.047552121825
0.299506770300,-0.058645721738,0.002314923795,-0.059395470832
0.296879517900,-0.058551936193,0.002394667248,-0.009309355887
0.294252265500,-0.058606420403,0.002453088600,0.027793086207
0.291625013200,-0.058695204024,0.002548744741,0.010523612762
0.288997760800,-0.058655378047,0.002596755760,-0.018553525760
0.286370508400,-0.058597288927,0.002675479197,-0.025535556874
0.283743256000,-0.058524974860,0.002690618495,-0.018721482853
0.281116003700,-0.058539316681,0.002715581285,0.005171418500
0.278488751300,-0.058610746654,0.002504181645,0.025572430600
0.275861498900,-0.058772917579,0.002265026485,0.022074852905
0.273234246600,-0.058786562141,0.002208004701,-0.001014145566
0.270606994200,-0.058783542830,0.002042961856,0.035643607089
0.267979741800,-0.059058688342,0.002033658821,0.062974723383
0.265352489400,-0.059237548215,0.002137963300,0.030141883322
0.262725237100,-0.059303313938,0.002550262239,0.020475717317
0.260097984700,-0.059400982539,0.003100833022,0.011542796759
0.257470732300,-0.059404248989,0.003291746945,-0.036007110946
0.254843480000,-0.059273808945,0.003394038621,-0.043204537341
0.252216227600,-0.059224442139,0.003516522007,-0.027726400654
0.249588975200,-0.059165721550,0.003602072873,-0.061987730606
0.246961722900,-0.058980814225,0.003690835675,-0.061742809817
0.244334470500,-0.058936687080,0.003699694044,-0.043066928562
0.241707218100,-0.058854295763,0.003721557535,-0.049815852477
0.239079965700,-0.058785843581,0.003710179924,-0.035485967142
0.236452713400,-0.058755110436,0.003719149071,-0.023865717356
0.233825461000,-0.058743392931,0.003766689400,-0.025874700134
0.231198208600,-0.058634290714,0.003827978480,-0.062294894499
0.228570956300,-0.058436492021,0.003919137648,-0.055162864067
0.225943703900,-0.058407428818,0.003938954364,-0.019270894235
0.223316451500,-0.058371122458,0.003907694761,-0.018142770804
0.220689199100,-0.058308199448,0.004020197344,0.008043476268
0.218061946800,-0.058406712350,0.004083503471,0.085641485252
0.215434694400,-0.058715042058,0.003983471379,0.122181157463
0.212807442000,-0.059025158624,0.003878045137,0.136319815427
0.210180189700,-0.059394495434,0.003754632459,0.130243949828
0.207552937300,-0.059655902109,0.003580303139,0.078229427552
0.204925684900,-0.059769823245,0.003560133095,0.040283713493
0.202298432500,-0.059847999863,0.003578305012,0.047953627541
0.199671180200,-0.060017906280,0.003605838227,0.078744479706
0.197043927800,-0.060204113671,0.003669146164,0.080629293989
0.194416675400,-0.060366154175,0.003781288909,0.066761006108
0.191789423100,-0.060483084736,0.003785867955,0.069292485835
0.189162170700,-0.060693275884,0.003758591842,0.074875026883
0.186534918300,-0.060879678210,0.003813235443,0.035400932002
0.183907666000,-0.060906993178,0.003708973500,0.026344691443
0.181280413600,-0.060987348861,0.003687584250,0.049591671976
0.178653161200,-0.061069869391,0.003662391441,0.066520285600
0.176025908800,-0.061191438478,0.003539101760,0.057867611290
0.173398656500,-0.061201884313,0.003426761300,0.020739100257
0.170771404100,-0.061181462938,0.003330702913,0.067272882912
0.168144151700,-0.061521132681,0.003194373085,0.141622823015
0.165516899400,-0.061841890817,0.003031970231,0.154400931874
0.162889647000,-0.062200763814,0.002744086186,0.134406468394
0.160262394600,-0.062442129317,0.002476979627,0.124356785706
0.157635142200,-0.062757297712,0.002289341842,0.127340832992
0.155007889900,-0.063019971063,0.002093518213,0.100334688422
0.152380637500,-0.063236116770,0.001911844773,0.140253000419
0.149753385100,-0.063665703420,0.001731113264,0.183743758789
0.147126132800,-0.064092622280,0.001590419367,0.105054139609
0.144498880400,-0.064197862606,0.001360144877,0.026100150057
0.141871628000,-0.064209305953,0.001218849633,0.007843256621
0.139244375600,-0.064106631727,0.001096051420,0.016452931280
0.136617123300,-0.064045492055,0.000938757156,0.027707591022
0.133989870900,-0.064083953045,0.000879952937,-0.010844791094
0.131362618500,-0.064109351052,0.000769766557,-0.042431821409
0.128735366200,-0.063936079862,0.000779320598,-0.056301627899
0.126108113800,-0.063850975755,0.001060937686,-0.061678324080
0.123480861400,-0.063650852559,0.001368325733,-0.091196276163
0.120853609000,-0.063405879636,0.001509073938,-0.099027298477
0.118226356700,-0.063146700603,0.001500320963,-0.098789746500
0.115599104300,-0.062921854703,0.001376544639,-0.076837880266
0.112971851900,-0.062788496591,0.001332280026,-0.013563641106
0.110344599600,-0.062941266848,0.001324150835,0.032171208220
0.107717347200,-0.063027499312,0.001537652999,0.029158099344
0.105090094800,-0.063157084767,0.001696280969,0.085750172801
0.102462842500,-0.063492351451,0.001495950063,0.120009115936
0.099835590100,-0.063865191352,0.001432902651,0.117013706062
0.097208337700,-0.064126780643,0.001591778797,0.102164725644
0.094581085300,-0.064430532058,0.001802401070,0.134558482339
0.091953833000,-0.064857948011,0.001899899842,0.148227771137
0.089326580600,-0.065150146792,0.002139023974,0.118994440979
0.086699328200,-0.065415207135,0.002401891944,0.153586432181
0.084072075900,-0.065895162263,0.002474583303,0.175423435643
0.081444823500,-0.066266475734,0.002490584393,0.181430223722
0.078817571100,-0.066723693779,0.002614332773,0.184774921813
0.076190318700,-0.067136918301,0.002731326311,0.137902523768
0.073563066400,-0.067369911706,0.002760404593,0.061124968956
0.070935814000,-0.067357291140,0.002790992942,0.040211323572
0.068308561600,-0.067422898003,0.002771293858,0.064042213606
0.065681309300,-0.067527524397,0.002920285204,0.025452924792
0.063054056900,-0.067541634508,0.003029405737,0.025640121021
0.060426804500,-0.067627260862,0.003143088794,0.081042029365
0.057799552100,-0.067971617988,0.003060259806,0.099078249807
0.055172299800,-0.068115897415,0.003021651557,0.049123205532
0.052545047400,-0.068169038823,0.002980841083,0.007371149359
0.049917795000,-0.068136735355,0.002947934188,-0.014592504958
0.047290542700,-0.068059155174,0.002845896210,-0.020935388149
0.044663290300,-0.067982292300,0.002732193086,-0.009958580103
0.042036037900,-0.067946955621,0.002701986511,0.014386420529
0.039408785500,-0.068038429866,0.002651555842,0.028681519290
0.036781533200,-0.068092276397,0.002535727961,0.008667222528
0.034154280800,-0.068129500232,0.002615498777,0.020148659597
0.031527028400,-0.068389800221,0.002668418413,0.114671967032
0.028899776100,-0.068938262253,0.002665156150,0.140890976024
0.026272523700,-0.069296402712,0.002637821270,0.112385252260
0.023645271300,-0.069593655230,0.002564256766,0.158983480589
0.021018019000,-0.070174984386,0.002623527867,0.227177617842
0.018390766600,-0.070805652487,0.002603107881,0.182657708286
0.015763514200,-0.071140317618,0.002636356294,0.081248967494
0.013136261800,-0.071152626326,0.002664690989,0.009394810773
0.010509009500,-0.071074286970,0.002504121798,-0.068094628895
0.007881757100,-0.070716787130,0.002222455022,-0.137400156286
0.005254504700,-0.070230290367,0.001990212068,-0.174804392281
0.002627252400,-0.069663761768,0.001578880469,-1.165374134577
0.000000000000,-0.063978524708,0.001199220219,-2.216281318578
