0.391460603250,0.033239222132,0.000320736240,0.491636331392
0.388833350880,0.031981631424,-0.000098360879,0.260960954428
0.386206098510,0.031992685371,-0.000264465429,0.330285950201
0.383578846140,0.030466700684,-0.000285710033,0.209335372266
0.380951593770,0.030973427490,-0.000426014975,0.114706365302
0.378324341400,0.029950417938,-0.000622581820,0.254196607294
0.375697089030,0.029682495861,-0.000572192692,0.084716184557
0.373069836660,0.029477905076,-0.000397983485,-0.027131601642
0.370442584290,0.029641391078,-0.000292015391,0.035867545038
0.367815331920,0.029269522339,-0.000129750203,0.130292326684
0.365188079550,0.028942235071,0.000086111150,0.036261904863
0.362560827170,0.029047682430,0.000086388804,-0.120146863538
0.359933574800,0.029464468944,0.000147565243,-0.101552861408
0.357306322430,0.029573796975,0.000226412417,0.021522135520
0.354679070060,0.029359412511,0.000427855425,-0.153941655163
0.352051817690,0.030343683712,0.000598830742,-0.204872138710
0.349424565320,0.030518072385,0.000775366197,-0.074369392841
0.346797312950,0.030862906492,0.000941265947,-0.156132568791
0.344170060580,0.031300889775,0.001123543536,-0.172962361244
0.341542808210,0.031701748526,0.001241292736,-0.167291656744
0.338915555840,0.032193229661,0.001276836251,-0.247628538631
0.336288303460,0.032957838435,0.001425488358,-0.252115490100
0.333661051090,0.033453679008,0.001347733537,-0.177236258759
0.331033798720,0.033805095927,0.001381617244,-0.144605725057
0.328406546350,0.034138499243,0.001436942089,-0.141606888552
0.325779293980,0.034439536479,0.001586220299,-0.107955254178
0.323152041610,0.034689360384,0.001672805029,-0.071844713269
0.320524789240,0.034855783810,0.001643144503,-0.093905326134
0.317897536870,0.035135654184,0.001748499293,0.036414209358
0.315270284500,0.034636255780,0.001953396125,-0.009677974445
0.312643032100,0.035389707722,0.001806965020,-0.160599931093
0.310015779800,0.035420502992,0.001846916124,-0.024545004374
0.307388527400,0.035452879716,0.001877616471,-0.003120222589
0.304761275000,0.035389027939,0.001867392668,0.021374465817
0.302134022600,0.035280493590,0.001841054648,0.017943649091
0.299506770300,0.035230397478,0.001840575434,0.021484716196
0.296879517900,0.035106472718,0.001884451122,0.051117712054
0.294252265500,0.034907857894,0.001909426777,0.069200695362
0.291625013200,0.034666463362,0.001919372851,0.078994224377
0.288997760800,0.034432664607,0.001990050454,0.067557094070
0.286370508400,0.034267019013,0.002204446764,0.020251797334
0.283743256000,0.034224889571,0.002449570886,-0.006045748188
0.281116003700,0.034248162149,0.002672894863,0.004003577099
0.278488751300,0.034185246707,0.002726327117,0.000757914917
0.275861498900,0.034255441842,0.002817311021,-0.027888529483
0.273234246600,0.034349953971,0.002877066841,-0.017759967086
0.270606994200,0.034400796427,0.002846886231,-0.020049164340
0.267979741800,0.034448291817,0.002920376195,-0.010218887789
0.265352489400,0.034509628282,0.003012350266,-0.011723995336
0.262725237100,0.034590923196,0.002947908532,-0.023179162956
0.260097984700,0.034722059323,0.002923098413,-0.030879253298
0.257470732300,0.034880403524,0.002839172019,-0.020002687571
0.254843480000,0.034973597644,0.002716646639,0.022125113414
0.252216227600,0.034964507472,0.002600687844,0.032555679190
0.249588975200,0.035026131316,0.002451871816,-0.000714632320
0.246961722900,0.035147354860,0.002239885145,-0.007553903878
0.244334470500,0.035245082583,0.002119302987,0.027182322809
0.241707218100,0.035187627943,0.002003987176,0.071963430192
0.239079965700,0.035081366119,0.001986565850,0.105174912706
0.236452713400,0.034888239012,0.002091154701,0.166319207982
0.233825461000,0.034483663821,0.002216653280,0.209414908996
0.231198208600,0.034040582649,0.002404746476,0.231869997027
0.228570956300,0.033540445891,0.002676054600,0.237104065387
0.225943703900,0.033031835731,0.002951057221,0.201262170368
0.223316451500,0.032710074094,0.003122742277,0.145868364977
0.220689199100,0.032578561248,0.003229522014,0.078480832904
0.218061946800,0.032563489914,0.003394936656,0.048904919240
0.215434694400,0.032519157537,0.003480142021,0.064560180354
0.212807442000,0.032387258882,0.003494479460,0.095015031915
0.210180189700,0.032153907114,0.003447463778,0.144578427266
0.207552937300,0.031725738958,0.003384883278,0.173358564484
0.204925684900,0.031317860186,0.003210150073,0.190056906858
0.202298432500,0.030846529633,0.002884742454,0.202903997834
0.199671180200,0.030274387718,0.002747230496,0.211245818091
0.197043927800,0.029721207950,0.002641707240,0.233769032853
0.194416675400,0.029178024207,0.002353619816,0.198325984681
0.191789423100,0.028758490184,0.001963555745,0.195256170756
0.189162170700,0.028255388744,0.001614997630,0.249273614594
0.186534918300,0.027543563655,0.001101297135,0.209515155413
0.183907666000,0.027160968086,0.000682244453,0.048020863721
0.181280413600,0.027207021565,0.000433472381,-0.077793668962
0.178653161200,0.027388462180,0.000242447532,-0.168893523966
0.176025908800,0.027833501749,0.000228300655,-0.233461244562
0.173398656500,0.028313702517,0.000253188284,-0.246789801022
0.170771404100,0.028783949445,0.000159709197,-0.245422384084
0.168144151700,0.029275076265,0.000126041229,-0.230712788147
0.165516899400,0.029646331861,0.000170394489,-0.202134866183
0.162889647000,0.030002402793,0.000130853898,-0.170850595806
0.160262394600,0.030274863410,0.000120012263,-0.136962443986
0.157635142200,0.030526825485,0.000263541166,-0.100192886088
0.155007889900,0.030552946371,0.000485082815,-0.062187321819
0.152380637500,0.030603413232,0.000709405240,-0.099666640855
0.149753385100,0.030903840709,0.000837529913,-0.109309570856
0.147126132800,0.030980918478,0.000920625584,-0.060482511209
0.144498880400,0.031028054130,0.001075045452,-0.069214449928
0.141871628000,0.031142421979,0.001321295145,-0.109864734895
0.139244375600,0.031389229526,0.001509544183,-0.131717823147
0.136617123300,0.031603614153,0.001483604430,-0.129808506783
0.133989870900,0.031840498978,0.001464371292,-0.123273413174
0.131362618500,0.032048683420,0.001450046334,-0.094240043162
0.128735366200,0.032141131122,0.001500771678,-0.060688861878
0.126108113800,0.032157987488,0.001484946626,-0.029385071328
0.123480861400,0.032133021141,0.001279545421,0.012726545986
0.120853609000,0.032013597500,0.001156328682,0.041994041452
0.118226356700,0.031884465272,0.001066546012,0.075288787880
0.115599104300,0.031658857311,0.000978105309,0.135689309542
0.112971851900,0.031304423841,0.000864226876,0.185046766179
0.110344599600,0.030834725262,0.000826783259,0.203689780131
0.107717347200,0.030378259735,0.000962032121,0.174563940055
0.105090094800,0.030091258223,0.000846118554,0.096523080460
0.102462842500,0.030050809533,0.000894839650,-0.002485650930
0.099835590100,0.030233068524,0.000997057848,-0.036705775690
0.097208337700,0.030400260252,0.000921019257,0.005602928191
0.094581085300,0.030416723548,0.000852078317,0.068607034351
0.091953833000,0.030318538488,0.000843936311,0.106439540212
0.089326580600,0.030173533693,0.000726624931,0.122831190602
0.086699328200,0.029885080813,0.000539415594,0.162418437479
0.084072075900,0.029509346135,0.000455131401,0.153210799261
0.081444823500,0.029233425676,0.000399762288,0.115362754052
0.078817571100,0.029030864150,0.000421786728,0.122201206513
0.076190318700,0.028708006026,0.000312646212,0.213132252192
0.073563066400,0.028060005760,0.000387863337,0.261356432406
0.070935814000,0.027504598357,0.000326196162,0.169416283941
0.068308561600,0.027337542471,0.000303878199,0.050283469558
0.065681309300,0.027400820221,0.000390724396,-0.002684445960
0.063054056900,0.027598407243,0.000491424616,-0.060578066175
0.060426804500,0.028017072189,0.000742864989,-0.116389929574
0.057799552100,0.028450946702,0.000812474374,-0.124511342601
0.055172299800,0.028824337175,0.000854653694,-0.069922660115
0.052545047400,0.028973015657,0.000871961564,0.017272579028
0.049917795000,0.028848728896,0.001040813606,0.099169566214
0.047290542700,0.028560134282,0.001213168965,0.145499337957
0.044663290300,0.028236506352,0.001102573610,0.181768405977
0.042036037900,0.027766711837,0.001047541469,0.216391797224
0.039408785500,0.027184671536,0.000938019665,0.231670373962
0.036781533200,0.026556125619,0.000818388358,0.181236207857
0.034154280800,0.026253975476,0.000789261880,0.136586607077
0.031527028400,0.025950186174,0.000881407343,0.183117585666
0.028899776100,0.025465085030,0.000841399687,0.206109402717
0.026272523700,0.024943141618,0.000817330818,0.205380033015
0.023645271300,0.024375780729,0.000706150647,0.204661653073
0.021018019000,0.023914260657,0.000623397314,0.169588638821
0.018390766600,0.023542660853,0.000651230261,0.169714296343
0.015763514200,0.023006579500,0.000715295057,0.179665462687
0.013136261800,0.022539286993,0.000696312297,0.122144223127
0.010509009500,0.022321443561,0.000660024077,0.072499959802
0.007881757100,0.022131526902,0.000587075633,-0.020734661085
0.005254504700,0.022423966735,0.000340577002,-0.098793277777
0.002627252400,0.022647046202,0.000191290100,0.269490920404
0.000000000000,0.021064414014,0.000183033086,0.614956010145
