0.391460603250,-0.016047935319,-0.000049103534,0.589572056304
0.388833350880,-0.017707987637,0.000346811651,0.037965092179
0.386206098510,-0.016708943614,0.000175183405,-0.101600974855
0.383578846140,-0.017024532289,0.000182729756,0.325232725620
0.380951593770,-0.018395388958,0.000176917407,0.347223848133
0.378324341400,-0.018665205206,0.000186428360,0.232871043237
0.375697089030,-0.019468414183,0.000190673982,0.216076231926
0.373069836660,-0.019730443551,-0.000010474384,-0.154146039544
0.370442584290,-0.018701962508,-0.000006867335,-0.203619514582
0.367815331920,-0.018573183844,0.000066197192,0.132949916572
0.365188079550,-0.019346269689,0.000095710359,0.257485697630
0.362560827170,-0.019959171346,0.000127489421,0.240606070396
0.359933574800,-0.020600718008,0.000075166386,0.064780412130
0.357306322430,-0.020007052741,0.000093165730,-0.156759706613
0.354679070060,-0.019680224169,0.000081983822,-0.124123562841
0.352051817690,-0.019472423105,0.000031678202,-0.091080913828
0.349424565320,-0.019368662212,0.000106850444,-0.073455024519
0.346797312950,-0.019158517923,0.000205297011,-0.091006308819
0.344170060580,-0.018988553307,0.000411283012,-0.096013421327
0.341542808210,-0.018756388163,0.000357745428,-0.112421251154
0.338915555840,-0.018445391879,0.000439240622,-0.103315717273
0.336288303460,-0.018260712474,0.000623000402,-0.062999347801
0.333661051090,-0.018197687859,0.000866902903,-0.050422520185
0.331033798720,-0.018100927418,0.001151501922,-0.029349228712
0.328406546350,-0.018153329361,0.001462630195,-0.003809609675
0.325779293980,-0.018205227725,0.001653825178,-0.021468446126
0.323152041610,-0.018193177333,0.001818727757,-0.035524845350
0.320524789240,-0.018148647226,0.002050146614,-0.041323719931
0.317897536870,-0.018038502616,0.002256879129,-0.058324388441
0.315270284500,-0.017872226071,0.002487108750,-0.089808742523
0.312643032100,-0.017669789808,0.002640721365,-0.093584242391
0.310015779800,-0.017447894522,0.002674794927,-0.067829799150
0.307388527400,-0.017301179932,0.002740535286,-0.038552165313
0.304761275000,-0.017152005253,0.002692497107,-0.039201419139
0.302134022600,-0.016966015950,0.002609388312,-0.053899468304
0.299506770300,-0.016786458906,0.002628254388,-0.032159510230
0.296879517900,-0.016711014700,0.002559392495,-0.015457378735
0.294252265500,-0.016641878769,0.002442541520,-0.022498729298
0.291625013200,-0.016512185859,0.002379203948,-0.005555334055
0.288997760800,-0.016466399578,0.002359848557,0.004516986493
0.286370508400,-0.016425738479,0.002305359060,-0.005939541891
0.283743256000,-0.016447934099,0.002303129946,-0.007181025605
0.281116003700,-0.016428953230,0.002215691927,-0.019554043977
0.278488751300,-0.016360995770,0.002157705953,-0.001030393518
0.275861498900,-0.016390565818,0.002182141956,0.033931225216
0.273234246600,-0.016582492615,0.002206522510,0.085354129415
0.270606994200,-0.016896394335,0.002345161197,0.093479790813
0.267979741800,-0.017119332450,0.002612925218,0.047639594122
0.265352489400,-0.017185411357,0.002891875350,0.036265851004
0.262725237100,-0.017255061434,0.002970234483,0.028379165436
0.260097984700,-0.017276460707,0.003072598920,0.014693495677
0.257470732300,-0.017287254767,0.003126594101,0.015743285886
0.254843480000,-0.017232139152,0.003178164965,-0.013713716629
0.252216227600,-0.017119285540,0.003218635552,-0.016381756754
0.249588975200,-0.017034718852,0.003262299996,-0.004664869094
0.246961722900,-0.016986737914,0.003100760777,0.005187082054
0.244334470500,-0.016990820132,0.003093638735,0.019473378343
0.241707218100,-0.016968434324,0.003142553441,0.020301442783
0.239079965700,-0.016959391348,0.003133347115,0.020095568730
0.236452713400,-0.016917720730,0.003064045899,0.028601313557
0.233825461000,-0.016921469090,0.003073913893,0.021037029073
0.231198208600,-0.016859701406,0.003066623927,0.004334663817
0.228570956300,-0.016794350138,0.002951437214,0.002348276059
0.225943703900,-0.016690795105,0.002968930217,0.000670001578
0.223316451500,-0.016610064817,0.003097427370,0.063108247828
0.220689199100,-0.016873306087,0.003098220802,0.127695096158
0.218061946800,-0.017175530826,0.003069457217,0.150782685415
0.215434694400,-0.017556537956,0.003100320257,0.182139646253
0.212807442000,-0.018023709099,0.003180022655,0.164838663481
0.210180189700,-0.018308708268,0.003202396320,0.109156287597
0.207552937300,-0.018491692966,0.003209374913,0.098337504516
0.204925684900,-0.018708666533,0.003200261388,0.073339721843
0.202298432500,-0.018767238417,0.003151778895,0.054180124896
0.199671180200,-0.018893981023,0.003167386053,0.083638818987
0.197043927800,-0.019190226113,0.003360905571,0.133284134791
0.194416675400,-0.019552782346,0.003392531003,0.143360489098
0.191789423100,-0.019894230357,0.003340554532,0.139288439185
0.189162170700,-0.020174450143,0.003210222543,0.150570893569
0.186534918300,-0.020481832445,0.003071805620,0.104564682989
0.183907666000,-0.020549892331,0.002866297526,0.065660147363
0.181280413600,-0.020662793523,0.002502190710,0.095401723265
0.178653161200,-0.020882676792,0.002295193393,0.087155950829
0.176025908800,-0.021025006914,0.002111942939,0.024631697194
0.173398656500,-0.021042737884,0.001840602494,0.010721929602
0.170771404100,-0.021106703498,0.001683984114,0.025986972512
0.168144151700,-0.021177097193,0.001532376506,0.008783427570
0.165516899400,-0.021189240474,0.001305123637,-0.011015426195
0.162889647000,-0.021226465032,0.001133823510,-0.017085463499
0.160262394600,-0.021204784624,0.000982580639,-0.022300060564
0.157635142200,-0.021169629170,0.000886064147,-0.030581622488
0.155007889900,-0.021091543037,0.000936093924,-0.022296828937
0.152380637500,-0.021114900336,0.000981994110,-0.016682321688
0.149753385100,-0.021111881442,0.000966481244,-0.036481351090
0.147126132800,-0.021030201622,0.001155755832,-0.043505473732
0.144498880400,-0.020931471656,0.001275650342,-0.065107815050
0.141871628000,-0.020804225174,0.001258314445,-0.087705369051
0.139244375600,-0.020570892452,0.001241881978,-0.066649759308
0.136617123300,-0.020517923758,0.001390120530,-0.006233123623
0.133989870900,-0.020611151611,0.001599435906,0.006727636790
0.131362618500,-0.020629279220,0.001699205078,-0.022595353243
0.128735366200,-0.020639964662,0.001808319206,-0.042331721873
0.126108113800,-0.020551150563,0.002008730231,-0.120081765984
0.123480861400,-0.020133672034,0.002284577244,-0.191407500800
0.120853609000,-0.019645423225,0.002169962610,-0.175673413342
0.118226356700,-0.019242726321,0.001909641138,-0.123084327266
0.115599104300,-0.018963035867,0.001710266122,-0.072608254076
0.112971851900,-0.018813548729,0.001352745470,-0.009088282961
0.110344599600,-0.018805767738,0.000996798448,0.041068548747
0.107717347200,-0.018949451294,0.000898788567,0.073892395298
0.105090094800,-0.019177508013,0.000825255231,0.134429103799
0.102462842500,-0.019607691504,0.000805017446,0.185746108303
0.099835590100,-0.020043599520,0.000887112091,0.146503100568
0.097208337700,-0.020250259005,0.000965307256,0.085425202608
0.094581085300,-0.020320604883,0.001077764348,0.048758982344
0.091953833000,-0.020367234598,0.001205114757,0.085458626349
0.089326580600,-0.020648574858,0.001328804993,0.169849949387
0.086699328200,-0.021134869975,0.001513389984,0.198223395786
0.084072075900,-0.021504416980,0.001352426819,0.163086675095
0.081444823500,-0.021757048266,0.001242470129,0.177682987746
0.078817571100,-0.022281415768,0.001226984240,0.249316801210
0.076190318700,-0.022881072470,0.001170615342,0.222025790435
0.073563066400,-0.023200697263,0.001106489457,0.089237181971
0.070935814000,-0.023152862601,0.001121072246,0.044216059283
0.068308561600,-0.023262954089,0.001155024991,0.082965305600
0.065681309300,-0.023392982683,0.001271118923,0.078459072228
0.063054056900,-0.023512993449,0.001407101711,0.072674786278
0.060426804500,-0.023659301804,0.001367415779,0.116358199640
0.057799552100,-0.024017107934,0.001481614948,0.146240255697
0.055172299800,-0.024308247008,0.001696977192,0.095134735358
0.052545047400,-0.024392266661,0.001770910841,0.024591788665
0.049917795000,-0.024328856767,0.001661411826,-0.070951807012
0.047290542700,-0.023922632260,0.001602021473,-0.084323063008
0.044663290300,-0.023771501141,0.001614844644,0.008978372543
0.042036037900,-0.023899012666,0.001772436869,0.082665672655
0.039408785500,-0.024139654410,0.001763585617,0.069456620821
0.036781533200,-0.024279770931,0.001597969777,0.029693641812
0.034154280800,-0.024416901227,0.001547655879,0.076257554121
0.031527028400,-0.024700240011,0.001614934805,0.159467008094
0.028899776100,-0.025250763516,0.001436651674,0.158564343049
0.026272523700,-0.025576990948,0.001504741893,-0.010494950449
0.023645271300,-0.025252974397,0.001566730544,0.014541696115
0.021018019000,-0.025736392634,0.001570842520,0.234044148258
0.018390766600,-0.026525437394,0.001565022249,0.214144237993
0.015763514200,-0.026900714996,0.001603857674,0.120007779455
0.013136261800,-0.027175466716,0.001696432678,0.086562706850
0.010509009500,-0.027399399825,0.001614221606,0.093130833971
0.007881757100,-0.027620141608,0.001340065627,0.061654132097
0.005254504700,-0.027700866175,0.001191863502,-0.034957216721
0.002627252400,-0.027392670343,0.000921377712,-0.683674562894
0.000000000000,-0.023998690695,0.000537389855,-1.271123458767
