0.391460603250,0.024456124106,0.000597623070,0.077089516689
0.388833350880,0.024286290306,0.000819049836,-0.222773133342
0.386206098510,0.025696041406,0.000962026404,-0.222402804836
0.383578846140,0.025427445119,0.001025297181,0.183674683852
0.380951593770,0.024809205827,0.001097656043,0.085663804750
0.378324341400,0.025036413877,0.001228938455,-0.081974108103
0.375697089030,0.025258550452,0.001212064021,-0.024910576574
0.373069836660,0.025191190374,0.000912817378,0.011455370272
0.370442584290,0.025291070044,0.000825702489,0.065381091967
0.367815331920,0.024934178474,0.000712866177,0.285371808262
0.365188079550,0.024008160381,0.000752555115,-0.015263594340
0.362560827170,0.025422949810,0.000720429974,-0.333389962542
0.359933574800,0.025910097344,0.000595896492,-0.112190218853
0.357306322430,0.025942747887,0.000691027917,0.007658349961
0.354679070060,0.026035776316,0.000764381182,-0.004245000260
0.352051817690,0.026194394418,0.000898515765,-0.028278347067
0.349424565320,0.026354403222,0.000985847944,-0.014643620285
0.346797312950,0.026525065449,0.000980391036,-0.016802719011
0.344170060580,0.026777641316,0.000966887482,-0.008618144715
0.341542808210,0.026885853620,0.001066679085,0.009749161996
0.338915555840,0.026947868251,0.000989601472,0.029192242606
0.336288303460,0.026932939366,0.000983835594,0.020980306352
0.333661051090,0.026978056066,0.001016788724,-0.001761150411
0.331033798720,0.027047562888,0.000930092024,0.005325914240
0.328406546350,0.027071622616,0.000899399606,0.014190923313
0.325779293980,0.027124552793,0.000900470037,-0.018036966726
0.323152041610,0.027312789754,0.000889592198,-0.045289127428
0.320524789240,0.027459891566,0.000989300870,-0.036483838405
0.317897536870,0.027526574593,0.001226067294,-0.037546611850
0.315270284500,0.027586759347,0.001504178424,-0.041939721899
0.312643032100,0.027584477435,0.001699019581,-0.022928959278
0.310015779800,0.027572648274,0.002031308874,-0.053214902254
0.307388527400,0.027682094545,0.002487078680,-0.051540899050
0.304761275000,0.027773522453,0.002755842749,-0.039146714350
0.302134022600,0.027804994453,0.003009720625,-0.049057723556
0.299506770300,0.027874092547,0.003377050487,-0.036659389658
0.296879517900,0.027836281205,0.003629569323,0.007277318325
0.294252265500,0.027794219556,0.003670299049,-0.011362850070
0.291625013200,0.027908110765,0.003733875886,-0.026260126863
0.288997760800,0.027900533174,0.003801059045,0.013657733641
0.286370508400,0.027827624332,0.003682646254,0.044448128349
0.283743256000,0.027786673455,0.003520506118,0.028467531080
0.281116003700,0.027805269451,0.003514478379,0.016012294089
0.278488751300,0.027841635257,0.003424167585,0.031869461679
0.275861498900,0.027762685526,0.003360358869,0.045505185435
0.273234246600,0.027718340339,0.003217181738,0.028268974175
0.270606994200,0.027702824232,0.003046420448,0.033737076386
0.267979741800,0.027598987802,0.002948812326,0.066948711303
0.265352489400,0.027396939199,0.002749088486,0.072793560811
0.262725237100,0.027303128729,0.002629133809,0.039071144312
0.260097984700,0.027287837009,0.002432130401,0.048793166258
0.257470732300,0.027049442987,0.002295441936,0.069308916746
0.254843480000,0.026888048017,0.002261881047,0.035068214796
0.252216227600,0.026818619384,0.002250181818,0.007376525183
0.249588975200,0.026792707279,0.002479903760,0.004737209924
0.246961722900,0.026781353815,0.002792284429,0.004842148773
0.244334470500,0.026807322937,0.003003716216,-0.014987968134
0.241707218100,0.026898878162,0.003117501624,-0.018410776400
0.239079965700,0.027026422434,0.003197672296,-0.020625794047
0.236452713400,0.027105003825,0.003288855566,0.007505844545
0.233825461000,0.027092696033,0.003286456725,-0.013279983228
0.231198208600,0.027200061915,0.003110076933,-0.023009981243
0.228570956300,0.027270863098,0.003023747929,0.013932033095
0.225943703900,0.027225088478,0.003024234349,0.017910011478
0.223316451500,0.027261615481,0.002967000310,-0.005180115378
0.220689199100,0.027292542304,0.002889610185,0.009399408125
0.218061946800,0.027269288119,0.002830715902,0.004236980333
0.215434694400,0.027297899450,0.002849250002,0.000663481293
0.212807442000,0.027299585751,0.002827106835,0.059499331732
0.210180189700,0.027034427231,0.002601692341,0.126929213603
0.207552937300,0.026672426446,0.002441856884,0.128309571824
0.204925684900,0.026413064872,0.002232673938,0.096558936422
0.202298432500,0.026215973982,0.002101855898,0.068125174164
0.199671180200,0.026049013763,0.002058123241,0.046809970940
0.197043927800,0.025941527286,0.002059092173,0.038993430550
0.194416675400,0.025846287943,0.002083902246,0.016628528565
0.191789423100,0.025802278831,0.002087509204,-0.016979119694
0.189162170700,0.025904991914,0.002053756254,-0.025222998221
0.186534918300,0.025884224756,0.002188281074,0.010364934790
0.183907666000,0.025779265038,0.002299186876,-0.005264393248
0.181280413600,0.025820009325,0.002393920278,-0.019725442122
0.178653161200,0.025788538891,0.002558019080,0.021152109505
0.176025908800,0.025624616196,0.002612007700,0.042027258840
0.173398656500,0.025542353845,0.002694923984,0.014574898571
0.170771404100,0.025519737924,0.002615557017,-0.000162491015
0.168144151700,0.025486040611,0.002515818118,0.002494888996
0.165516899400,0.025463702344,0.002439695924,0.054561517257
0.162889647000,0.025203631729,0.002308988933,0.111815084660
0.160262394600,0.024891769001,0.002204062856,0.128031682198
0.157635142200,0.024557096061,0.002096087247,0.178207685519
0.155007889900,0.024024542598,0.001967234286,0.182291107605
0.152380637500,0.023640970320,0.001755060516,0.100546137973
0.149753385100,0.023455667315,0.001625310750,0.018617754823
0.147126132800,0.023462197195,0.001444457334,0.004773614717
0.144498880400,0.023389515481,0.001275430716,0.058301155870
0.141871628000,0.023153889557,0.001127025302,0.077936180736
0.139244375600,0.022986660949,0.000871373664,0.078130290478
0.136617123300,0.022757669287,0.000922809511,0.096688216940
0.133989870900,0.022461009215,0.000819183375,0.045967005331
0.131362618500,0.022425798658,0.000648747634,-0.043853625194
0.128735366200,0.022661492544,0.000523266612,-0.168327298646
0.126108113800,0.023160093011,0.000498287032,-0.261226748401
0.123480861400,0.023919232167,0.000526418152,-0.239348777803
0.120853609000,0.024335931652,0.000491791212,-0.174830785471
0.118226356700,0.024751368933,0.000648026269,-0.189053011237
0.115599104300,0.025238519163,0.000783211449,-0.197310919565
0.112971851900,0.025717753837,0.000803660458,-0.195595262235
0.110344599600,0.026177387223,0.000778164841,-0.111905796262
0.107717347200,0.026267103016,0.000751156748,0.022599825177
0.105090094800,0.026085319084,0.000735984775,0.105361334190
0.102462842500,0.025826351746,0.000670626411,0.164793062761
0.099835590100,0.025368286796,0.000665624429,0.187715893935
0.097208337700,0.024970695043,0.000773066504,0.151527523579
0.094581085300,0.024725430971,0.000784721672,0.085175603713
0.091953833000,0.024711713290,0.000906896077,0.016566662374
0.089326580600,0.024820221952,0.000783612917,0.039743684807
0.086699328200,0.024707742582,0.000692071183,0.112286570260
0.084072075900,0.024481500168,0.000691079953,0.169536939617
0.081444823500,0.024118930332,0.000589255231,0.251449768393
0.078817571100,0.023530646014,0.000628141901,0.285450363060
0.076190318700,0.023033227543,0.000739621616,0.251469074814
0.073563066400,0.022596116714,0.000780685745,0.268320916935
0.070935814000,0.022063506102,0.000727003438,0.306573474785
0.068308561600,0.021486514618,0.000833942769,0.302578888966
0.065681309300,0.020901973822,0.000835732687,0.267654135683
0.063054056900,0.020391811079,0.001031680554,0.242318883319
0.060426804500,0.020054952064,0.001033847696,0.175928766188
0.057799552100,0.019749276094,0.000933364678,0.141269753580
0.055172299800,0.019655902486,0.001059973480,0.108732700719
0.052545047400,0.019465456708,0.001179999802,0.101463446745
0.049917795000,0.019312331124,0.001110330677,0.055455082834
0.047290542700,0.019324942035,0.001153686252,0.004836602029
0.044663290300,0.019366924076,0.001181920595,-0.019068290631
0.042036037900,0.019425300784,0.001249853265,-0.042682421857
0.039408785500,0.019523690462,0.001237319631,-0.010179340852
0.036781533200,0.019477836411,0.001127618253,0.026311838545
0.034154280800,0.019347561913,0.001138955562,0.085044069175
0.031527028400,0.018930489464,0.001064962084,0.119405028781
0.028899776100,0.018661026494,0.000928019097,0.107828734492
0.026272523700,0.018352249548,0.000951294790,0.216621417260
0.023645271300,0.017497224086,0.000868115597,0.158325754653
0.021018019000,0.017420406769,0.000893541656,0.019190822213
0.018390766600,0.017417102000,0.001008163745,-0.026859584984
0.015763514200,0.017578213231,0.001235130266,0.002108931197
0.013136261800,0.017489285516,0.001202516035,0.012504488690
0.010509009500,0.017593255423,0.001164413684,-0.011464982266
0.007881757100,0.017621137214,0.000843111852,0.014588061514
0.005254504700,0.017585411653,0.000571607226,0.006892973344
0.002627252400,0.017623617953,0.000516924590,0.164982047639
0.000000000000,0.016739901716,0.000668893988,0.365416736012
