0.391460603250,0.047252219532,0.001052748583,0.262610962259
0.388833350880,0.048112456161,0.001020472614,-0.057304688576
0.386206098510,0.048565961047,0.001617535945,-0.184527106885
0.383578846140,0.050167821723,0.001980074270,0.109269273132
0.380951593770,0.050802257746,0.002106422509,-0.002501658911
0.378324341400,0.049973125279,0.002178468539,-0.254847614559
0.375697089030,0.050751620133,0.002091855367,-0.312114244525
0.373069836660,0.050347494905,0.002029657815,-0.280050105214
0.370442584290,0.049950823999,0.001956349175,-0.020679192621
0.367815331920,0.050334478955,0.001757794617,-0.009718877821
0.365188079550,0.052802970965,0.001688101719,-0.319752609673
0.362560827170,0.053949309375,0.001560888684,-0.260862727089
0.359933574800,0.054648391789,0.001408151902,-0.070851457045
0.357306322430,0.055148786710,0.001336070992,-0.444161075428
0.354679070060,0.056119638059,0.001469461893,-0.455660914332
0.352051817690,0.056434337980,0.001446793916,0.036213994195
0.349424565320,0.056778519794,0.001201748508,0.150010035880
0.346797312950,0.057035915523,0.000962947490,0.170426760453
0.344170060580,0.056941485230,0.000692463464,0.113397207034
0.341542808210,0.057358363391,0.000439532789,0.027717313416
0.338915555840,0.057320391031,0.000405898161,0.009917707113
0.336288303460,0.057282415305,0.000426518015,0.038518965118
0.333661051090,0.057202733175,0.000491133181,0.021143104263
0.331033798720,0.056985414863,0.000563393279,0.044887614408
0.328406546350,0.056826048800,0.000733932488,0.016764240827
0.325779293980,0.056631039221,0.000921024292,0.002196260241
0.323152041610,0.056457016548,0.001022098000,-0.021763028036
0.320524789240,0.056176169848,0.000981297361,-0.054041710329
0.317897536870,0.056006442644,0.001011216241,-0.031210145870
0.315270284500,0.055927867443,0.001015654532,0.009102855631
0.312643032100,0.055713681423,0.001053939700,0.059555268734
0.310015779800,0.055602622149,0.001038990436,0.088035127502
0.307388527400,0.055499566143,0.000981581124,0.061833285706
0.304761275000,0.055430329828,0.000934177553,0.019012313471
0.302134022600,0.055265705062,0.000774872184,0.015406847234
0.299506770300,0.055092250317,0.000647649775,0.004872227850
0.296879517900,0.054875771397,0.000629508179,-0.001068127439
0.294252265500,0.054776178762,0.000609676293,0.004612236831
0.291625013200,0.054814188961,0.000793577775,-0.009397886209
0.288997760800,0.054902850515,0.000957033336,0.036738946371
0.286370508400,0.055111319627,0.000989759892,0.091223448988
0.283743256000,0.055302917567,0.000995673576,0.123732837817
0.281116003700,0.055412174456,0.000918358929,0.199864673920
0.278488751300,0.055596052362,0.000954775550,0.208154117202
0.275861498900,0.055716955226,0.001046748743,0.167829784061
0.273234246600,0.055659840791,0.001082647924,0.103034970545
0.270606994200,0.055777372689,0.001080299838,0.008526259878
0.267979741800,0.055873623049,0.000881102726,-0.015815904439
0.265352489400,0.055850979714,0.000615955971,0.006322581195
0.262725237100,0.055984782316,0.000510073834,0.045287592838
0.260097984700,0.056169953005,0.000549976723,0.067441733567
0.257470732300,0.056146133907,0.000443480223,0.121252082562
0.254843480000,0.056072578437,0.000240911177,0.182571514175
0.252216227600,0.055891048256,0.000194123174,0.169511142157
0.249588975200,0.055647365939,0.000266410925,0.093420035495
0.246961722900,0.055414492143,0.000384044674,0.083353755771
0.244334470500,0.055283677526,0.000321569452,0.085992793471
0.241707218100,0.055089151975,0.000249468741,0.036470246832
0.239079965700,0.054828036827,0.000099934243,-0.018573448501
0.236452713400,0.054623236359,-0.000000479637,-0.030033653449
0.233825461000,0.054538427661,-0.000104818604,-0.036740017197
0.231198208600,0.054314882788,-0.000125134584,-0.071597513006
0.228570956300,0.054101754135,-0.000307946404,-0.096802109678
0.225943703900,0.053905375566,-0.000333552496,-0.081475905561
0.223316451500,0.053782303227,-0.000286359932,-0.055672770195
0.220689199100,0.053666660500,-0.000384770826,-0.009418731226
0.218061946800,0.053439681450,-0.000395242490,0.049442349014
0.215434694400,0.053124777556,-0.000482010897,0.087259878068
0.212807442000,0.052751537778,-0.000551204826,0.064017548863
0.210180189700,0.052410556576,-0.000431944534,0.043170263163
0.207552937300,0.052167850089,-0.000245162536,0.048571132729
0.204925684900,0.051991421219,-0.000024467022,0.068461049438
0.202298432500,0.051890081810,0.000187508616,0.055977135036
0.199671180200,0.051947468307,0.000401924718,-0.003165815710
0.197043927800,0.051938797556,0.000619193475,0.009144293667
0.194416675400,0.051854301438,0.000707996110,0.006800620328
0.191789423100,0.051988305643,0.000992027770,-0.004723087598
0.189162170700,0.052316494494,0.001220297340,0.010390463840
0.186534918300,0.052524869505,0.001372026769,0.001340167793
0.183907666000,0.052620798924,0.001449116808,0.019174024209
0.181280413600,0.052615112730,0.001549044810,0.035539782099
0.178653161200,0.052654797225,0.001640196665,0.042376469144
0.176025908800,0.052768977375,0.001759730521,0.092299557331
0.173398656500,0.052861395909,0.001946262109,0.133504927236
0.170771404100,0.052864497610,0.002059401854,0.141156185676
0.168144151700,0.052873057109,0.002140004115,0.035754903243
0.165516899400,0.052840621785,0.002191667701,-0.037548572648
0.162889647000,0.052781786107,0.002322872138,-0.037547605269
0.160262394600,0.052602849143,0.002454155193,0.010385879733
0.157635142200,0.052590336778,0.002330706064,0.048848825891
0.155007889900,0.052567365285,0.002223267142,0.045597369565
0.152380637500,0.052451122418,0.002330646838,0.038507168096
0.149753385100,0.052341313213,0.002445030950,0.043503294966
0.147126132800,0.052495001692,0.002344862155,0.006966773341
0.144498880400,0.052726478240,0.002221709081,-0.042817469159
0.141871628000,0.053069815039,0.002119506453,-0.071488164566
0.139244375600,0.053437879840,0.001933359536,-0.046647317207
0.136617123300,0.053926779238,0.001963268667,-0.029940326968
0.133989870900,0.054438543379,0.001795183664,-0.039391039794
0.131362618500,0.054915363075,0.001605402635,-0.029142768349
0.128735366200,0.055296944367,0.001531757845,-0.069069591426
0.126108113800,0.055524844467,0.001635144746,-0.046741324460
0.123480861400,0.055777494724,0.001800131620,-0.029447342533
0.120853609000,0.055835994566,0.001865752819,-0.033082938189
0.118226356700,0.055700547521,0.001834695809,-0.002169821785
0.115599104300,0.055417665396,0.001688564159,0.043990326453
0.112971851900,0.055086617401,0.001520031956,0.082068006641
0.110344599600,0.054617276004,0.001407772223,0.124350848218
0.107717347200,0.054168783083,0.001345438349,0.110825196265
0.105090094800,0.053721348985,0.001196340724,0.098921632344
0.102462842500,0.053189012376,0.000991420328,0.088118431541
0.099835590100,0.052766987211,0.000946718855,0.057560568940
0.097208337700,0.052550969966,0.000903071548,-0.022794963449
0.094581085300,0.052294416101,0.000898899802,-0.089807330508
0.091953833000,0.051805448619,0.000767853498,-0.076464046870
0.089326580600,0.051451002122,0.000694904804,-0.057162815188
0.086699328200,0.051151337247,0.000723359971,0.010837411489
0.084072075900,0.051031593308,0.000381908552,0.093821235573
0.081444823500,0.051053426552,0.000121595718,0.091177098786
0.078817571100,0.051228963010,0.000066345912,0.028050584353
0.076190318700,0.051492033129,0.000085475277,-0.042243609749
0.073563066400,0.051629411996,0.000049992825,-0.058072021387
0.070935814000,0.051828461919,0.000273459851,-0.028818288742
0.068308561600,0.052147584693,0.000490896865,0.013611019885
0.065681309300,0.052450554936,0.000570380400,0.044044766289
0.063054056900,0.052476354867,0.000594017852,0.025494152061
0.060426804500,0.052293010178,0.000667027377,0.074547424576
0.057799552100,0.051872174553,0.000568157555,0.140831455837
0.055172299800,0.051491849564,0.000506085946,0.071098867669
0.052545047400,0.051195242724,0.000445176974,0.056797495507
0.049917795000,0.050760728358,0.000457768135,0.132510001949
0.047290542700,0.050151005636,0.000622910014,0.112912937825
0.044663290300,0.049733756778,0.000863531169,0.067069296870
0.042036037900,0.049335377569,0.001004162126,0.089910778947
0.039408785500,0.049041325643,0.001154909904,0.074496487285
0.036781533200,0.048815279093,0.001284742051,0.091034560069
0.034154280800,0.048693287873,0.001330036542,0.071390456765
0.031527028400,0.048718908835,0.001247122194,0.016541983582
0.028899776100,0.048896584012,0.001271328593,0.021262702271
0.026272523700,0.048991978210,0.001102297712,-0.005257699619
0.023645271300,0.049110357296,0.000986154063,-0.026216077394
0.021018019000,0.049157191318,0.000745311812,-0.021261431212
0.018390766600,0.049245423715,0.000883990828,-0.035935936813
0.015763514200,0.049304951373,0.000812273534,0.011963592586
0.013136261800,0.049167721570,0.000822448810,0.084517903151
0.010509009500,0.049213454802,0.000786830744,0.084150845195
0.007881757100,0.049166246652,0.000828840330,0.008867750650
0.005254504700,0.049503857051,0.000614686206,-0.051906851675
0.002627252400,0.049616363350,0.000668680791,0.662619253637
0.000000000000,0.041538488160,0.000630885013,1.357178109141
