0.391460603250,-0.027014371122,0.000254979516,-0.128472974787
0.388833350880,-0.029214876171,0.000295137490,-0.057304431331
0.386206098510,-0.027703088294,0.000608330576,0.097577506049
0.383578846140,-0.026492712822,0.000705058463,0.074465350972
0.380951593770,-0.027442797971,0.000875683696,0.071061431165
0.378324341400,-0.027027626140,0.001001353764,0.357740563134
0.375697089030,-0.027830031955,0.001061835095,0.299888098835
0.373069836660,-0.029224051703,0.001138972104,0.109395498319
0.370442584290,-0.029613475064,0.001254999959,0.173720887769
0.367815331920,-0.029998024590,0.001350238354,0.070023546986
0.365188079550,-0.029876390797,0.001432213926,-0.035073236989
0.362560827170,-0.030432415048,0.001412112976,-0.027048204445
0.359933574800,-0.030870280066,0.001483262912,-0.133055849392
0.357306322430,-0.030168502179,0.001617276749,-0.313599401228
0.354679070060,-0.029403514201,0.001784567272,-0.183877770434
0.352051817690,-0.028973382939,0.001986100533,0.055547572531
0.349424565320,-0.029025509677,0.002364261953,0.054848197950
0.346797312950,-0.028094374445,0.002409661692,-0.097773572490
0.344170060580,-0.028529042142,0.002443027213,-0.127527630367
0.341542808210,-0.028630152198,0.002387743542,-0.104765145870
0.338915555840,-0.028710657151,0.002212971796,-0.058218954186
0.336288303460,-0.029003528112,0.001856115860,0.005273363415
0.333661051090,-0.028495518603,0.001566663752,0.062280259151
0.331033798720,-0.029390800824,0.001363297996,0.045094281130
0.328406546350,-0.029609629842,0.001171722005,0.070479440727
0.325779293980,-0.029744517286,0.001140545097,0.114128407776
0.323152041610,-0.029876271368,0.001354204197,0.110017226694
0.320524789240,-0.030013162794,0.001359467706,0.132277890525
0.317897536870,-0.030146566163,0.001314252507,0.146020686609
0.315270284500,-0.030246343747,0.001436147252,0.091072005213
0.312643032100,-0.030426873252,0.001617342734,0.042230468597
0.310015779800,-0.030460070227,0.001598616632,0.025177737385
0.307388527400,-0.030425379497,0.001454796364,0.024306561442
0.304761275000,-0.030547454856,0.001378769344,0.025936887050
0.302134022600,-0.030731533862,0.001358363391,0.055309106967
0.299506770300,-0.030920101330,0.001347232079,0.066851596461
0.296879517900,-0.031123482093,0.001334587112,0.048214534871
0.294252265500,-0.031312733673,0.001408714604,0.060245315145
0.291625013200,-0.031316514294,0.001525255256,0.098639148421
0.288997760800,-0.031315514380,0.001700695238,0.118930438545
0.286370508400,-0.031289795823,0.001853897158,0.098121844742
0.283743256000,-0.031359978224,0.002102592583,0.074451865132
0.281116003700,-0.031412522956,0.002305448095,0.087246432198
0.278488751300,-0.031370732128,0.002400518775,0.069011325860
0.275861498900,-0.031407245831,0.002355679486,0.089763390887
0.273234246600,-0.031525458386,0.002452297315,0.110283375452
0.270606994200,-0.031682573590,0.002511126462,0.103727397886
0.267979741800,-0.031714225086,0.002441922430,0.092164720622
0.265352489400,-0.031489307370,0.002414788882,0.080451021123
0.262725237100,-0.031198291380,0.002470968375,0.067442025939
0.260097984700,-0.030933704409,0.002567185011,0.024863906570
0.257470732300,-0.030772790416,0.002648201697,-0.060490194516
0.254843480000,-0.030514587131,0.002557059325,-0.078207833517
0.252216227600,-0.030299378241,0.002439460088,-0.025489753379
0.249588975200,-0.030128199303,0.002358578163,0.020140561486
0.246961722900,-0.030138774028,0.002223917658,0.065347804589
0.244334470500,-0.030278547077,0.002152812618,0.098653967195
0.241707218100,-0.030489331572,0.001981224880,0.105987285611
0.239079965700,-0.030690787341,0.001849880369,0.071274003919
0.236452713400,-0.030796850688,0.001791369223,0.031882529793
0.233825461000,-0.030863553526,0.001752822389,0.009570803383
0.231198208600,-0.030972721074,0.001584902922,0.001351298787
0.228570956300,-0.031014155603,0.001345749691,0.016642381231
0.225943703900,-0.031117574947,0.001238806000,0.040015552386
0.223316451500,-0.031237285914,0.001084800482,0.048977337425
0.220689199100,-0.031217690199,0.000701789640,0.052370218224
0.218061946800,-0.031143704502,0.000543659716,0.106057493595
0.215434694400,-0.031131191796,0.000381250774,0.174637769908
0.212807442000,-0.031094858195,0.000140061521,0.183391084129
0.210180189700,-0.030964749354,0.000191231794,0.183174629537
0.207552937300,-0.030939072140,0.000349000139,0.161655608675
0.204925684900,-0.030848788260,0.000507101964,0.113500950773
0.202298432500,-0.030691223947,0.000489047232,0.103418470743
0.199671180200,-0.030628346960,0.000728658486,0.131037509314
0.197043927800,-0.030520503942,0.000992960924,0.103991467823
0.194416675400,-0.030418990353,0.001245441146,0.086274698711
0.191789423100,-0.030259774393,0.001480523795,0.107714182097
0.189162170700,-0.030181608331,0.001835108165,0.100444326812
0.186534918300,-0.030136918498,0.002170477878,0.053012452865
0.183907666000,-0.030045770300,0.002367634495,0.023795660681
0.181280413600,-0.029919924705,0.002603558768,0.050903275112
0.178653161200,-0.029906095371,0.002851441052,0.072266454050
0.176025908800,-0.029959388190,0.003083830225,0.098533469402
0.173398656500,-0.029907097707,0.003376102626,0.106389165103
0.170771404100,-0.029866346256,0.003563997698,0.094973871755
0.168144151700,-0.029943705543,0.003714153044,0.074133488498
0.165516899400,-0.030083325650,0.003888004382,0.071147892409
0.162889647000,-0.030074033517,0.003972900243,0.072922835316
0.160262394600,-0.030124101971,0.004157135502,0.051533062834
0.157635142200,-0.030256382612,0.004225272006,0.031420449362
0.155007889900,-0.030375358025,0.004082405353,-0.010575585716
0.152380637500,-0.030366416665,0.003868041049,-0.038859222281
0.149753385100,-0.030405820964,0.003700335499,-0.020900587997
0.147126132800,-0.030509436819,0.003438410988,0.009511398260
0.144498880400,-0.030497668310,0.003239431821,-0.003595217706
0.141871628000,-0.030471453781,0.003125237894,0.023718063751
0.139244375600,-0.030529954791,0.003167529327,0.064094733981
0.136617123300,-0.030496334820,0.003249548986,0.023817463747
0.133989870900,-0.030233586307,0.003278211539,-0.049246335862
0.131362618500,-0.029958786856,0.003275370137,-0.097009535238
0.128735366200,-0.029778179565,0.003143671254,-0.111334555724
0.126108113800,-0.029541104778,0.003031221563,-0.079108153042
0.123480861400,-0.029406874644,0.002899049805,-0.058115501330
0.120853609000,-0.029440151823,0.002669591116,-0.048975489287
0.118226356700,-0.029538125897,0.002526794488,-0.074081138874
0.115599104300,-0.029708112669,0.002456502644,-0.062396567450
0.112971851900,-0.029952857104,0.002244786641,-0.086978205468
0.110344599600,-0.030188038698,0.002075783506,-0.053995744329
0.107717347200,-0.030531914590,0.001783181015,0.001956261570
0.105090094800,-0.030836367971,0.001636712459,0.020204069429
0.102462842500,-0.031346885151,0.001692164902,0.053325196624
0.099835590100,-0.031886291437,0.001698184053,0.066076948082
0.097208337700,-0.032278258441,0.001708621827,0.051130331276
0.094581085300,-0.032555222461,0.001729363519,0.021281003525
0.091953833000,-0.032849494001,0.001753573041,-0.008958493985
0.089326580600,-0.033020355734,0.001936309743,-0.025734982699
0.086699328200,-0.033054411402,0.002142584074,-0.025370572657
0.084072075900,-0.033124218032,0.002173711256,-0.001361776043
0.081444823500,-0.033114740053,0.002037668102,0.087198666524
0.078817571100,-0.033027733174,0.002024303711,0.128339551442
0.076190318700,-0.032876784596,0.002118731537,0.085535186765
0.073563066400,-0.032748017286,0.002183159320,0.029710928272
0.070935814000,-0.032578239306,0.002131918634,0.045819917411
0.068308561600,-0.032383239933,0.002188474417,0.026320955890
0.065681309300,-0.031846155965,0.002223452984,0.001920425820
0.063054056900,-0.031545720414,0.002339279626,0.018228249024
0.060426804500,-0.031357282326,0.002517826453,0.057438149981
0.057799552100,-0.031219276288,0.002627706958,0.106218570824
0.055172299800,-0.031197609447,0.002646133837,0.142660841202
0.052545047400,-0.031150009752,0.002655110422,0.175288341165
0.049917795000,-0.031348831140,0.002727523100,0.106926116752
0.047290542700,-0.031483262566,0.002719638033,0.006932835881
0.044663290300,-0.031723761133,0.002756986919,-0.046518567610
0.042036037900,-0.032044738214,0.002779700567,-0.111557456661
0.039408785500,-0.032376570737,0.002856072494,-0.108300462050
0.036781533200,-0.032633701604,0.002957626623,-0.019299018544
0.034154280800,-0.032947738342,0.003078214235,0.015985016511
0.031527028400,-0.033364239484,0.003108093335,0.035297995978
0.028899776100,-0.033697586964,0.002952326499,0.017382427900
0.026272523700,-0.033930175543,0.002607047365,-0.346458612374
0.023645271300,-0.033266338201,0.002513087517,-0.022179484828
0.021018019000,-0.033844579065,0.002717706506,0.338506868763
0.018390766600,-0.033845679764,0.002782063200,-0.014020208007
0.015763514200,-0.034137957947,0.002865254836,-0.056549542206
0.013136261800,-0.034574440913,0.002966107566,-0.058303896507
0.010509009500,-0.034747559266,0.002764230391,-0.089827177648
0.007881757100,-0.034964301773,0.002668508490,-0.114649656281
0.005254504700,-0.034987926860,0.002525278907,-0.283555882026
0.002627252400,-0.034553484043,0.002214838537,-0.565645449516
0.000000000000,-0.030353916423,0.001605718962,-0.697889914644
