0.391460603250,-0.013239481485,0.000522145666,-0.242264997287
0.388833350880,-0.009615740166,0.000812495808,-0.124354118545
0.386206098510,-0.012111485034,0.001083233776,-0.023686519471
0.383578846140,-0.012206564096,0.001324814922,0.370468377063
0.380951593770,-0.012577991078,0.001468582687,0.491573461085
0.378324341400,-0.013208833513,0.001682401584,-0.114717177154
0.375697089030,-0.014639349379,0.001848494892,-0.226924375624
0.373069836660,-0.014459351978,0.001997182947,-0.345280062133
0.370442584290,-0.013680414745,0.002173514075,-0.468098848022
0.367815331920,-0.012775910047,0.002367975471,-0.141081119028
0.365188079550,-0.012159367547,0.002419174664,0.027149884685
0.362560827170,-0.012222707445,0.002475634744,0.004983080995
0.359933574800,-0.011472291679,0.002793345979,-0.108969045884
0.357306322430,-0.011066514118,0.002938340841,0.052571569903
0.354679070060,-0.010874944551,0.002948491842,-0.095114469132
0.352051817690,-0.010662304829,0.003016194692,-0.222886130439
0.349424565320,-0.010421766242,0.003088984593,-0.037347223931
0.346797312950,-0.010243503340,0.003259405582,-0.038921485431
0.344170060580,-0.009956514914,0.003332136730,0.003350663598
0.341542808210,-0.009910142562,0.003324649295,0.007091854418
0.338915555840,-0.009990870926,0.003188635957,-0.128313369721
0.336288303460,-0.009793768283,0.003494024632,-0.023682384908
0.333661051090,-0.009893450104,0.003480471548,0.048742854552
0.331033798720,-0.009957956388,0.003478435936,0.045927723187
0.328406546350,-0.010114791398,0.003490257115,0.043827436357
0.325779293980,-0.010295091226,0.003507287083,0.055679668284
0.323152041610,-0.010454186424,0.003586417447,0.057905096448
0.320524789240,-0.010568094980,0.003716047916,0.065790092064
0.317897536870,-0.010748517166,0.003728682734,0.036503839203
0.315270284500,-0.010928719707,0.003691043223,0.037820539732
0.312643032100,-0.011035854541,0.003749823393,0.085342234490
0.310015779800,-0.011154418467,0.003695673803,0.082510645573
0.307388527400,-0.011316724885,0.003431115143,0.065490192260
0.304761275000,-0.011390868171,0.003401442724,0.313733950011
0.302134022600,-0.012991487780,0.003025033913,-0.131426680218
0.299506770300,-0.011482096399,0.003026943764,-0.271001858449
0.296879517900,-0.011503233322,0.002909320109,0.034223837260
0.294252265500,-0.011528224828,0.002966781725,0.028122542475
0.291625013200,-0.011460827793,0.002978246921,0.052787506005
0.288997760800,-0.011263189270,0.002913708298,0.048368727303
0.286370508400,-0.011118740598,0.003015771160,0.002708919810
0.283743256000,-0.011013687143,0.003177677484,0.015858050169
0.281116003700,-0.010933271011,0.003203292942,0.031612029540
0.278488751300,-0.010875362947,0.003199654465,0.038531936364
0.275861498900,-0.010661989225,0.003175039966,0.069336603109
0.273234246600,-0.010467611143,0.003049194134,0.053460557302
0.270606994200,-0.010485903955,0.003006578430,-0.034842199280
0.267979741800,-0.010457699820,0.003023543775,-0.050847185289
0.265352489400,-0.010449220128,0.003066174427,-0.008735840531
0.262725237100,-0.010501069045,0.002922129701,0.050842274496
0.260097984700,-0.010679994762,0.002715434131,0.078397477727
0.257470732300,-0.010899391501,0.002628449967,0.039279681692
0.254843480000,-0.011106188103,0.002482054520,0.052133162318
0.252216227600,-0.011384724672,0.002365760914,0.084683434063
0.249588975200,-0.011596713533,0.002239517585,0.062659264770
0.246961722900,-0.011769937353,0.002102324321,0.101671773302
0.244334470500,-0.011980326619,0.001949314801,0.142671531375
0.241707218100,-0.012128197049,0.001766296348,0.080556497928
0.239079965700,-0.012270711206,0.001488638245,0.006219979752
0.236452713400,-0.012446485603,0.001308679387,-0.037147121348
0.233825461000,-0.012586766712,0.001101404995,-0.041607004092
0.231198208600,-0.012681476311,0.000881435088,-0.001541829603
0.228570956300,-0.012831097696,0.000689299168,0.020907513401
0.225943703900,-0.012984671256,0.000572638881,0.006740107811
0.223316451500,-0.013199170950,0.000579961682,0.002744996384
0.220689199100,-0.013534947272,0.000630039513,0.059670554941
0.218061946800,-0.013859968699,0.000677554039,0.133726937999
0.215434694400,-0.014244370747,0.000848543701,0.179976612592
0.212807442000,-0.014761707232,0.000943535755,0.198133017492
0.210180189700,-0.015173600161,0.000839867646,0.193955318690
0.207552937300,-0.015487489221,0.000825024623,0.190582508905
0.204925684900,-0.015692258710,0.000864558863,0.170733874455
0.202298432500,-0.015771735462,0.000985161758,0.186549151059
0.199671180200,-0.015822182626,0.001078958852,0.192800874506
0.197043927800,-0.015846332818,0.001209744948,0.135779980243
0.194416675400,-0.015838259707,0.001456157685,0.131663530807
0.191789423100,-0.015630133043,0.001808772061,0.151093815793
0.189162170700,-0.015545759732,0.002106263942,0.104279249170
0.186534918300,-0.015473820560,0.002258790714,0.050774293535
0.183907666000,-0.015336156963,0.002382014884,0.034661379109
0.181280413600,-0.015235523478,0.002560914876,0.071113264560
0.178653161200,-0.015201254704,0.002688410613,0.129428605003
0.176025908800,-0.015147705732,0.002691185441,0.114742244183
0.173398656500,-0.015058445511,0.002644330920,0.087780477326
0.170771404100,-0.015076032351,0.002764449511,0.101412836435
0.168144151700,-0.015057867318,0.002938566057,0.070098121698
0.165516899400,-0.015048645283,0.002999859397,0.014934389659
0.162889647000,-0.015015024079,0.002986101706,-0.009740108027
0.160262394600,-0.014988637055,0.002917687930,0.004079851322
0.157635142200,-0.014969334603,0.002934976936,0.055182934526
0.155007889900,-0.014907189629,0.003014794566,0.090655383894
0.152380637500,-0.014919933099,0.003001917711,0.127243746944
0.149753385100,-0.014857541988,0.003096828280,0.146626274626
0.147126132800,-0.014558071309,0.003059282946,0.160675734040
0.144498880400,-0.014194771038,0.002883560870,0.139484087592
0.141871628000,-0.013852598653,0.002772513210,0.047118250297
0.139244375600,-0.013368905622,0.002681521258,-0.002752698798
0.136617123300,-0.013008446538,0.002520341348,-0.018430889775
0.133989870900,-0.012478803323,0.002348972161,-0.063462202079
0.131362618500,-0.012031349545,0.002112671394,-0.031694140615
0.128735366200,-0.011824857033,0.001681657122,-0.016553026056
0.126108113800,-0.011717417591,0.001387358549,-0.090094432562
0.123480861400,-0.011574668873,0.001163691862,-0.088935908840
0.120853609000,-0.011633360975,0.000726493108,-0.086048846789
0.118226356700,-0.011789158624,0.000432696914,-0.059442992923
0.115599104300,-0.012063594369,0.000336105113,0.052970210103
0.112971851900,-0.012468406448,0.000236428862,0.127716943802
0.110344599600,-0.012950281880,0.000271119923,0.138755033547
0.107717347200,-0.013217068248,0.000315276653,0.137210663229
0.105090094800,-0.013489932183,0.000274791491,0.092179535442
0.102462842500,-0.013799186053,0.000375728886,0.016604314119
0.099835590100,-0.014199603631,0.000447607882,-0.034556690551
0.097208337700,-0.014752612872,0.000430041739,-0.023549913148
0.094581085300,-0.015303139874,0.000399581590,-0.001872201729
0.091953833000,-0.015760533110,0.000564710125,0.036208024366
0.089326580600,-0.016236328938,0.000714416748,0.068281334207
0.086699328200,-0.016359115061,0.000624704604,0.089493248182
0.084072075900,-0.016334017947,0.000402678642,0.180607859696
0.081444823500,-0.016261443902,0.000018145088,0.251911304451
0.078817571100,-0.016178876257,-0.000319286943,0.177759538731
0.076190318700,-0.016013194257,-0.000265196499,0.006766591236
0.073563066400,-0.015832841837,0.000022701502,-0.070533437497
0.070935814000,-0.015497338869,-0.000014170087,-0.007577795142
0.068308561600,-0.015219460151,0.000191025139,0.059069060853
0.065681309300,-0.014958343647,0.000249111169,0.061324064690
0.063054056900,-0.014987610054,0.000423917674,0.036343396161
0.060426804500,-0.015248823993,0.000340738674,0.034834208112
0.057799552100,-0.015535115511,0.000364396381,0.091107106888
0.055172299800,-0.015989033006,0.000408410549,0.108173242532
0.052545047400,-0.016479251217,0.000406733715,0.082596336788
0.049917795000,-0.016948614312,0.000412362987,0.096527099261
0.047290542700,-0.017423772858,0.000655485909,0.091604607943
0.044663290300,-0.017688053126,0.001085712715,0.026541317185
0.042036037900,-0.017922178320,0.001300317405,-0.075441344951
0.039408785500,-0.018219243803,0.001542325358,-0.172440783397
0.036781533200,-0.018503132349,0.001748037221,-0.141760674870
0.034154280800,-0.018563193629,0.001871236347,-0.029279518575
0.031527028400,-0.018576677557,0.001657873689,0.041528295240
0.028899776100,-0.018526512863,0.001416444884,0.086128972348
0.026272523700,-0.018384634478,0.001079656121,0.106617743411
0.023645271300,-0.017212217086,0.000709653886,0.033466005753
0.021018019000,-0.018033206677,0.000783356648,-0.032021875145
0.018390766600,-0.018601958427,0.000719405937,-0.034602962388
0.015763514200,-0.018646086092,0.000854843725,-0.088366261709
0.013136261800,-0.018833886065,0.000583847495,-0.088611436002
0.010509009500,-0.018686003653,0.000607169402,-0.059661043673
0.007881757100,-0.018334681724,0.000825826940,-0.087175478501
0.005254504700,-0.017988069078,0.000683592868,-0.114927405492
0.002627252400,-0.017212719003,0.000556034393,1.019606263948
0.000000000000,-0.015413324598,0.000564051810,2.149691073233
