0.391460603250,0.047013677834,0.000324534136,0.305996730937
0.388833350880,0.048075968902,0.000570337421,-0.229186714924
0.386206098510,0.047243333212,0.000805399685,-0.358653546483
0.383578846140,0.047938501343,0.001377324620,-0.265003405292
0.380951593770,0.047579757675,0.001890068234,-0.352611628369
0.378324341400,0.047824557285,0.001761633549,-0.151957681437
0.375697089030,0.047117599430,0.001674820504,0.579283108962
0.373069836660,0.046192494683,0.001444660427,0.688280792367
0.370442584290,0.046199530498,0.001290245209,0.023354943874
0.367815331920,0.047679782402,0.001127917353,-0.489647846495
0.365188079550,0.048856735252,0.001102056766,-0.506487577955
0.362560827170,0.049844763057,0.000867782498,-0.444327621321
0.359933574800,0.050881200017,0.000778810847,-0.437169643960
0.357306322430,0.051401490076,0.000671225789,-0.151386332579
0.354679070060,0.051768277546,0.000660572922,-0.165268868484
0.352051817690,0.051983079750,0.000503259405,-0.153005682708
0.349424565320,0.052245522823,0.000143187036,0.033258633080
0.346797312950,0.052295155283,-0.000035079423,0.077070756653
0.344170060580,0.052288124743,-0.000355848714,0.080899035464
0.341542808210,0.051094622194,-0.000326649650,0.134184925110
0.338915555840,0.052363750051,-0.000140315356,0.145737719044
0.336288303460,0.052576637260,-0.000013660295,0.111292861578
0.333661051090,0.052546440009,0.000052115049,0.110820558687
0.331033798720,0.052402344144,0.000246501666,0.068678068997
0.328406546350,0.052200551438,0.000319872365,0.043476433722
0.325779293980,0.052102154219,0.000447514819,0.060076768513
0.323152041610,0.051932819824,0.000517759901,0.040224078840
0.320524789240,0.051785475731,0.000386957835,0.030987765166
0.317897536870,0.051715955590,0.000308152316,0.015011209992
0.315270284500,0.051671523121,0.000191591070,-0.019602154943
0.312643032100,0.051611843214,0.000179496764,-0.018729921978
0.310015779800,0.051549283732,0.000341949878,-0.007535801507
0.307388527400,0.051485359427,0.000835334491,0.014949417693
0.304761275000,0.051206395360,0.001498344079,0.031693420952
0.302134022600,0.051005145366,0.002083652011,0.027454423132
0.299506770300,0.050798283067,0.002538074964,0.032127619202
0.296879517900,0.050771824240,0.002792214642,-0.034842620026
0.294252265500,0.050745609157,0.002927678626,-0.062229996022
0.291625013200,0.050703284914,0.003015668712,-0.059178257045
0.288997760800,0.050775310853,0.003126062660,-0.054858257314
0.286370508400,0.050774967493,0.003119424903,0.032814679618
0.283743256000,0.050779913379,0.003211338815,0.137147917276
0.281116003700,0.050978111201,0.003220453004,0.204323443824
0.278488751300,0.051172517146,0.003203320453,0.238697142660
0.275861498900,0.051286409825,0.003104637665,0.282958526581
0.273234246600,0.051390170797,0.003268076022,0.218854346018
0.270606994200,0.051398072144,0.003427740628,0.118478118617
0.267979741800,0.051450916274,0.003482589416,0.004702080392
0.265352489400,0.051489060588,0.003450228891,-0.025346346816
0.262725237100,0.051387677462,0.003290198076,-0.048055077596
0.260097984700,0.051134839171,0.003048446394,-0.065292373185
0.257470732300,0.051007438390,0.002832376022,-0.064448080070
0.254843480000,0.051000749287,0.002671045785,-0.092463269400
0.252216227600,0.050950103302,0.002597434951,-0.085335229619
0.249588975200,0.050907993996,0.002463770775,-0.017370169132
0.246961722900,0.050814533424,0.002325725969,0.069460322205
0.244334470500,0.050711940768,0.002210577799,0.106800158801
0.241707218100,0.050626262960,0.002194116427,0.119285549799
0.239079965700,0.050492551046,0.002215180582,0.108796009090
0.236452713400,0.050322501194,0.002321206857,0.017162066341
0.233825461000,0.050157896146,0.002229584593,-0.098511100231
0.231198208600,0.050064806545,0.002121103484,-0.165891806201
0.228570956300,0.049834793410,0.001813379020,-0.117146912538
0.225943703900,0.049371980677,0.001604395840,-0.038582298260
0.223316451500,0.048884586074,0.001438715339,-0.057434584739
0.220689199100,0.048463952837,0.001240268848,-0.054733254077
0.218061946800,0.048124936628,0.001197367660,0.047649114825
0.215434694400,0.047447326338,0.001134210362,0.207333218439
0.212807442000,0.046460537904,0.001100407239,0.165445870503
0.210180189700,0.046469657252,0.001034053716,-0.161869945479
0.207552937300,0.047701689820,0.000899288416,-0.153732321664
0.204925684900,0.047783757291,0.000985704030,0.118012739207
0.202298432500,0.047929067195,0.001199011579,0.130860578558
0.199671180200,0.048144510839,0.001387249808,0.118804620524
0.197043927800,0.048248165691,0.001745872618,0.092837563836
0.194416675400,0.048359186272,0.001904072588,0.063273583094
0.191789423100,0.048300314350,0.002014104224,0.048724340254
0.189162170700,0.048192721065,0.002392757128,0.033252949737
0.186534918300,0.048003236216,0.002622037367,0.037791531224
0.183907666000,0.047806265797,0.002798891594,0.004233008844
0.181280413600,0.047740166785,0.002851175449,-0.017900429901
0.178653161200,0.047750275851,0.003009834960,0.013467682711
0.176025908800,0.047807499365,0.003100145917,0.009338477816
0.173398656500,0.047929126691,0.003179687520,0.023767480289
0.170771404100,0.048126361898,0.003253619890,0.042129868780
0.168144151700,0.048238086903,0.003292522040,0.066326050487
0.165516899400,0.048304878276,0.003298990794,0.110367286426
0.162889647000,0.048542084570,0.003460726428,0.199886548564
0.160262394600,0.048834357862,0.003796212293,0.271820058075
0.157635142200,0.049177957272,0.004033380525,0.308288447347
0.155007889900,0.049555898001,0.004089243150,0.332550178391
0.152380637500,0.050004459781,0.004015082264,0.285763288697
0.149753385100,0.050472545058,0.003892859508,0.197812833002
0.147126132800,0.050917524775,0.003773303696,0.097550074153
0.144498880400,0.051225921032,0.003622193349,0.020060532964
0.141871628000,0.051522213729,0.003455465932,-0.001974900475
0.139244375600,0.051696037106,0.003338557858,-0.032268744849
0.136617123300,0.051631246257,0.003120934919,-0.027529836359
0.133989870900,0.051467063389,0.003014183494,-0.027631038652
0.131362618500,0.051240465541,0.002660905480,-0.073236012675
0.128735366200,0.051003498548,0.002397685151,-0.056037497172
0.126108113800,0.050705546026,0.002300019909,0.046711065070
0.123480861400,0.050483765985,0.002200848508,0.087193872165
0.120853609000,0.050308534508,0.002220524337,0.086821461830
0.118226356700,0.049898219091,0.002570945935,0.080010075544
0.115599104300,0.049543899020,0.002726971481,-0.002282275743
0.112971851900,0.048948115184,0.002965814614,-0.094702096463
0.110344599600,0.048155909838,0.003216341868,-0.132729221277
0.107717347200,0.047257176026,0.003458715264,-0.141317161145
0.105090094800,0.046607972417,0.003415156331,-0.123286182862
0.102462842500,0.046280115744,0.003545276703,-0.073823725171
0.099835590100,0.046219549564,0.003682941183,-0.038386079449
0.097208337700,0.046176538860,0.003661990506,-0.024725993881
0.094581085300,0.046395689533,0.003675441083,0.004155491440
0.091953833000,0.046419522909,0.003447646499,0.019963939274
0.089326580600,0.046696227708,0.003272499002,0.028717810202
0.086699328200,0.047071078730,0.003296870568,-0.060181746560
0.084072075900,0.047315084764,0.003444125162,-0.188175154897
0.081444823500,0.047454970324,0.003642015103,-0.246798269471
0.078817571100,0.047497765557,0.003818507587,-0.255291041889
0.076190318700,0.047528786142,0.003651812856,-0.256922437273
0.073563066400,0.047648778438,0.003585906238,-0.245803260501
0.070935814000,0.047763033726,0.003393153146,-0.200117451984
0.068308561600,0.047705754647,0.003139546567,-0.156595572253
0.065681309300,0.047523028127,0.003213874656,-0.161021386975
0.063054056900,0.047177755659,0.003159557545,-0.142515780123
0.060426804500,0.047046183264,0.002948373595,-0.070644899917
0.057799552100,0.046822478411,0.002870204159,-0.079861244952
0.055172299800,0.046455434756,0.002783579208,-0.037510971991
0.052545047400,0.046036659904,0.002712811128,0.030760752073
0.049917795000,0.045698733676,0.002758679521,0.062256874537
0.047290542700,0.045519915815,0.002782884411,0.111181578378
0.044663290300,0.045300187308,0.002849377698,0.150861626033
0.042036037900,0.045312555140,0.002776905075,0.152526764608
0.039408785500,0.045274251052,0.002700302584,0.119840637797
0.036781533200,0.045346406432,0.002733107701,0.084576792931
0.034154280800,0.045636665263,0.002719910831,0.163254592484
0.031527028400,0.045644085427,0.002570606656,0.197712659399
0.028899776100,0.045781892450,0.002723235743,0.155544907156
0.026272523700,0.045678899421,0.002510319006,0.215440364457
0.023645271300,0.045667212132,0.002261233866,0.192516685300
0.021018019000,0.045518510269,0.002309544483,0.058220662903
0.018390766600,0.045175273633,0.002260717397,-0.056837006294
0.015763514200,0.044998477676,0.002366439250,-0.050293266369
0.013136261800,0.044764444386,0.002421982215,-0.068959351627
0.010509009500,0.044688089964,0.002356405213,-0.136388695428
0.007881757100,0.045013298703,0.002297669619,-0.143257240412
0.005254504700,0.045613283264,0.002059695806,0.076401023074
0.002627252400,0.046190052428,0.001670936900,0.763009076196
0.000000000000,0.043182881209,0.001196148591,1.238186147209
