0.391460603250,0.017895110662,-0.000911173241,0.130019569132
0.388833350880,0.019351220347,-0.000250140866,0.470456616031
0.386206098510,0.017953593728,0.000170447493,0.540997591854
0.383578846140,0.017305951025,0.000484558834,-0.106746990166
0.380951593770,0.016178705484,0.000786258126,-0.091284950459
0.378324341400,0.017518426219,0.000850824215,0.272356294690
0.375697089030,0.018468140552,0.000914823747,0.294507007950
0.373069836660,0.018285649362,0.001145383581,0.218902924920
0.370442584290,0.017913553399,0.001174318461,0.138822077275
0.367815331920,0.018637023963,0.001095187457,0.118354499353
0.365188079550,0.019133516787,0.000937413664,-0.061254200650
0.362560827170,0.019700495384,0.000851526173,-0.197956074424
0.359933574800,0.020033814620,0.000838001363,-0.197229777469
0.357306322430,0.020276759177,0.000479488540,-0.089863492212
0.354679070060,0.020491082961,0.000192215513,0.012539805121
0.352051817690,0.020695207735,-0.000026586780,0.068022482405
0.349424565320,0.020804084713,-0.000505648062,0.093837896965
0.346797312950,0.020742284816,-0.000730073215,0.032565164273
0.344170060580,0.020662097508,-0.000932938897,0.020955696219
0.341542808210,0.020438916821,-0.001225957788,-0.045162180228
0.338915555840,0.020263691484,-0.001430794314,-0.060799390446
0.336288303460,0.020089631979,-0.001557927463,-0.047226104949
0.333661051090,0.019939486208,-0.001766184665,-0.022592072182
0.331033798720,0.019736359416,-0.001734799939,0.021789783079
0.328406546350,0.019575460660,-0.001471072815,-0.204501612263
0.325779293980,0.019463955512,-0.001030511146,0.019867521838
0.323152041610,0.019306286975,-0.000971445243,0.244711204774
0.320524789240,0.019163552009,-0.000892397623,0.027307399217
0.317897536870,0.018950261621,-0.000621207861,0.040951259411
0.315270284500,0.018907158860,-0.000304190966,0.036094821229
0.312643032100,0.018868872931,-0.000068490929,-0.022776837324
0.310015779800,0.018813437152,0.000156814113,-0.107114512845
0.307388527400,0.018813787378,0.000429923052,-0.061996154434
0.304761275000,0.018734788052,0.000772976371,0.048417660972
0.302134022600,0.018542280815,0.001183491644,0.068132584903
0.299506770300,0.018476493374,0.001496608693,0.040755232846
0.296879517900,0.018336339631,0.001636428304,-0.051705020386
0.294252265500,0.018011575241,0.001694004905,-0.087286628278
0.291625013200,0.017709562476,0.001711177703,-0.096240118850
0.288997760800,0.017462453699,0.001635292996,-0.124219998679
0.286370508400,0.017221269405,0.001491313506,-0.054537451415
0.283743256000,0.016981404679,0.001429361095,-0.011103026494
0.281116003700,0.016941041630,0.001299358564,0.026708453818
0.278488751300,0.016789136894,0.001231773725,0.135671009499
0.275861498900,0.016728142270,0.001307893809,0.178876790238
0.273234246600,0.016715709416,0.001614306953,0.047135750318
0.270606994200,0.016723897789,0.001894489563,-0.083719128491
0.267979741800,0.016911790415,0.002189328562,-0.135763054565
0.265352489400,0.017081216896,0.002479236182,-0.132130742123
0.262725237100,0.017363693744,0.002690296277,-0.125946726701
0.260097984700,0.017682736304,0.002635359874,-0.135451930190
0.257470732300,0.017773390881,0.002597845415,-0.129131461268
0.254843480000,0.017794201658,0.002581953969,-0.087885580378
0.252216227600,0.017854389680,0.002623473500,0.039087871393
0.249588975200,0.017920621735,0.002402109248,0.169867210463
0.246961722900,0.017954677059,0.002311526277,0.196940529183
0.244334470500,0.017882339026,0.002411040813,0.163096430094
0.241707218100,0.017830311819,0.002605886639,0.131870330493
0.239079965700,0.017772513863,0.002702521286,0.070442318807
0.236452713400,0.017833102166,0.002802576556,0.008550802962
0.233825461000,0.017948981713,0.002969077132,-0.021272526016
0.231198208600,0.018140227420,0.002946081326,-0.058452802043
0.228570956300,0.018272706847,0.002831840330,-0.104130810893
0.225943703900,0.018473023555,0.002802134160,-0.112814459923
0.223316451500,0.018605202380,0.002557476388,-0.076664365215
0.220689199100,0.018616711829,0.002438505916,-0.066241385999
0.218061946800,0.018618725734,0.002373455402,-0.052569911061
0.215434694400,0.018529321342,0.002366975381,-0.031439864362
0.212807442000,0.018319198708,0.002271935751,-0.015854374143
0.210180189700,0.018146352785,0.002155357148,0.028811862591
0.207552937300,0.018013728794,0.002177350110,0.051026714384
0.204925684900,0.017980906173,0.002149131660,0.027285721468
0.202298432500,0.018210943354,0.002234182455,0.056168122208
0.199671180200,0.018499621213,0.002305935405,0.078365011816
0.197043927800,0.018769907061,0.002361474364,0.092746750846
0.194416675400,0.018934308358,0.002412302870,0.122470593303
0.191789423100,0.019049680930,0.002602474847,0.124488134113
0.189162170700,0.018993624896,0.002836138108,0.104264554604
0.186534918300,0.018984974748,0.002927700536,0.152022221455
0.183907666000,0.019076057932,0.003111782958,0.188106211629
0.181280413600,0.019107529694,0.003388536725,0.158858332592
0.178653161200,0.019096342877,0.003639436998,0.086865082306
0.176025908800,0.019130866533,0.003629160618,0.054183812548
0.173398656500,0.019212158507,0.003864017121,0.078056592981
0.170771404100,0.019277367465,0.004130853703,0.075406856370
0.168144151700,0.019237563829,0.004346567158,0.050066641495
0.165516899400,0.019143662379,0.004491525005,0.049664303231
0.162889647000,0.019080645757,0.004671079821,0.062289640348
0.160262394600,0.018961557112,0.004785128819,0.105125326171
0.157635142200,0.018762518557,0.004736818607,0.168007264892
0.155007889900,0.018643508326,0.004661231302,0.223390916423
0.152380637500,0.018532397400,0.004570669586,0.218032245316
0.149753385100,0.018491114053,0.004629110537,0.193030414395
0.147126132800,0.018637299175,0.004607883042,0.182333453506
0.144498880400,0.018860292229,0.004533213268,0.210086653109
0.141871628000,0.019084020399,0.004532538638,0.164434149111
0.139244375600,0.019221229546,0.004407113045,0.096804609127
0.136617123300,0.019355092062,0.004218405541,0.052876809252
0.133989870900,0.019466571217,0.003964309845,-0.023760312793
0.131362618500,0.019537254866,0.003541294601,-0.091769179884
0.128735366200,0.019583307687,0.003150682164,-0.099309266583
0.126108113800,0.019530042675,0.002810775203,-0.068350230250
0.123480861400,0.019305925199,0.002530339364,-0.018595629588
0.120853609000,0.019081524141,0.002562265739,-0.003318807381
0.118226356700,0.018861828424,0.002694896922,-0.019993837379
0.115599104300,0.018621563068,0.002988668600,-0.018197714829
0.112971851900,0.018337390548,0.003233605444,-0.051777408066
0.110344599600,0.017980082605,0.003495256226,-0.080740525895
0.107717347200,0.017796783609,0.003800360004,-0.111478110242
0.105090094800,0.017443333765,0.004048439288,-0.175708047140
0.102462842500,0.017114178723,0.004251281884,-0.197000811357
0.099835590100,0.016734954821,0.004184860772,-0.134943767053
0.097208337700,0.016506243109,0.004232060577,-0.126985517431
0.094581085300,0.016484084001,0.004441416429,-0.112524969807
0.091953833000,0.016542736478,0.004701426566,-0.088635346643
0.089326580600,0.016919870709,0.004957549565,-0.059639346623
0.086699328200,0.017422108779,0.005193473686,-0.002345961999
0.084072075900,0.017825759253,0.005353508313,0.048857904837
0.081444823500,0.018224144577,0.005407134640,0.019111456238
0.078817571100,0.018365936557,0.005583345589,-0.055529923264
0.076190318700,0.018297709179,0.005736630586,-0.087878829509
0.073563066400,0.018105931261,0.005694310297,-0.142267492914
0.070935814000,0.018065040455,0.005635830672,-0.184170211938
0.068308561600,0.018026950743,0.005694779083,-0.147969222396
0.065681309300,0.018035165279,0.005714636065,-0.102488899589
0.063054056900,0.017914132359,0.005707751019,-0.044156362976
0.060426804500,0.017672114858,0.005708277629,0.045176481010
0.057799552100,0.017474643570,0.005579747599,0.037926531296
0.055172299800,0.017438576744,0.005642539530,-0.037629476233
0.052545047400,0.017297780659,0.005745514433,-0.031916708502
0.049917795000,0.016948346763,0.005561140585,-0.011542871864
0.047290542700,0.016709806193,0.005453684068,-0.091662293053
0.044663290300,0.016492309343,0.005418690836,-0.113758709228
0.042036037900,0.016308045308,0.005332262062,-0.066619944988
0.039408785500,0.016068416367,0.005240819697,-0.027090794396
0.036781533200,0.015916089892,0.005057626126,0.000439074282
0.034154280800,0.015770605961,0.004912772274,0.036453247855
0.031527028400,0.015712636946,0.004610079384,0.087123279602
0.028899776100,0.015676248608,0.004603527097,0.152226690644
0.026272523700,0.015402139057,0.004460236981,0.177096766661
0.023645271300,0.014794667041,0.003997635808,0.032180951991
0.021018019000,0.014497299061,0.003530493663,0.280724889132
0.018390766600,0.014394490556,0.003506102953,0.537155207908
0.015763514200,0.014142158891,0.003458007381,0.355865140960
0.013136261800,0.013751828124,0.003321026299,0.136280019322
0.010509009500,0.013517428646,0.003007132594,0.021797885768
0.007881757100,0.013255743040,0.002840483586,-0.098239813307
0.005254504700,0.013081705713,0.002652918135,-0.224389071358
0.002627252400,0.012919860466,0.002216305832,-1.236534323501
0.000000000000,0.013127431374,0.001671108459,-2.188259813221
