0.391460603250,-0.030808432432,0.000273863150,1.445118276275
0.388833350880,-0.030922913875,0.000155561989,0.208328328994
0.386206098510,-0.031380853933,0.000638462836,-0.617224387247
0.383578846140,-0.032041674434,0.000784574475,-0.273075041890
0.380951593770,-0.031160999588,0.000891429452,-0.164363213550
0.378324341400,-0.031434131188,0.001008986441,-0.537757746858
0.375697089030,-0.030674037357,0.001135257743,-0.323363191826
0.373069836660,-0.031371857076,0.001356977753,0.287299434512
0.370442584290,-0.030744201121,0.001716753526,0.081777833925
0.367815331920,-0.030275310238,0.002119733574,0.130180627188
0.365188079550,-0.029610585537,0.002341384605,-0.026017292872
0.362560827170,-0.029622032749,0.002443123633,-0.212860205663
0.359933574800,-0.029536431065,0.002638752423,-0.040826383563
0.357306322430,-0.029488339641,0.002820578251,-0.144062335122
0.354679070060,-0.028608547052,0.002901126981,-0.030941552293
0.352051817690,-0.028895536870,0.003166525190,0.111976777542
0.349424565320,-0.028780393223,0.003329112562,-0.055092591001
0.346797312950,-0.028736723957,0.003465215713,-0.034787994297
0.344170060580,-0.028601421507,0.003419861727,-0.019629347574
0.341542808210,-0.028447932647,0.003534375203,0.003406978090
0.338915555840,-0.028446299669,0.003659965596,0.006187579390
0.336288303460,-0.028391205142,0.003800123939,-0.020128532553
0.333661051090,-0.028386439714,0.003875784341,-0.013823028753
0.331033798720,-0.028429250999,0.003923410077,0.021853508162
0.328406546350,-0.028598930952,0.004039501480,0.066915429702
0.325779293980,-0.028734538624,0.004078637751,0.092639846161
0.323152041610,-0.028843226133,0.004116579119,0.077108165992
0.320524789240,-0.029069194571,0.004200506196,0.078485220253
0.317897536870,-0.029231625219,0.004286759403,0.102554085380
0.315270284500,-0.029478534938,0.004354914193,0.103758939156
0.312643032100,-0.029666756807,0.004411113806,0.086538927784
0.310015779800,-0.029517937447,0.004370211766,0.063275493028
0.307388527400,-0.029442871176,0.004383693340,0.048371776294
0.304761275000,-0.029583245151,0.004437992225,0.025458436252
0.302134022600,-0.029675103736,0.004496926294,0.052487011199
0.299506770300,-0.029753369926,0.004549445845,0.035511420060
0.296879517900,-0.029979437969,0.004587131384,0.003019407007
0.294252265500,-0.030122851562,0.004553128705,0.006675503436
0.291625013200,-0.030096014971,0.004506215597,0.031850772112
0.288997760800,-0.030005924847,0.004578054233,0.057943426553
0.286370508400,-0.029895109310,0.004606888604,0.056179381696
0.283743256000,-0.029732403715,0.004574422065,0.048876044416
0.281116003700,-0.029535631728,0.004559550763,0.079285937780
0.278488751300,-0.029322862305,0.004578860239,0.111294417190
0.275861498900,-0.029065909000,0.004541635599,0.102267457328
0.273234246600,-0.028870037861,0.004583098114,0.086046706743
0.270606994200,-0.028708130730,0.004592643010,0.104805556299
0.267979741800,-0.028561394939,0.004532215146,0.114561866437
0.265352489400,-0.028395610488,0.004490851174,0.092846023912
0.262725237100,-0.028367944361,0.004479614412,0.091956176730
0.260097984700,-0.028246104732,0.004443291695,0.080371067713
0.257470732300,-0.028130500130,0.004330353688,0.037787788639
0.254843480000,-0.028167938744,0.004158349052,0.000113486723
0.252216227600,-0.028309235957,0.004109089422,-0.013700485847
0.249588975200,-0.028638020545,0.004039041620,-0.016968246592
0.246961722900,-0.029116585205,0.003785020379,-0.064093868843
0.244334470500,-0.029615753484,0.003634193762,-0.108618802357
0.241707218100,-0.030099022148,0.003463848371,-0.076109034576
0.239079965700,-0.030504241578,0.003309465361,-0.021728017585
0.236452713400,-0.030828894399,0.003061660452,0.012684018028
0.233825461000,-0.031096017910,0.002831399702,0.023356716681
0.231198208600,-0.031290603834,0.002561185252,0.022146046405
0.228570956300,-0.031476632265,0.002307811077,0.033309549528
0.225943703900,-0.031571233859,0.002113305248,0.054763474113
0.223316451500,-0.031679868535,0.002010541676,0.075616961466
0.220689199100,-0.031636717159,0.001889267321,0.081326761684
0.218061946800,-0.031550456806,0.001662173617,0.053956315287
0.215434694400,-0.031601264540,0.001566919987,0.041068629107
0.212807442000,-0.031755868299,0.001476498111,0.085697021708
0.210180189700,-0.031898402354,0.001429430972,0.143795491581
0.207552937300,-0.032103421392,0.001384927581,0.145760583936
0.204925684900,-0.032431728765,0.001473406309,0.132627644979
0.202298432500,-0.032791693131,0.001613352489,0.141506045216
0.199671180200,-0.033212837766,0.001794519855,0.152720858880
0.197043927800,-0.033550885702,0.002002186420,0.159926590017
0.194416675400,-0.033766293032,0.002217635038,0.144389318085
0.191789423100,-0.033804283285,0.002272614183,0.117671578776
0.189162170700,-0.033743484007,0.002404226019,0.133107987496
0.186534918300,-0.033683710148,0.002596534869,0.159232594072
0.183907666000,-0.033595346359,0.002716601736,0.121776561214
0.181280413600,-0.033456223384,0.002799284028,0.089738948812
0.178653161200,-0.033290987404,0.002903480283,0.069049581826
0.176025908800,-0.033109453920,0.003065988450,0.038689387499
0.173398656500,-0.032975285802,0.003190071501,0.023541611542
0.170771404100,-0.032910037740,0.003327873810,0.002884585975
0.168144151700,-0.032850489588,0.003505688734,0.026347685769
0.165516899400,-0.032791707475,0.003775829180,0.045881230160
0.162889647000,-0.032708975435,0.003944647152,0.032503761553
0.160262394600,-0.032696191128,0.004143579216,0.046308090773
0.157635142200,-0.032772077713,0.004370283614,0.067539522727
0.155007889900,-0.032857093276,0.004450796495,0.032689804641
0.152380637500,-0.032959414103,0.004572525422,-0.009237045123
0.149753385100,-0.033046652708,0.004708069825,0.031264553299
0.147126132800,-0.033105267112,0.004852767534,0.046477825746
0.144498880400,-0.033211638048,0.004877558266,0.022769886585
0.141871628000,-0.033336505778,0.004967595811,0.011809263361
0.139244375600,-0.033390752099,0.004938568797,0.021505259483
0.136617123300,-0.033325532272,0.004663268991,0.052263733968
0.133989870900,-0.033157539821,0.004424710941,0.098039987315
0.131362618500,-0.032855626499,0.004074895850,0.101576808541
0.128735366200,-0.032448258633,0.003704916909,0.072611621063
0.126108113800,-0.032039794716,0.003504167656,0.044280453102
0.123480861400,-0.031623635232,0.003072114823,0.038414296430
0.120853609000,-0.031144302452,0.002808940277,0.055260655250
0.118226356700,-0.030887521625,0.002599878946,0.076079523621
0.115599104300,-0.030938453260,0.002400294401,0.070351106631
0.112971851900,-0.030980097346,0.002291708001,0.070033016113
0.110344599600,-0.030917044821,0.002128917013,0.052304639366
0.107717347200,-0.031053019845,0.001914075566,0.009588195789
0.105090094800,-0.031382529083,0.001877448454,-0.027963679800
0.102462842500,-0.031665854065,0.001759637650,-0.101755095737
0.099835590100,-0.031995699886,0.001419586725,-0.099272035529
0.097208337700,-0.032387855247,0.001242984351,-0.017397529342
0.094581085300,-0.032655883251,0.001263936165,0.023597203776
0.091953833000,-0.032993272046,0.001272947467,0.068339410341
0.089326580600,-0.033319586073,0.001205549414,0.135006935604
0.086699328200,-0.033774848030,0.001025026318,0.145082599409
0.084072075900,-0.034115112617,0.000911123949,0.123105557618
0.081444823500,-0.034350318891,0.000741736664,0.109589243692
0.078817571100,-0.034612865978,0.000469473476,0.087655455892
0.076190318700,-0.034770490526,0.000260801397,0.040899621516
0.073563066400,-0.034789150226,0.000163405905,-0.003988202402
0.070935814000,-0.034737101543,0.000105283881,0.030651752757
0.068308561600,-0.034587003171,-0.000003944042,0.104052269602
0.065681309300,-0.034337857853,0.000061500722,0.141408941918
0.063054056900,-0.033953942609,0.000048534845,0.148760645404
0.060426804500,-0.033657919197,0.000080429658,0.186053595575
0.057799552100,-0.033492331610,0.000197633978,0.173489643355
0.055172299800,-0.033599947338,0.000326719945,0.176841697835
0.052545047400,-0.033852712395,0.000380816502,0.215715490679
0.049917795000,-0.034263225969,0.000363285207,0.228707624009
0.047290542700,-0.034642448616,0.000425935287,0.254867593928
0.044663290300,-0.035128755862,0.000519424774,0.200248012005
0.042036037900,-0.035634454940,0.000584007745,0.085752276060
0.039408785500,-0.035979994322,0.000448520980,-0.095841493374
0.036781533200,-0.036262672047,0.000487426166,-0.248328581860
0.034154280800,-0.036460670179,0.000475991631,-0.270890315093
0.031527028400,-0.036669529491,0.000406008036,-0.283497607204
0.028899776100,-0.036721776839,0.000347425722,-0.254950643160
0.026272523700,-0.036761502850,0.000293537192,-0.143152636177
0.023645271300,-0.036866129647,0.000534225061,0.108331862925
0.021018019000,-0.037527997706,0.000488123069,0.030430669369
0.018390766600,-0.037177527075,0.000414677802,-0.062532213003
0.015763514200,-0.037378221336,0.000539732551,0.114449126357
0.013136261800,-0.037430220002,0.000520723900,0.080587526895
0.010509009500,-0.037259114307,0.000463566345,-0.034316868836
0.007881757100,-0.037035317124,0.000491129950,-0.131475344705
0.005254504700,-0.036502429504,0.000396450028,-0.124031626064
0.002627252400,-0.034874497288,0.000263223595,0.184744162090
0.000000000000,-0.026893783130,0.000351144458,0.477381865040
