0.391460603250,-0.035152114478,-0.000139611002,0.995086278417
0.388833350880,-0.037476026814,-0.000138917824,0.240827021454
0.386206098510,-0.035972629561,0.000168988841,-0.443371961152
0.383578846140,-0.036675531042,0.000381148430,-0.224160170719
0.380951593770,-0.036480815187,0.000362037282,0.230577004983
0.378324341400,-0.035655998717,0.000515699738,0.509459180383
0.375697089030,-0.036311829444,0.000662524273,0.165930965842
0.373069836660,-0.037944403557,0.000554963209,-0.034563271221
0.370442584290,-0.037897446728,0.000490997787,0.221902961585
0.367815331920,-0.037021608915,0.000476805255,0.264174412257
0.365188079550,-0.037750008004,0.000660625921,0.175352924405
0.362560827170,-0.037278408007,0.000811264154,-0.044490396854
0.359933574800,-0.036893559663,0.000914143352,-0.066280802410
0.357306322430,-0.036735439376,0.000894926101,-0.095710803286
0.354679070060,-0.036611037063,0.001009353581,-0.082977995678
0.352051817690,-0.036597024230,0.001080839193,-0.063589345811
0.349424565320,-0.036381459123,0.001236836253,-0.073333249017
0.346797312950,-0.036046239610,0.001164537348,-0.185136224524
0.344170060580,-0.036095245267,0.001303845411,-0.281577790780
0.341542808210,-0.036278098835,0.001366574506,-0.002871382793
0.338915555840,-0.036407447104,0.001362219754,0.231907063941
0.336288303460,-0.036590077223,0.001264295223,0.167232266954
0.333661051090,-0.036731991577,0.001177221946,0.095946135617
0.331033798720,-0.036827921173,0.001050951769,0.071600198225
0.328406546350,-0.036974893356,0.000983848983,0.110770242066
0.325779293980,-0.037153363756,0.000909259059,0.135229451572
0.323152041610,-0.037310651861,0.000885206196,0.104179383681
0.320524789240,-0.037416078255,0.000908048676,0.085740203888
0.317897536870,-0.037484406916,0.000992360798,0.077537478133
0.315270284500,-0.037585059634,0.001201034647,0.025919754626
0.312643032100,-0.037764757701,0.001250957810,0.027065077998
0.310015779800,-0.037931334921,0.001217323262,0.028990041617
0.307388527400,-0.038080055848,0.001300690556,0.026892314894
0.304761275000,-0.038209683762,0.001299720108,0.058716783040
0.302134022600,-0.038362967892,0.001442781453,0.052606938747
0.299506770300,-0.038455927007,0.001580768867,0.013739521108
0.296879517900,-0.038468223819,0.001804759845,-0.002803498066
0.294252265500,-0.038596706116,0.001977579917,-0.004504323925
0.291625013200,-0.038780296207,0.002048964953,0.003030440443
0.288997760800,-0.039089231280,0.002164214533,0.008174746559
0.286370508400,-0.039302002346,0.002230118451,0.034592614176
0.283743256000,-0.039555362017,0.002387201011,0.032908304624
0.281116003700,-0.039704823455,0.002603347595,0.031212001445
0.278488751300,-0.039692891771,0.002676632612,0.067919204407
0.275861498900,-0.039719987002,0.002851056210,0.086375454371
0.273234246600,-0.039839078057,0.003024824832,0.097807800026
0.270606994200,-0.039811017410,0.003027272812,0.112352447044
0.267979741800,-0.039673525973,0.003129663400,0.106305838197
0.265352489400,-0.039518430692,0.003003801975,0.086918123769
0.262725237100,-0.039427103485,0.002732168804,0.056248040253
0.260097984700,-0.039235614426,0.002457710489,0.014487950793
0.257470732300,-0.039040837504,0.002260953625,-0.000139980886
0.254843480000,-0.038886259699,0.001982176988,0.083058958804
0.252216227600,-0.038685100700,0.001883755185,0.139643832764
0.249588975200,-0.038629220361,0.001812654881,0.224510313825
0.246961722900,-0.038800358223,0.001813988683,0.258539954739
0.244334470500,-0.038934963891,0.001808733079,0.176013135557
0.241707218100,-0.039050542432,0.001912511798,0.060398002450
0.239079965700,-0.039171110250,0.001962181411,-0.016714004139
0.236452713400,-0.039202079878,0.001906447918,-0.050520244330
0.233825461000,-0.039151928120,0.001859254941,-0.068982948110
0.231198208600,-0.039127234629,0.001852777876,-0.047002098979
0.228570956300,-0.038973595711,0.001723983098,-0.042076856380
0.225943703900,-0.038703008438,0.001459443488,-0.011458671215
0.223316451500,-0.038558441477,0.001259875470,0.045296100485
0.220689199100,-0.038528766981,0.001214919911,0.068290020056
0.218061946800,-0.038536584744,0.001100000854,0.082503246282
0.215434694400,-0.038653000068,0.001072106654,0.107700516159
0.212807442000,-0.038821508156,0.001194318123,0.178877223577
0.210180189700,-0.038890717320,0.001232910413,0.227608941964
0.207552937300,-0.038984678270,0.001226291994,0.248259176605
0.204925684900,-0.038987351821,0.001167829156,0.222679923523
0.202298432500,-0.038892974721,0.001079161659,0.164825484033
0.199671180200,-0.038698427461,0.001218963898,0.137692091308
0.197043927800,-0.038449601934,0.001515985964,0.135308805463
0.194416675400,-0.038222665451,0.001799058023,0.119984210134
0.191789423100,-0.038015874116,0.002000483865,0.137194526968
0.189162170700,-0.038029942323,0.002218705524,0.150099489493
0.186534918300,-0.038090186168,0.002407837551,0.141116626193
0.183907666000,-0.038118423934,0.002610017333,0.103817411381
0.181280413600,-0.038171944093,0.002840703000,0.074942964884
0.178653161200,-0.038313771331,0.002969650475,0.036009123887
0.176025908800,-0.038317173641,0.003218017435,0.039636229062
0.173398656500,-0.038262045620,0.003496158707,0.027712123986
0.170771404100,-0.038203260638,0.003618967744,0.019972202959
0.168144151700,-0.038193135678,0.003767392592,0.012695435814
0.165516899400,-0.038260452367,0.004019944790,0.002114497635
0.162889647000,-0.038292694767,0.004118378923,0.020753120925
0.160262394600,-0.038360805998,0.004172449162,0.023212000581
0.157635142200,-0.038461497016,0.004368700188,0.025109685352
0.155007889900,-0.038558123804,0.004407978357,0.042341356104
0.152380637500,-0.038594049428,0.004577656492,0.028817347180
0.149753385100,-0.038492541323,0.004862382546,0.021501994233
0.147126132800,-0.038364273405,0.005008598586,0.012117073667
0.144498880400,-0.038322306337,0.004932123199,-0.014244933539
0.141871628000,-0.038175823837,0.004872884605,0.025865063941
0.139244375600,-0.038010397598,0.004739332850,0.046479699498
0.136617123300,-0.037833375581,0.004592047810,0.007114158881
0.133989870900,-0.037633608456,0.004358253230,-0.004275996682
0.131362618500,-0.037624990176,0.004154997090,-0.024157986502
0.128735366200,-0.037769318805,0.003826365109,-0.027043429318
0.126108113800,-0.037868169843,0.003675945717,-0.004787338834
0.123480861400,-0.037982358637,0.003696510731,0.069116302394
0.120853609000,-0.038191640771,0.003590630282,0.126345743382
0.118226356700,-0.038384876504,0.003618980448,0.136108201417
0.115599104300,-0.038559036404,0.003793092076,0.114837536197
0.112971851900,-0.038921448762,0.003905562583,0.078168591706
0.110344599600,-0.039200209946,0.003920821218,0.036645958930
0.107717347200,-0.039445196368,0.003937369647,-0.019903739220
0.105090094800,-0.039741281662,0.003846840066,-0.073099043277
0.102462842500,-0.040055016151,0.003739213834,-0.071918272091
0.099835590100,-0.040575121182,0.003507105466,-0.030870561476
0.097208337700,-0.040928943622,0.003193510772,-0.003133393626
0.094581085300,-0.040966382140,0.002984011589,0.006975122677
0.091953833000,-0.041026724041,0.002728600377,-0.000128091749
0.089326580600,-0.040946779930,0.002283173006,0.052127833748
0.086699328200,-0.040648271306,0.002111022252,0.125353451570
0.084072075900,-0.040251781169,0.001944713014,0.051323807661
0.081444823500,-0.039810982063,0.001971525710,-0.087594774942
0.078817571100,-0.039453470605,0.002188417375,-0.132506143029
0.076190318700,-0.039357014724,0.002237927133,-0.083254638648
0.073563066400,-0.039396185742,0.002285077245,-0.057569449595
0.070935814000,-0.039424480375,0.002468443863,-0.048973679770
0.068308561600,-0.039527801651,0.002596340525,-0.040915657164
0.065681309300,-0.039718624924,0.002692446837,-0.023852586410
0.063054056900,-0.039716780312,0.002737794921,-0.035210322463
0.060426804500,-0.039778471180,0.002756553325,-0.035640740126
0.057799552100,-0.039970637679,0.002745320426,0.011441631566
0.055172299800,-0.040248301916,0.002720706220,0.064366009331
0.052545047400,-0.040468090400,0.002585868106,0.158714825715
0.049917795000,-0.040626548387,0.002591677961,0.160077784119
0.047290542700,-0.040911929249,0.002590882291,0.054923269737
0.044663290300,-0.041115707307,0.002701406102,0.060081407683
0.042036037900,-0.041350657579,0.002876807082,0.029281475347
0.039408785500,-0.041688180018,0.002872234636,-0.015310965305
0.036781533200,-0.041878670776,0.002960326310,-0.031740039571
0.034154280800,-0.041921063520,0.003003904995,-0.058940599497
0.031527028400,-0.042017124992,0.002880635423,-0.039796336339
0.028899776100,-0.042158724390,0.002831088779,-0.103543329313
0.026272523700,-0.042228998418,0.002581363276,0.095130590642
0.023645271300,-0.042344131193,0.002397843117,0.299492010159
0.021018019000,-0.042582193985,0.002340256908,0.158777301861
0.018390766600,-0.042796777882,0.002265242985,0.029622845705
0.015763514200,-0.043111304176,0.002251926716,-0.041354333730
0.013136261800,-0.043545038441,0.002209499301,-0.085929051781
0.010509009500,-0.043972015558,0.002192009173,-0.087654470000
0.007881757100,-0.044118541913,0.002032985739,-0.109206241187
0.005254504700,-0.044372159966,0.001955736129,-0.124378679805
0.002627252400,-0.044417116913,0.001877024104,-0.391771628532
0.000000000000,-0.040611310140,0.001755282372,-0.644253218596
