0.391460603250,-0.001973794172,0.000716518225,-0.337832145846
0.388833350880,-0.003048348051,0.000792336238,-0.500708451913
0.386206098510,-0.001841611930,0.000856418758,-0.528985261567
0.383578846140,-0.001889230354,0.001062864473,-0.267288283106
0.380951593770,-0.001963079019,0.001428099111,-0.012358930361
0.378324341400,-0.001995423347,0.001708078880,0.130677405183
0.375697089030,-0.001636906864,0.001814840934,0.220476373622
0.373069836660,-0.002962471738,0.001855589481,0.172451081683
0.370442584290,-0.002811338387,0.001882516215,-0.007859502025
0.367815331920,-0.001815828212,0.001854348900,-0.128919099449
0.365188079550,-0.001156377379,0.001897228170,-0.076933111855
0.362560827170,-0.000801419048,0.001873445995,-0.096480022940
0.359933574800,-0.000377798908,0.001942261051,-0.099133453601
0.357306322430,-0.000055083062,0.001956127444,-0.104149334571
0.354679070060,0.000171214310,0.001878321376,-0.090597318777
0.352051817690,0.000511373894,0.001803864905,0.004487891267
0.349424565320,0.000395656617,0.001807321548,-0.043791832137
0.346797312950,0.000793381505,0.001845669731,-0.094600691113
0.344170060580,0.000939743991,0.001867763593,0.042320165928
0.341542808210,0.000957308382,0.001924183866,0.052597703265
0.338915555840,0.000888332205,0.002027201976,0.043914071368
0.336288303460,0.000904601465,0.002129933711,0.065455104569
0.333661051090,0.000957730945,0.002264584654,0.096720919314
0.331033798720,0.000849072163,0.002314423534,0.107600850722
0.328406546350,0.000733480875,0.002346488201,0.104465051324
0.325779293980,0.000637580391,0.002252834823,0.124078824712
0.323152041610,0.000503699383,0.002089077324,0.115840546856
0.320524789240,0.000449858898,0.002078238217,0.059017829997
0.317897536870,0.000331902644,0.002042365702,0.043914259419
0.315270284500,0.000184003256,0.001953595998,0.005056008559
0.312643032100,0.000069910523,0.001833517485,-0.025531834578
0.310015779800,-0.000012164111,0.001882249520,-0.034262576292
0.307388527400,-0.000041363452,0.002152380961,-0.013720671335
0.304761275000,-0.000226505129,0.002571096036,-0.000611662729
0.302134022600,-0.000348967831,0.002981659106,0.009428924572
0.299506770300,-0.000476503878,0.003263986489,0.036152652041
0.296879517900,-0.000605380809,0.003651885110,0.042866065347
0.294252265500,-0.000594450115,0.003839057264,0.041691463812
0.291625013200,-0.000518358001,0.004009119599,0.048056475665
0.288997760800,-0.000481558433,0.004166576981,0.020105292532
0.286370508400,-0.000433762047,0.004243844465,-0.031811854418
0.283743256000,-0.000211424535,0.004355553923,-0.052478038859
0.281116003700,0.000091099492,0.004448965661,-0.036332893423
0.278488751300,0.000191544557,0.004584921225,-0.032399787034
0.275861498900,0.000189945118,0.004659055933,-0.009857894512
0.273234246600,0.000160025537,0.004588884208,0.107879125047
0.270606994200,0.000134167280,0.004336126927,0.158661442116
0.267979741800,0.000061293467,0.004127297428,0.158792027737
0.265352489400,-0.000016326767,0.003918873247,0.156714568576
0.262725237100,-0.000219004800,0.003822265013,0.137892904676
0.260097984700,-0.000542368846,0.003728603390,0.128466082434
0.257470732300,-0.000758919584,0.003540863884,0.087079683512
0.254843480000,-0.000888530300,0.003399930916,0.104574168667
0.252216227600,-0.000970507397,0.003383292577,0.154591585420
0.249588975200,-0.000994632698,0.003349650235,0.115891641080
0.246961722900,-0.001049555812,0.003182628322,0.052362222243
0.244334470500,-0.001138599899,0.003185292405,-0.037507160170
0.241707218100,-0.001266128706,0.003195882633,-0.134223266732
0.239079965700,-0.001345833848,0.002999143521,-0.195131776841
0.236452713400,-0.001517195428,0.002800796580,-0.246376646674
0.233825461000,-0.001894013659,0.002718174558,-0.247796246524
0.231198208600,-0.002167154755,0.002534247998,-0.157152576128
0.228570956300,-0.002497698803,0.002318210389,-0.033386150761
0.225943703900,-0.002978398538,0.002108288577,0.130229243142
0.223316451500,-0.003422583794,0.001939887381,0.284951468319
0.220689199100,-0.003854270542,0.001975931168,0.295446748846
0.218061946800,-0.004268499568,0.002025794359,0.234830810809
0.215434694400,-0.004581688027,0.001998330431,0.223920355710
0.212807442000,-0.004710566546,0.001933250130,0.177855345979
0.210180189700,-0.004708927546,0.001862613224,0.138621010185
0.207552937300,-0.004669961846,0.001753614537,0.175017936746
0.204925684900,-0.004579093173,0.001825757086,0.185986153564
0.202298432500,-0.004370380002,0.001980858183,0.147237389745
0.199671180200,-0.004094304737,0.002042242555,0.114939594112
0.197043927800,-0.003966408522,0.002091982551,0.100275074169
0.194416675400,-0.003858120926,0.002182254763,0.093462946327
0.191789423100,-0.003820423816,0.002310041330,0.074321079908
0.189162170700,-0.003900638753,0.002479568773,0.088451362447
0.186534918300,-0.003938589045,0.002658710239,0.118166705548
0.183907666000,-0.004016474034,0.002728497586,0.073627579325
0.181280413600,-0.004135744325,0.002973225454,0.035551188100
0.178653161200,-0.004177415406,0.003270151075,0.027920183973
0.176025908800,-0.004047410238,0.003482376811,0.055945126349
0.173398656500,-0.003977686439,0.003624952279,0.048897209278
0.170771404100,-0.003875658732,0.003786954326,0.029343721777
0.168144151700,-0.003658251638,0.003951914187,0.058548986426
0.165516899400,-0.003672777635,0.003998571903,-0.089024922235
0.162889647000,-0.003188785117,0.004615126746,0.061681729638
0.160262394600,-0.002797598880,0.004768799638,0.145613441984
0.157635142200,-0.002310026808,0.004866772005,0.162594428698
0.155007889900,-0.001858089982,0.004880135456,0.156423230522
0.152380637500,-0.001506342510,0.004786125853,0.116614411259
0.149753385100,-0.001120819156,0.004891622681,0.060492137140
0.147126132800,-0.000784580061,0.004933630605,-0.002946765144
0.144498880400,-0.000576592734,0.004921078264,0.025896401291
0.141871628000,-0.000512099596,0.004906507376,0.045715107111
0.139244375600,-0.000552478901,0.004973200720,0.019963894694
0.136617123300,-0.000580598521,0.004802539734,0.004170417536
0.133989870900,-0.000902885450,0.004556264616,0.023396553885
0.131362618500,-0.000984810085,0.004425563661,-0.071493798189
0.128735366200,-0.001163838426,0.004280962425,-0.082400947237
0.126108113800,-0.001432152619,0.004127016358,-0.029722466544
0.123480861400,-0.001688524613,0.003903408441,0.020095657807
0.120853609000,-0.001959117720,0.003715509050,0.063520554472
0.118226356700,-0.002282554762,0.003652470676,0.065127204492
0.115599104300,-0.002678497197,0.003454873665,0.016856665971
0.112971851900,-0.003247499653,0.003344187010,-0.022669988186
0.110344599600,-0.004097395941,0.003154805493,-0.044357102398
0.107717347200,-0.004833128171,0.003013970094,-0.007681302579
0.105090094800,-0.005334314786,0.002768999925,0.043826578649
0.102462842500,-0.005580884428,0.002341916499,0.000950925341
0.099835590100,-0.005646601664,0.001964103493,-0.023959778069
0.097208337700,-0.005571043565,0.001253434971,-0.052507607247
0.094581085300,-0.005319792626,0.000708954066,-0.051475700527
0.091953833000,-0.005167080545,0.000471071190,-0.003201996269
0.089326580600,-0.005083218516,0.000287427127,-0.003186133394
0.086699328200,-0.004946028202,0.000444863654,-0.139847353816
0.084072075900,-0.004652506783,0.000628918080,-0.236689935861
0.081444823500,-0.004483248024,0.000652461142,-0.214805054234
0.078817571100,-0.004283266849,0.000705406591,-0.173141822778
0.076190318700,-0.004226671527,0.000851040056,-0.126759700825
0.073563066400,-0.004140739783,0.000963659247,-0.121312383664
0.070935814000,-0.004064221883,0.000854710509,-0.083092717497
0.068308561600,-0.004063909843,0.000774420326,-0.049611377434
0.065681309300,-0.004376825283,0.000791959988,-0.003458762753
0.063054056900,-0.004622763343,0.000768801434,0.031635194501
0.060426804500,-0.004970930319,0.000729454032,0.090236835885
0.057799552100,-0.005402405831,0.000953285017,0.153717079196
0.055172299800,-0.005744315011,0.001043894903,0.154870384336
0.052545047400,-0.006193890756,0.001095589588,0.132107752411
0.049917795000,-0.006466877630,0.001162842997,0.115782183951
0.047290542700,-0.006626236483,0.001218938692,0.056862568625
0.044663290300,-0.006732152938,0.001264076764,0.040620495357
0.042036037900,-0.006874891046,0.001236431515,0.045007898892
0.039408785500,-0.006993248261,0.001093380615,0.033319138599
0.036781533200,-0.007076760467,0.001313214825,0.053531593530
0.034154280800,-0.007055465562,0.001434947618,0.040111298334
0.031527028400,-0.007170275005,0.001557349791,-0.010079103814
0.028899776100,-0.007290269450,0.001802901823,-0.008366469596
0.026272523700,-0.007271405023,0.001895751717,0.441339950222
0.023645271300,-0.006269861839,0.001694909529,0.407496806266
0.021018019000,-0.006208602810,0.001549051641,-0.402764134530
0.018390766600,-0.007163518232,0.001638010293,-0.441985455100
0.015763514200,-0.007572865748,0.001790791278,-0.120768120828
0.013136261800,-0.007672773891,0.001918792202,-0.132014543729
0.010509009500,-0.007386133698,0.001845313633,-0.156256399096
0.007881757100,-0.007025355430,0.001802652429,-0.147712056234
0.005254504700,-0.006541853238,0.001578007722,-0.025849840780
0.002627252400,-0.005782911951,0.001370313492,0.594012912608
0.000000000000,-0.004736370710,0.000906204322,1.085553563839
