0.391460603250,0.018252023947,0.000533689544,-1.167560825343
0.388833350880,0.018531682167,0.000745071794,-0.322652137309
0.386206098510,0.019225731540,0.000973314322,0.515889485151
0.383578846140,0.018451083660,0.001137386421,0.064362265271
0.380951593770,0.017446949892,0.001433562629,-0.379684241486
0.378324341400,0.017514561809,0.001660605294,-0.386988920206
0.375697089030,0.019247257892,0.001785334255,-0.187682218865
0.373069836660,0.019042177863,0.001740364489,-0.008773293974
0.370442584290,0.018768089407,0.001731464424,-0.355618151592
0.367815331920,0.020206107454,0.001963789211,-0.331441037546
0.365188079550,0.020829184686,0.002121241760,-0.015453200291
0.362560827170,0.021450708439,0.002208871578,-0.034277219062
0.359933574800,0.021706813051,0.002115081451,-0.013201812392
0.357306322430,0.021911633438,0.002029832343,-0.029631255888
0.354679070060,0.022274430887,0.002086984755,-0.046533020596
0.352051817690,0.022389345644,0.002128533161,-0.060384761009
0.349424565320,0.022552578987,0.002276924546,-0.068001356951
0.346797312950,0.022768419958,0.002278407319,-0.029275339695
0.344170060580,0.022868022683,0.002399893294,0.006318052253
0.341542808210,0.022896235996,0.002360635005,-0.030531090520
0.338915555840,0.023035075630,0.002364984417,0.018540009351
0.336288303460,0.023117988657,0.002485810677,0.047372799542
0.333661051090,0.023117709296,0.002587280265,0.026765688659
0.331033798720,0.023040771776,0.002706492542,0.024708495634
0.328406546350,0.022911054566,0.002722509212,0.032379661238
0.325779293980,0.022736982309,0.002607837306,0.047295483963
0.323152041610,0.022636947744,0.002571190989,0.059044533013
0.320524789240,0.022510441935,0.002648914567,0.040356933784
0.317897536870,0.022422367784,0.002648944169,0.012323989586
0.315270284500,0.022241685399,0.002593600525,0.004459351395
0.312643032100,0.022063927468,0.002566546469,0.000730039939
0.310015779800,0.021989468452,0.002464709600,0.058637315307
0.307388527400,0.021809124231,0.002238875008,0.083505674679
0.304761275000,0.021682711804,0.002173980942,0.031131973764
0.302134022600,0.021572524744,0.002115261584,-0.028252364289
0.299506770300,0.021593731167,0.001881123197,0.009593674467
0.296879517900,0.021671050572,0.001740384892,0.069061472473
0.294252265500,0.021619889879,0.001800626988,0.077385565675
0.291625013200,0.021625367084,0.001890283623,0.050797431214
0.288997760800,0.021840172142,0.001949898678,0.064185315963
0.286370508400,0.022113566730,0.002069882367,0.082743143716
0.283743256000,0.022308624017,0.002068800916,0.073502515277
0.281116003700,0.022456678040,0.002306728943,0.062979223309
0.278488751300,0.022653215450,0.002418154234,0.070680000642
0.275861498900,0.022745591410,0.002374682027,0.081869001042
0.273234246600,0.022759236187,0.002402701726,0.068833528166
0.270606994200,0.022780909506,0.002333818331,0.039588577469
0.267979741800,0.022778975236,0.002336274338,-0.010120136681
0.265352489400,0.022772687199,0.002258828886,-0.028303063634
0.262725237100,0.022781710942,0.002225361710,0.021123145158
0.260097984700,0.022735541536,0.002093790771,0.063144415061
0.257470732300,0.022622551442,0.001962019582,0.053543700047
0.254843480000,0.022523875837,0.001835543877,0.068919174715
0.252216227600,0.022232410466,0.001761544232,0.064676195678
0.249588975200,0.021891745292,0.001765992175,0.037292283992
0.246961722900,0.021564694990,0.001442906048,0.061448196997
0.244334470500,0.021260403199,0.001312134431,0.091175248586
0.241707218100,0.021134559141,0.001256266392,0.122927692697
0.239079965700,0.020985146810,0.001047671095,0.081826157236
0.236452713400,0.020814308918,0.000768209793,0.003590215825
0.233825461000,0.020620741108,0.000622764644,-0.007013647492
0.231198208600,0.020431451165,0.000488353473,-0.038884936321
0.228570956300,0.020319364604,0.000219689924,-0.001829074097
0.225943703900,0.019794167026,-0.000017186566,-0.164406229002
0.223316451500,0.019982174668,0.000153252883,-0.086161891812
0.220689199100,0.019644374237,0.000134781406,0.069297868042
0.218061946800,0.019352215364,0.000250625534,0.146568095085
0.215434694400,0.018916542929,0.000213938325,0.215658145265
0.212807442000,0.018481795766,0.000116713058,0.219845866429
0.210180189700,0.018138097575,0.000125029637,0.214285462468
0.207552937300,0.017849214926,0.000345458487,0.247366503591
0.204925684900,0.017644324844,0.000413620839,0.236905911840
0.202298432500,0.017511614636,0.000472925804,0.173769164260
0.199671180200,0.017404785141,0.000592267915,0.132186259557
0.197043927800,0.017421515041,0.000680145700,0.132577206280
0.194416675400,0.017507821718,0.000817772587,0.118425373896
0.191789423100,0.017619210096,0.001124444262,0.105593012581
0.189162170700,0.017765599324,0.001243672590,0.098157726212
0.186534918300,0.017936799161,0.001431634468,0.082889585793
0.183907666000,0.018060849443,0.001568641075,0.056448675247
0.181280413600,0.018127494282,0.001633777327,0.056960701736
0.178653161200,0.018175458639,0.001716139518,0.084305262955
0.176025908800,0.018289679789,0.001866024183,0.096716418525
0.173398656500,0.018338676226,0.002015672969,0.087903844315
0.170771404100,0.018352679042,0.002083742225,0.056268950221
0.168144151700,0.018279350418,0.002134555367,0.049113700355
0.165516899400,0.018286515685,0.002219446228,0.030646783162
0.162889647000,0.018345720547,0.002302960604,-0.039876299340
0.160262394600,0.018229971557,0.002290446982,-0.058009267543
0.157635142200,0.018286951631,0.002417703437,-0.000308813432
0.155007889900,0.018271506513,0.002316306772,0.053071671456
0.152380637500,0.018179023032,0.002310726232,0.075812533494
0.149753385100,0.018387679011,0.002339387414,0.073108790221
0.147126132800,0.018563424740,0.002209845317,0.067457662752
0.144498880400,0.018855791569,0.002137074458,0.025361171121
0.141871628000,0.019275129036,0.001945416602,-0.088783154230
0.139244375600,0.019645132969,0.001850878653,-0.120198766222
0.136617123300,0.020159196064,0.001707421216,-0.097847458532
0.133989870900,0.020578861687,0.001576251995,-0.105464530972
0.131362618500,0.021082917495,0.001449212764,-0.145635955204
0.128735366200,0.021380600503,0.001258291774,-0.140221916828
0.126108113800,0.021557824893,0.001262487241,-0.138005116096
0.123480861400,0.021691760944,0.001118412885,-0.158003843708
0.120853609000,0.021593800894,0.000932809668,-0.148026326288
0.118226356700,0.021431692464,0.000747209858,-0.083756555309
0.115599104300,0.021318835939,0.000722417835,-0.054496775604
0.112971851900,0.021064305093,0.000712160748,-0.058817792955
0.110344599600,0.020636207509,0.000589425926,0.023761316028
0.107717347200,0.020228917654,0.000556643251,0.071976517716
0.105090094800,0.019818024907,0.000560628731,0.012504898488
0.102462842500,0.019487024581,0.000551049677,0.002317790668
0.099835590100,0.019013646610,0.000505344481,-0.036623734422
0.097208337700,0.018563518612,0.000544768731,-0.109086362971
0.094581085300,0.018252193414,0.000623940319,-0.083211212372
0.091953833000,0.017880935840,0.000730169066,-0.014783703025
0.089326580600,0.017520131580,0.000745191937,-0.003017420213
0.086699328200,0.017284186267,0.000604125727,0.023224246280
0.084072075900,0.017301760734,0.000398645672,0.136728264554
0.081444823500,0.017429552547,0.000188636679,0.164332105254
0.078817571100,0.017471140807,-0.000015399642,0.132105874011
0.076190318700,0.017512856314,-0.000111872590,0.052808139459
0.073563066400,0.017674760906,-0.000039646881,-0.028449213847
0.070935814000,0.017858754196,0.000132012385,0.009103508432
0.068308561600,0.018179687176,0.000273926239,0.061134989114
0.065681309300,0.018479388682,0.000388939888,0.014548402935
0.063054056900,0.018490899430,0.000518032247,0.009767386119
0.060426804500,0.018255925672,0.000592000587,0.040468247455
0.057799552100,0.017947805656,0.000677874431,0.089275581821
0.055172299800,0.017513049024,0.000701858923,0.142975572027
0.052545047400,0.017161571064,0.000547878443,0.111026086020
0.049917795000,0.016746286752,0.000641641257,0.070200745627
0.047290542700,0.016307092418,0.000689241138,0.080672276618
0.044663290300,0.015888324039,0.000967441394,0.120480658682
0.042036037900,0.015668260045,0.001346439161,0.061511473620
0.039408785500,0.015385001689,0.001630054635,-0.002216156254
0.036781533200,0.015138347808,0.001879106622,-0.009021645106
0.034154280800,0.015040685758,0.001968296139,0.003536535450
0.031527028400,0.014873908514,0.001833399524,0.007386702051
0.028899776100,0.014892649697,0.001743668154,0.011745360970
0.026272523700,0.014811233224,0.001694583055,0.216916286931
0.023645271300,0.014335949134,0.001363364812,-0.031527005384
0.021018019000,0.014231815884,0.001382556553,-0.267231180199
0.018390766600,0.014610695056,0.001388021885,-0.069793908206
0.015763514200,0.014727276758,0.001414514902,-0.077214531615
0.013136261800,0.014536913204,0.001361109852,0.001211196926
0.010509009500,0.014519802768,0.001339754672,0.091024985690
0.007881757100,0.014897172278,0.001233333950,0.069225864820
0.005254504700,0.015333979285,0.000920046289,0.265297273543
0.002627252400,0.015567350755,0.000546729409,2.477359560519
0.000000000000,0.013661969915,0.000303839861,4.374893996823
