0.391460603250,0.054957747202,-0.000400934759,1.421475317890
0.388833350880,0.056196904925,-0.000581252000,0.686709569802
0.386206098510,0.058585979286,-0.000947895427,0.400617664452
0.383578846140,0.058652335212,-0.001077309481,0.152246622936
0.380951593770,0.058362906640,-0.001051811628,-0.242461072066
0.378324341400,0.056648262443,-0.001076407923,-0.254973023103
0.375697089030,0.055852241402,-0.001101311846,-0.435070110224
0.373069836660,0.056850468121,-0.001034031940,-0.296449613691
0.370442584290,0.057549109252,-0.001072686937,-0.275695397456
0.367815331920,0.058642493809,-0.001239751612,-0.213765829264
0.365188079550,0.060971617763,-0.001290250177,-0.092369881490
0.362560827170,0.061219952554,-0.001276004100,-0.044571388439
0.359933574800,0.059578090612,-0.001352100077,-0.045164983501
0.357306322430,0.060980729906,-0.001634782372,-0.045033544913
0.354679070060,0.061885845398,-0.001632407886,-0.033124408163
0.352051817690,0.062116859745,-0.001635464699,-0.027730708999
0.349424565320,0.062452105871,-0.001694795958,0.003064046857
0.346797312950,0.062720215520,-0.001796858960,0.069689627541
0.344170060580,0.062890039972,-0.001892217321,0.167469893101
0.341542808210,0.062875937094,-0.002003529948,0.153484844888
0.338915555840,0.063011452928,-0.002055819629,0.043551329755
0.336288303460,0.063010711606,-0.001934592356,-0.055218907981
0.333661051090,0.062898547269,-0.001720741025,-0.167045605797
0.331033798720,0.062832699140,-0.001413487507,-0.275314070459
0.328406546350,0.062618558624,-0.001267675857,-0.249010319732
0.325779293980,0.062341009565,-0.001028207808,-0.149176779493
0.323152041610,0.061823352304,-0.000705138619,-0.081989446360
0.320524789240,0.061381087127,-0.000456827477,-0.059563108256
0.317897536870,0.061092033994,-0.000383172221,-0.023391229794
0.315270284500,0.060772196117,-0.000270496079,-0.028253153060
0.312643032100,0.060424771554,-0.000080625801,-0.099481885462
0.310015779800,0.060191733823,0.000141070820,-0.150294802836
0.307388527400,0.060085399917,0.000439445463,-0.157727640940
0.304761275000,0.059977593808,0.000671849084,-0.168312380615
0.302134022600,0.059957550740,0.001033259827,-0.179427584583
0.299506770300,0.060053309227,0.001275679802,-0.177240755519
0.296879517900,0.060274729659,0.001647702906,-0.169789915824
0.294252265500,0.060424626587,0.001912201893,-0.103110167880
0.291625013200,0.060464437560,0.002092631041,0.181117071624
0.288997760800,0.059785109170,0.002269637715,0.261543520949
0.286370508400,0.059916315649,0.002315100217,-0.051030422859
0.283743256000,0.060718453418,0.002363221805,-0.069775580060
0.281116003700,0.060756474360,0.002374201975,0.046131093736
0.278488751300,0.060727793423,0.002328934654,-0.013652930236
0.275861498900,0.060827868996,0.002206486149,-0.035310979687
0.273234246600,0.060859407731,0.002098511904,0.004172907431
0.270606994200,0.060850606868,0.002049044148,-0.000721417669
0.267979741800,0.060883361201,0.002059742444,0.009394517392
0.265352489400,0.060899921403,0.001953564271,-0.002611752185
0.262725237100,0.060920201295,0.001988717161,-0.093580079630
0.260097984700,0.060829412406,0.002051940127,-0.177426416832
0.257470732300,0.060718619565,0.002099354452,-0.261094511759
0.254843480000,0.060835207958,0.002225316824,-0.174591982211
0.252216227600,0.060908788704,0.002125706009,0.023065562131
0.249588975200,0.060940862732,0.002086583481,0.125914043514
0.246961722900,0.061038873805,0.001914593003,0.136389715850
0.244334470500,0.061218641909,0.001731282183,0.102042901747
0.241707218100,0.061292756222,0.001664035617,0.047584116413
0.239079965700,0.061290045400,0.001469843166,0.028606732184
0.236452713400,0.061123513964,0.001357701978,0.023147638031
0.233825461000,0.060880216031,0.001270993173,-0.020862433883
0.231198208600,0.060550517068,0.001176917495,-0.063276790054
0.228570956300,0.060270525208,0.001016351106,-0.013315597783
0.225943703900,0.059992158746,0.000768027753,0.026255522463
0.223316451500,0.059698937041,0.000561031717,-0.017650281315
0.220689199100,0.059690676481,0.000284671191,-0.013468854802
0.218061946800,0.059618726316,0.000153948710,0.020138609963
0.215434694400,0.059645609850,0.000155213502,0.017062621189
0.212807442000,0.059832059597,0.000058086904,-0.014699039601
0.210180189700,0.060076500570,0.000011135802,-0.094571001641
0.207552937300,0.060329239556,0.000015056794,-0.162290108772
0.204925684900,0.060560117469,0.000043408503,-0.149762281983
0.202298432500,0.060657685243,0.000031447867,-0.101364656152
0.199671180200,0.060491165047,0.000080031137,-0.049908160112
0.197043927800,0.060384885693,0.000208444678,-0.038627437009
0.194416675400,0.060377035821,0.000410108303,-0.004744859365
0.191789423100,0.060264390524,0.000567320047,0.019539878303
0.189162170700,0.060046566996,0.000730413615,-0.003834218838
0.186534918300,0.059810174424,0.000933867869,0.021337101697
0.183907666000,0.059579148439,0.001078002180,0.108646846971
0.181280413600,0.059496925560,0.001057117856,0.230528163479
0.178653161200,0.059477161460,0.001214570132,0.316859025100
0.176025908800,0.059412746097,0.001652584061,0.207325741507
0.173398656500,0.060186354577,0.001784259871,0.135636610164
0.170771404100,0.060078347697,0.001908805607,0.374922180399
0.168144151700,0.060268085374,0.002119523256,0.261226910770
0.165516899400,0.060522629837,0.001991317752,0.113906121299
0.162889647000,0.060847295094,0.001840265925,0.075359293138
0.160262394600,0.061232648852,0.001693951527,0.081439891179
0.157635142200,0.061571868666,0.001533791991,0.081729124044
0.155007889900,0.061829371046,0.001348144338,0.088813495133
0.152380637500,0.062082929490,0.001432891371,0.029094224334
0.149753385100,0.062237437204,0.001682001674,-0.089650555610
0.147126132800,0.062185818614,0.001685664117,-0.224888004687
0.144498880400,0.061954142992,0.001605000618,-0.296455074176
0.141871628000,0.061714570174,0.001778475453,-0.276072345704
0.139244375600,0.061478634603,0.001890652084,-0.275225869822
0.136617123300,0.061177964864,0.001738933561,-0.224023933106
0.133989870900,0.061118963378,0.001902357853,-0.122817613513
0.131362618500,0.060806677812,0.002080372133,-0.037104150380
0.128735366200,0.060443279665,0.002221876088,-0.028051974170
0.126108113800,0.060129731932,0.002490351393,-0.019839320847
0.123480861400,0.059904354001,0.002525980335,-0.010422560858
0.120853609000,0.059588190061,0.002591361241,0.025091677339
0.118226356700,0.059303602235,0.002689082683,0.023975344516
0.115599104300,0.059033199463,0.002774370837,0.029323607240
0.112971851900,0.058849453680,0.002739148841,0.080656697557
0.110344599600,0.058706771514,0.002725715618,0.090489533414
0.107717347200,0.058781166812,0.002895876267,0.070103019002
0.105090094800,0.058947465956,0.003106085843,0.050163439442
0.102462842500,0.059226876493,0.003257346803,0.043416391814
0.099835590100,0.059432382476,0.003293338984,0.061528189249
0.097208337700,0.059432750199,0.003371839751,0.073364445668
0.094581085300,0.059387069908,0.003351229882,0.021653570342
0.091953833000,0.059421348182,0.003304439046,-0.021081285090
0.089326580600,0.059367313642,0.002974097819,-0.051678017651
0.086699328200,0.059172088412,0.002646015759,0.001946631550
0.084072075900,0.059023893446,0.002486813055,0.085726130655
0.081444823500,0.058959479403,0.002237140442,0.130277895201
0.078817571100,0.058790527314,0.002108607544,0.244192469495
0.076190318700,0.058515004629,0.001880216297,0.330893604719
0.073563066400,0.058496129984,0.001883020148,0.393649634585
0.070935814000,0.058522131007,0.001970006143,0.449034871385
0.068308561600,0.058385171169,0.002088464447,0.418390751627
0.065681309300,0.058243136091,0.002090620157,0.338317466542
0.063054056900,0.058101886854,0.002076256417,0.263049163419
0.060426804500,0.058065819611,0.002125524954,0.284352254078
0.057799552100,0.058000278682,0.002331929740,0.302384901585
0.055172299800,0.057979332906,0.002463583126,0.317242061607
0.052545047400,0.057994743648,0.002660099477,0.364742314298
0.049917795000,0.057945673213,0.002796189467,0.323832508512
0.047290542700,0.057978829846,0.002764036423,0.287438914827
0.044663290300,0.058037912024,0.002616994722,0.204019926842
0.042036037900,0.058013579494,0.002548948859,0.096570562367
0.039408785500,0.057788708600,0.002503622684,0.067473723047
0.036781533200,0.057510496397,0.002337706381,0.107095445644
0.034154280800,0.057302099271,0.001945101306,0.163828422110
0.031527028400,0.057111661873,0.001691859082,0.228675086944
0.028899776100,0.056662574163,0.001453727007,0.248737541755
0.026272523700,0.056041979684,0.001149670902,0.549841386167
0.023645271300,0.052298709572,0.000902792518,0.181471345269
0.021018019000,0.054118096149,0.000870174808,-0.124024990648
0.018390766600,0.054199958070,0.000844653293,0.112538655831
0.015763514200,0.054025378968,0.000859040710,0.032996887482
0.013136261800,0.054089193669,0.000675994255,-0.035655323856
0.010509009500,0.054387311480,0.000559990547,-0.062241041603
0.007881757100,0.054579895077,0.000399255753,-0.162504657065
0.005254504700,0.055178058412,0.000222823985,-0.235721198684
0.002627252400,0.055424699950,-0.000154435354,0.769497209021
0.000000000000,0.048434491153,-0.000269899436,1.823355170603
