0.391460603250,-0.019742416286,0.001363301379,-0.180984920188
0.388833350880,-0.019267710557,0.001447371476,-0.135220022347
0.386206098510,-0.019314762560,0.001165015429,0.487408655451
0.383578846140,-0.019110097529,0.000806231913,0.001447743483
0.380951593770,-0.017887560254,0.000755687566,-0.855258865669
0.378324341400,-0.018567664392,0.000900150401,-0.256856125090
0.375697089030,-0.019903858070,0.001081792619,-0.027156145379
0.373069836660,-0.019564061063,0.001187217249,-0.101033899934
0.370442584290,-0.019352790214,0.001108246314,0.096586385604
0.367815331920,-0.018400972863,0.000723309812,-0.016059161073
0.365188079550,-0.019287710413,0.000550441180,-0.243712329090
0.362560827170,-0.018907153523,0.000478011696,-0.134354352883
0.359933574800,-0.018604925093,0.000414659953,-0.061902798847
0.357306322430,-0.018208418282,0.000541052666,-0.370855665551
0.354679070060,-0.017611562700,0.000824144836,-0.329919670524
0.352051817690,-0.017407201744,0.001071968026,-0.035419848004
0.349424565320,-0.017008116981,0.001042237919,0.000210541139
0.346797312950,-0.016681091655,0.001043559173,0.042962294426
0.344170060580,-0.016542000462,0.001046144024,0.064349851719
0.341542808210,-0.016436915649,0.001064871462,0.097159776867
0.338915555840,-0.016426336975,0.000968259003,0.145632868724
0.336288303460,-0.016490184234,0.001071875916,0.121137746762
0.333661051090,-0.016511472138,0.001271788278,0.099866075608
0.331033798720,-0.016747190717,0.001375668881,0.096265945901
0.328406546350,-0.017082777136,0.001458945522,0.068856187681
0.325779293980,-0.017360715658,0.001676476682,0.029049885673
0.323152041610,-0.017666688980,0.001760732253,0.033968838251
0.320524789240,-0.017926898563,0.001723390357,0.057900615725
0.317897536870,-0.018214158457,0.001642156383,0.026036446786
0.315270284500,-0.018392882062,0.001622951067,-0.003153727350
0.312643032100,-0.018568472806,0.001584817441,0.012573290433
0.310015779800,-0.018626336245,0.001567636983,0.034109523265
0.307388527400,-0.018715156421,0.001691148480,-0.003183684455
0.304761275000,-0.018678775431,0.001858510916,-0.025329798569
0.302134022600,-0.018594886559,0.002021128085,0.010820962649
0.299506770300,-0.018474627959,0.002231468547,0.016632152149
0.296879517900,-0.018274289950,0.002432114383,0.039205497638
0.294252265500,-0.018044876219,0.002651681633,0.069850578669
0.291625013200,-0.017822929691,0.002949002450,0.055488487251
0.288997760800,-0.017742534718,0.003062973575,0.052350249160
0.286370508400,-0.017597605566,0.003196244099,0.050770805056
0.283743256000,-0.017538028898,0.003258098768,0.029097129470
0.281116003700,-0.017621175234,0.003222320328,0.040086520138
0.278488751300,-0.017716304468,0.003018670943,0.048638886943
0.275861498900,-0.017892019259,0.002836566791,0.021568139302
0.273234246600,-0.018042983729,0.002693689255,-0.018497485255
0.270606994200,-0.018041399911,0.002432696810,-0.052785914475
0.267979741800,-0.018163489412,0.002208281665,-0.070515115809
0.265352489400,-0.018212089546,0.002090188895,-0.071272356555
0.262725237100,-0.018213682838,0.002100695119,-0.105517704010
0.260097984700,-0.018349301695,0.002205905111,-0.122049596405
0.257470732300,-0.018487337237,0.002291061592,-0.071539691733
0.254843480000,-0.018642665376,0.002337155158,-0.019113023657
0.252216227600,-0.018748563656,0.002337727547,0.038974105120
0.249588975200,-0.018673031708,0.002455274722,0.143918209210
0.246961722900,-0.018611345793,0.002535539259,0.190904627777
0.244334470500,-0.018647229310,0.002419057884,0.223922236742
0.241707218100,-0.018839276232,0.002384797977,0.248666731049
0.239079965700,-0.019268201655,0.002196922860,0.213770131959
0.236452713400,-0.019846265622,0.001910917409,0.168306373543
0.233825461000,-0.020525186281,0.001710557818,0.122660181132
0.231198208600,-0.021196304378,0.001434298141,0.124216575015
0.228570956300,-0.021698400670,0.001113053141,0.132491602046
0.225943703900,-0.021915642889,0.000921696543,0.085940941205
0.223316451500,-0.021851796861,0.000953578579,0.034938370455
0.220689199100,-0.021761956200,0.001097556662,0.003065218619
0.218061946800,-0.021519459264,0.001382609354,-0.024696926524
0.215434694400,-0.021323651204,0.001605630660,-0.081448018453
0.212807442000,-0.021211021767,0.001706319914,-0.111566944018
0.210180189700,-0.021030157296,0.001807842875,-0.121076882105
0.207552937300,-0.020990000874,0.001826285202,-0.098605258888
0.204925684900,-0.020918352321,0.001849450127,0.005600316346
0.202298432500,-0.020806916381,0.002135790042,0.087457831243
0.199671180200,-0.020726329904,0.002330955251,0.091222180975
0.197043927800,-0.020666945078,0.002530610359,0.100046038313
0.194416675400,-0.020543211316,0.002976694468,0.100397888175
0.191789423100,-0.020635845923,0.003387317210,0.094687576941
0.189162170700,-0.020663399306,0.003687150768,0.421264805679
0.186534918300,-0.022092681386,0.003655399573,0.130284845728
0.183907666000,-0.021090516833,0.003916275572,-0.117892106591
0.181280413600,-0.020552046906,0.003894760283,0.187378907085
0.178653161200,-0.020389207014,0.003932111833,0.359775636340
0.176025908800,-0.020181749961,0.004066462290,0.383807283591
0.173398656500,-0.019919915751,0.004400625789,0.373554417628
0.170771404100,-0.019566554690,0.004647094150,0.337490509027
0.168144151700,-0.019179987590,0.004765728567,0.265008311186
0.165516899400,-0.018902014555,0.004847703965,0.243345086848
0.162889647000,-0.018577079854,0.004928639175,0.255358549413
0.160262394600,-0.018274393408,0.004957747701,0.193640666678
0.157635142200,-0.017940774354,0.004838669169,0.124805331443
0.155007889900,-0.017722814767,0.004657725595,0.082098952954
0.152380637500,-0.017828156994,0.004526772463,0.066748513502
0.149753385100,-0.018150607155,0.004393159607,0.013340805872
0.147126132800,-0.018598410037,0.004180223815,-0.074718540349
0.144498880400,-0.019015157449,0.003837984558,-0.144228992777
0.141871628000,-0.019355384176,0.003653190664,-0.134854616272
0.139244375600,-0.019755030631,0.003615222930,-0.081440316129
0.136617123300,-0.020178813580,0.003381851259,-0.037011216915
0.133989870900,-0.020727587186,0.003322941573,0.013008412205
0.131362618500,-0.021393478063,0.003352345407,0.103739442741
0.128735366200,-0.022003490908,0.003705860566,0.162550348517
0.126108113800,-0.022421573972,0.004172533505,0.165952678528
0.123480861400,-0.022424977023,0.004299695340,0.041276630288
0.120853609000,-0.022628682897,0.004340603001,0.062974386113
0.118226356700,-0.022797460999,0.004281377468,0.074788291689
0.115599104300,-0.022680271759,0.004091567481,0.112532357117
0.112971851900,-0.022680524696,0.004030471798,0.107708806279
0.110344599600,-0.022528776045,0.004012158410,0.047052479769
0.107717347200,-0.022410751233,0.004042240445,-0.007124987415
0.105090094800,-0.022264976972,0.004182060494,-0.063561283417
0.102462842500,-0.022160717870,0.004227115282,-0.125597857048
0.099835590100,-0.022053381526,0.004163180515,-0.094531512029
0.097208337700,-0.021790747418,0.004219877419,0.005204627764
0.094581085300,-0.021720268325,0.004399073330,0.106647893512
0.091953833000,-0.021783021515,0.004414279582,0.242101148410
0.089326580600,-0.022079009383,0.004083585461,0.296913710586
0.086699328200,-0.022271313820,0.003998874850,0.191906944530
0.084072075900,-0.022234890223,0.003995915045,0.124954644830
0.081444823500,-0.022296350573,0.003913546228,0.084734275502
0.078817571100,-0.022462034897,0.003851435595,0.028712966127
0.076190318700,-0.022593787153,0.003632254173,0.019318492698
0.073563066400,-0.022818478984,0.003508435039,0.130023888346
0.070935814000,-0.022951904736,0.003462802155,0.135153394491
0.068308561600,-0.022864288656,0.003511147959,0.082915479952
0.065681309300,-0.022829798670,0.003494808121,0.102214366416
0.063054056900,-0.023035420970,0.003606181733,0.093788229859
0.060426804500,-0.023099140783,0.003471583463,0.019957685538
0.057799552100,-0.022982884789,0.003312681316,-0.001750481966
0.055172299800,-0.022937228317,0.003316125130,0.018240627830
0.052545047400,-0.022903954229,0.003261001283,0.017727578190
0.049917795000,-0.022956671019,0.003292081582,0.001045893295
0.047290542700,-0.023005330866,0.003371915683,-0.038551571083
0.044663290300,-0.023080455887,0.003223913569,-0.023469424756
0.042036037900,-0.023192738869,0.003064732969,0.032517405988
0.039408785500,-0.023350882159,0.002921059010,0.053012737181
0.036781533200,-0.023560281463,0.002779097784,-0.008891277299
0.034154280800,-0.023934576544,0.002820693897,-0.028797283549
0.031527028400,-0.024511354250,0.002866966048,0.060483017459
0.028899776100,-0.025073606474,0.002898319599,0.118123329210
0.026272523700,-0.025566398132,0.003025635395,0.115585383419
0.023645271300,-0.026005146482,0.002855541231,0.163422955912
0.021018019000,-0.026388537881,0.002979296535,0.109666696844
0.018390766600,-0.026750618420,0.003052826150,0.012280566053
0.015763514200,-0.026616430930,0.002779029234,-0.049978151326
0.013136261800,-0.026298884824,0.002410585035,-0.075034287743
0.010509009500,-0.026000643671,0.002062046084,-0.045014219042
0.007881757100,-0.025535343030,0.001615832259,0.031994706197
0.005254504700,-0.025039929697,0.001121362430,0.116891691363
0.002627252400,-0.024313999962,0.000729185937,1.339321489946
0.000000000000,-0.018458851060,0.000154492899,2.519270909823
