0.391460603250,-0.027520774875,0.000542057870,0.369011056268
0.388833350880,-0.028818901197,0.000707319302,0.174234770472
0.386206098510,-0.029964316538,0.000876029690,-0.206025295448
0.383578846140,-0.029128119060,0.001054125184,0.001153726062
0.380951593770,-0.030984697794,0.001217639035,-0.332719015267
0.378324341400,-0.030155562841,0.001389993087,-0.221164370902
0.375697089030,-0.029642322662,0.001630707502,0.053626337004
0.373069836660,-0.029419927761,0.001739077744,-0.201163652036
0.370442584290,-0.029320753435,0.002172179995,0.668904632353
0.367815331920,-0.030833012468,0.002185900248,0.061626874689
0.365188079550,-0.029467683235,0.002194156612,-0.517582727827
0.362560827170,-0.028816241418,0.002557539236,-0.327915114934
0.359933574800,-0.028637220137,0.002664086243,-0.261483048421
0.357306322430,-0.028307273946,0.002961021000,0.004128967032
0.354679070060,-0.028170072035,0.003115705740,-0.025704877946
0.352051817690,-0.027900337958,0.003217776462,-0.079294738241
0.349424565320,-0.027697655021,0.003287514664,-0.098876639432
0.346797312950,-0.027395421528,0.003343528935,-0.069231416382
0.344170060580,-0.027224605518,0.003500884449,-0.056032204301
0.341542808210,-0.027173463652,0.003685128186,-0.037373970384
0.338915555840,-0.027092559919,0.003744157397,-0.040008245118
0.336288303460,-0.027012562963,0.003786415631,-0.000412568171
0.333661051090,-0.027077437336,0.004004288854,0.037755396824
0.331033798720,-0.027225543503,0.004093363251,0.018150583932
0.328406546350,-0.027410211598,0.004155423192,0.038513698515
0.325779293980,-0.027531236681,0.004098156644,0.080206933074
0.323152041610,-0.027610143840,0.004052241595,0.100903850720
0.320524789240,-0.027829553344,0.004079418809,0.124892660237
0.317897536870,-0.028055364101,0.004103957474,0.103195217626
0.315270284500,-0.028257065351,0.004135360481,0.068962022292
0.312643032100,-0.028371816525,0.004126779999,0.082862496524
0.310015779800,-0.028470639193,0.004006462226,0.072458343800
0.307388527400,-0.028638929082,0.004035658186,0.047533310702
0.304761275000,-0.028692319108,0.003934068696,0.015274592104
0.302134022600,-0.028789218240,0.003800484480,0.008204376361
0.299506770300,-0.028863063459,0.003698098031,0.013728168090
0.296879517900,-0.028794817722,0.003615068607,0.021714015486
0.294252265500,-0.028800957669,0.003596088274,0.016101722063
0.291625013200,-0.028738474224,0.003502490146,0.015294268312
0.288997760800,-0.028619280725,0.003539500345,-0.011954444218
0.286370508400,-0.028509568672,0.003502496029,-0.022274787156
0.283743256000,-0.028335998519,0.003512343131,0.024071393331
0.281116003700,-0.028196193905,0.003593659083,0.084398301330
0.278488751300,-0.028044351447,0.003713693437,0.120048655305
0.275861498900,-0.027908362083,0.003718195923,0.099829622157
0.273234246600,-0.027816389301,0.003680699527,0.046291015737
0.270606994200,-0.027840820202,0.003722291781,-0.010786210128
0.267979741800,-0.027915429346,0.003683589266,-0.028406325237
0.265352489400,-0.027887172577,0.003499319331,-0.021800318879
0.262725237100,-0.027793817302,0.003349170231,0.020346204724
0.260097984700,-0.027938418165,0.003237401478,0.044399030234
0.257470732300,-0.028111276004,0.003014004262,0.049013082645
0.254843480000,-0.028213628587,0.002825525814,0.068426477455
0.252216227600,-0.028424983331,0.002663029046,0.081183102695
0.249588975200,-0.028665751779,0.002528277891,0.066649325247
0.246961722900,-0.028914152171,0.002492835883,0.088830920881
0.244334470500,-0.029160124033,0.002358665682,0.115392069849
0.241707218100,-0.029351643126,0.002045679467,0.076754493991
0.239079965700,-0.029479706294,0.001932158751,0.000315811108
0.236452713400,-0.029590667407,0.001871137929,-0.014426366937
0.233825461000,-0.029736230037,0.001719641543,-0.004105463425
0.231198208600,-0.029975722071,0.001606401414,-0.010916059649
0.228570956300,-0.030215092282,0.001472842827,-0.008748816965
0.225943703900,-0.030465035959,0.001358949136,0.020966160528
0.223316451500,-0.030646076308,0.001375437543,0.042934614189
0.220689199100,-0.030884829296,0.001506511993,0.078612516836
0.218061946800,-0.031264934917,0.001669978436,0.142645774027
0.215434694400,-0.031659661103,0.001705295668,0.188538391888
0.212807442000,-0.032084072795,0.001743165928,0.209242055375
0.210180189700,-0.032480101853,0.001706913787,0.208715206906
0.207552937300,-0.032853477895,0.001740867344,0.185096618640
0.204925684900,-0.033043416788,0.001888657473,0.169029154168
0.202298432500,-0.033091389427,0.001934063581,0.175505572831
0.199671180200,-0.033046689971,0.002005722410,0.221113501211
0.197043927800,-0.032895101595,0.002165953378,0.220444623279
0.194416675400,-0.032875897078,0.002322358891,0.202053957474
0.191789423100,-0.032799134489,0.002494550856,0.142566357354
0.189162170700,-0.032615044672,0.002710294863,0.090537597177
0.186534918300,-0.032460351454,0.002823027071,-0.053672391639
0.183907666000,-0.031424707908,0.003026604467,-0.095011787927
0.181280413600,-0.031438559477,0.003175677124,0.221881673831
0.178653161200,-0.032207695813,0.003179399599,0.278114985136
0.176025908800,-0.032170982756,0.003232778322,0.123621649786
0.173398656500,-0.032104095253,0.003341755448,0.095262043536
0.170771404100,-0.032036864171,0.003392264627,0.076451891590
0.168144151700,-0.032131196090,0.003391476724,0.064148490070
0.165516899400,-0.032205659817,0.003451091659,0.002314048499
0.162889647000,-0.032194683000,0.003574326452,-0.018408552598
0.160262394600,-0.032134317941,0.003588634578,0.021615882438
0.157635142200,-0.032104621900,0.003567080655,0.060546452588
0.155007889900,-0.032067470334,0.003549653353,0.089531995991
0.152380637500,-0.032014067710,0.003829793869,0.119282762870
0.149753385100,-0.031883033304,0.003802081632,0.129065862902
0.147126132800,-0.031629704143,0.003630784778,0.131052998667
0.144498880400,-0.031343024647,0.003484249166,0.092508946292
0.141871628000,-0.030896949167,0.003552505247,0.019446449879
0.139244375600,-0.030374429113,0.003444046376,-0.012428602696
0.136617123300,-0.029855416629,0.003205186593,-0.037103299594
0.133989870900,-0.029395159964,0.003036632452,-0.063421717860
0.131362618500,-0.029122009269,0.002724682630,-0.031424668643
0.128735366200,-0.028949018588,0.002539730595,-0.049045942571
0.126108113800,-0.028781226502,0.002214129603,-0.103476517467
0.123480861400,-0.028811515011,0.001757160925,-0.083086878970
0.120853609000,-0.028924478102,0.001341936883,0.008398669488
0.118226356700,-0.029147937782,0.001094601013,0.064017965281
0.115599104300,-0.029472191796,0.000928989005,0.115370558895
0.112971851900,-0.029866293983,0.000937096826,0.215760726021
0.110344599600,-0.030312273841,0.000866620970,0.244331330794
0.107717347200,-0.030677792616,0.000906784538,0.164626375181
0.105090094800,-0.031000845763,0.001061734825,0.090627340207
0.102462842500,-0.031299776368,0.001148697520,0.071956433930
0.099835590100,-0.031810451421,0.001160751528,0.029357834314
0.097208337700,-0.032329633293,0.001155958660,0.007012943049
0.094581085300,-0.032747656335,0.001122342832,0.042421386173
0.091953833000,-0.033186980087,0.001087369022,0.075306004697
0.089326580600,-0.033607419598,0.001184479951,0.066909134345
0.086699328200,-0.033671848360,0.001324618456,0.097575324934
0.084072075900,-0.033612576574,0.001113535034,0.252768164807
0.081444823500,-0.033408248472,0.000546978142,0.288761839993
0.078817571100,-0.033289233891,0.000163994472,0.143905866932
0.076190318700,-0.033167275336,0.000093527689,-0.054305349819
0.073563066400,-0.032861256547,0.000156015539,-0.131177734367
0.070935814000,-0.032577026761,0.000339179200,-0.021315330398
0.068308561600,-0.032405716443,0.000476878336,0.078762332327
0.065681309300,-0.032473949791,0.000667485598,0.095745228173
0.063054056900,-0.032572605428,0.000692398708,0.051859193475
0.060426804500,-0.032754381748,0.000765466986,0.035294697038
0.057799552100,-0.033142605995,0.000750250799,0.070801304025
0.055172299800,-0.033589327186,0.000651483584,0.078770631088
0.052545047400,-0.033997866678,0.000666801715,0.118090026982
0.049917795000,-0.034369706491,0.000875117985,0.153733747305
0.047290542700,-0.034769762108,0.001146587406,0.080774504384
0.044663290300,-0.035221470489,0.001393828654,0.036109941103
0.042036037900,-0.035625551021,0.001701524999,-0.002853501237
0.039408785500,-0.035886752428,0.001957315751,-0.101232772894
0.036781533200,-0.036094336124,0.002055250450,-0.179988496750
0.034154280800,-0.036185587970,0.001994098496,-0.164448957257
0.031527028400,-0.036197998472,0.001968362489,-0.071738717784
0.028899776100,-0.036176658069,0.001843791309,0.020328427615
0.026272523700,-0.036017385006,0.001628530380,0.105162352216
0.023645271300,-0.034681774319,0.001473883029,0.070373556989
0.021018019000,-0.034735357267,0.001156024676,-0.049117649961
0.018390766600,-0.036011953098,0.000925562400,-0.053726354898
0.015763514200,-0.036040947762,0.000877388124,-0.053426311618
0.013136261800,-0.036200474736,0.000724567069,-0.100844958654
0.010509009500,-0.036175944484,0.000761667659,-0.087292210183
0.007881757100,-0.036032236027,0.000797397056,-0.071807753821
0.005254504700,-0.035601798082,0.000825679961,-0.090614208085
0.002627252400,-0.034223890763,0.000733814433,0.227856835107
0.000000000000,-0.024070393232,0.000636021402,0.579543538888
