0.391460603250,0.041087818152,-0.000520731103,0.671213171617
0.388833350880,0.042499308379,-0.001562988119,0.638845354668
0.386206098510,0.041255869738,-0.002048652249,0.413050732584
0.383578846140,0.040648065735,-0.001737615298,0.284864514880
0.380951593770,0.041193832342,-0.001708591029,0.136272524200
0.378324341400,0.042441591952,-0.001580294251,-0.559926028658
0.375697089030,0.043632883442,-0.001445907110,-0.519320574978
0.373069836660,0.044940124289,-0.001549019159,-0.223357162885
0.370442584290,0.045750620936,-0.001498904104,-0.243734141075
0.367815331920,0.046582687968,-0.001444687484,-0.117406809097
0.365188079550,0.047265431293,-0.001520500765,-0.081467113390
0.362560827170,0.047890836620,-0.001540914236,-0.167559528788
0.359933574800,0.048820181123,-0.001526112577,-0.015024847950
0.357306322430,0.048428642756,-0.001581871317,0.184786257868
0.354679070060,0.048251232177,-0.001649983897,0.054519663483
0.352051817690,0.048130464624,-0.001607907842,-0.042217666906
0.349424565320,0.047961517717,-0.001514815249,0.039168714714
0.346797312950,0.048004328530,-0.001699483593,0.084302799949
0.344170060580,0.047904675839,-0.001754047520,0.052052834717
0.341542808210,0.047757727792,-0.001650605539,0.024481028501
0.338915555840,0.047644963992,-0.001486310529,0.108960467601
0.336288303460,0.047214756888,-0.001359039400,0.023966766830
0.333661051090,0.046974552321,-0.001261282782,-0.090244904871
0.331033798720,0.046926266057,-0.001124627382,-0.163595566982
0.328406546350,0.046788607660,-0.001109680279,-0.170308137502
0.325779293980,0.046540620466,-0.001072573565,-0.185447979253
0.323152041610,0.046170310005,-0.000811982874,-0.145421720847
0.320524789240,0.045736985076,-0.000602723989,-0.089296454602
0.317897536870,0.045405381950,-0.000276416937,-0.082251751843
0.315270284500,0.045189896514,0.000136476126,-0.087517995019
0.312643032100,0.044942956998,0.000486570720,-0.111398566250
0.310015779800,0.044670349320,0.000790269265,-0.108600288827
0.307388527400,0.044391630326,0.001018599013,-0.128848426000
0.304761275000,0.044296941725,0.001236414173,-0.160300451584
0.302134022600,0.044286771627,0.001446365803,-0.139251056852
0.299506770300,0.044225674668,0.001689268439,-0.138384973363
0.296879517900,0.044203798495,0.002012617467,-0.152142861544
0.294252265500,0.044399208176,0.002372090969,-0.106334005301
0.291625013200,0.044593347305,0.002440476370,-0.045282530813
0.288997760800,0.044633384157,0.002444262781,0.002430519881
0.286370508400,0.044548135467,0.002399998808,0.058996917137
0.283743256000,0.044509978269,0.002545895734,0.113615706587
0.281116003700,0.044375237124,0.002532937143,0.133444458177
0.278488751300,0.044336526932,0.002544684386,0.081821661858
0.275861498900,0.044260226642,0.002479711792,0.044598177289
0.273234246600,0.044186219728,0.002435046043,0.039185120219
0.270606994200,0.044246841130,0.002480221135,0.030612481747
0.267979741800,0.044316372323,0.002598412794,0.068674587737
0.265352489400,0.044437615366,0.002526056207,0.104084274038
0.262725237100,0.044691748480,0.002589659573,0.077619203568
0.260097984700,0.045034366156,0.002531003364,-0.028235786950
0.257470732300,0.045325163351,0.002601922731,-0.145906580608
0.254843480000,0.045599278661,0.002729655181,-0.165812414146
0.252216227600,0.045794886572,0.002778185786,-0.090323646293
0.249588975200,0.046061566533,0.002716428392,0.003229331447
0.246961722900,0.046118809290,0.002632872580,0.072137670395
0.244334470500,0.046207041799,0.002386263928,0.101799848191
0.241707218100,0.046457026086,0.002211067129,0.110271603217
0.239079965700,0.046556641939,0.002077805551,0.052368506824
0.236452713400,0.046635549771,0.001750016219,-0.024978107228
0.233825461000,0.046451122552,0.001473353336,-0.025811669238
0.231198208600,0.046091993671,0.001385744507,-0.040667708691
0.228570956300,0.045817556850,0.001238688404,-0.051811431302
0.225943703900,0.045519105771,0.001269668486,0.001833256639
0.223316451500,0.045353020607,0.001320960368,0.068435476810
0.220689199100,0.045128807372,0.001309858463,0.090554799870
0.218061946800,0.045058717657,0.001165839381,0.083373719512
0.215434694400,0.045239184265,0.000997478453,0.061836335850
0.212807442000,0.045363405460,0.000896058058,0.012677714171
0.210180189700,0.045677664498,0.000781699191,-0.035335477872
0.207552937300,0.046085392831,0.000669044181,-0.065363800902
0.204925684900,0.046388341953,0.000615091750,-0.109126029895
0.202298432500,0.046665824973,0.000648590135,-0.140231401353
0.199671180200,0.046698316230,0.000735950621,-0.103681425218
0.197043927800,0.046510589375,0.000847125583,-0.016247360961
0.194416675400,0.046250935461,0.000964802792,0.020479889894
0.191789423100,0.046012622540,0.001121343329,-0.003798620426
0.189162170700,0.045922939955,0.001366174762,-0.024261636569
0.186534918300,0.045789455702,0.001524845091,0.023590507613
0.183907666000,0.045638944611,0.001563896380,0.066247747115
0.181280413600,0.045562944627,0.001673827718,0.138433216133
0.178653161200,0.045524574142,0.001948502912,0.215147604549
0.176025908800,0.045423465553,0.002425813044,0.250748446765
0.173398656500,0.045357656734,0.002718522976,0.248401083679
0.170771404100,0.045395699646,0.002797872636,0.230693730993
0.168144151700,0.045507752104,0.002785065569,0.218539955184
0.165516899400,0.045633138400,0.002653613279,0.175339072872
0.162889647000,0.045726690263,0.002580526711,0.131248008865
0.160262394600,0.045778898566,0.002563233591,0.112430769576
0.157635142200,0.046081103828,0.002564982414,0.087151610709
0.155007889900,0.046411484695,0.002460658242,0.091242170167
0.152380637500,0.046679735812,0.002512980427,0.104435779816
0.149753385100,0.046862614648,0.002532840038,-0.009496458904
0.147126132800,0.046851607523,0.002521008172,-0.186211422366
0.144498880400,0.046891195944,0.002615306111,-0.298421764568
0.141871628000,0.046873194940,0.002652968800,-0.360301741702
0.139244375600,0.046711994382,0.002620710705,-0.378905989044
0.136617123300,0.046535472948,0.002826297223,-0.313451636887
0.133989870900,0.046381687182,0.003008514808,-0.221036667829
0.131362618500,0.046294948776,0.003242922045,-0.159061282094
0.128735366200,0.046188688904,0.003375505503,-0.100251179492
0.126108113800,0.045998382756,0.003463276509,-0.064588575828
0.123480861400,0.045812289686,0.003437369546,-0.038817034852
0.120853609000,0.045667949283,0.003544093651,0.021679534670
0.118226356700,0.045544092793,0.003781300158,0.061553740761
0.115599104300,0.045419662493,0.003921522414,0.056485319868
0.112971851900,0.045235493382,0.003950235521,0.051162691298
0.110344599600,0.045123390634,0.004072633757,0.046989069984
0.107717347200,0.045219522918,0.004255829888,0.013437720851
0.105090094800,0.045399161828,0.004216807724,-0.002216855731
0.102462842500,0.045649639098,0.004309650543,0.048087504858
0.099835590100,0.045877427117,0.004490556887,0.074359184711
0.097208337700,0.046112384701,0.004725155102,0.087351907592
0.094581085300,0.046206602487,0.004695561255,0.082240203013
0.091953833000,0.046050512171,0.004539796429,-0.002223976110
0.089326580600,0.045817343952,0.004398125021,-0.086782741027
0.086699328200,0.045657361239,0.003990866186,-0.103618205641
0.084072075900,0.045526590805,0.003684243487,-0.078410327234
0.081444823500,0.045308740863,0.003296096326,-0.069732709654
0.078817571100,0.045242540616,0.002981659543,-0.000231309734
0.076190318700,0.045032692155,0.002583626160,0.163702402473
0.073563066400,0.044768875994,0.002283187763,0.290857415106
0.070935814000,0.044748523413,0.002158814593,0.392227629526
0.068308561600,0.044711854061,0.002187553855,0.471853254198
0.065681309300,0.044677807694,0.002422363278,0.483504195951
0.063054056900,0.044354882268,0.002447417264,0.380765321805
0.060426804500,0.043914987144,0.002398193178,0.287088508624
0.057799552100,0.043411887627,0.002560297869,0.252247794398
0.055172299800,0.043075955892,0.002769237741,0.219970816237
0.052545047400,0.042982853113,0.002848774859,0.244536478277
0.049917795000,0.042869353185,0.003148861543,0.311581845621
0.047290542700,0.042661054955,0.003240512852,0.279175681985
0.044663290300,0.042465295696,0.003133772502,0.211550680984
0.042036037900,0.042380342539,0.003113451629,0.237295339932
0.039408785500,0.042271530530,0.003018452491,0.218973962175
0.036781533200,0.042227824386,0.002782367052,0.179524507428
0.034154280800,0.042103534318,0.002540753467,0.167219245390
0.031527028400,0.041830174402,0.002425520918,0.197956672690
0.028899776100,0.041355587452,0.002240420928,0.215437886699
0.026272523700,0.040804249368,0.001965740119,0.185148261020
0.023645271300,0.040395356628,0.001767011357,-0.027428794025
0.021018019000,0.039958053239,0.001637270553,0.124824098301
0.018390766600,0.039525531943,0.001363345567,0.228883975102
0.015763514200,0.039351276378,0.001206679020,-0.006351669372
0.013136261800,0.039306577470,0.001026071299,-0.044793728429
0.010509009500,0.039548834962,0.001042424352,-0.070770155972
0.007881757100,0.039992084403,0.000872198027,-0.148698004174
0.005254504700,0.040373182076,0.000718579162,-0.412724581911
0.002627252400,0.040710744522,0.000680872651,-1.281939482930
0.000000000000,0.038203143811,0.000458313981,-1.976438702023
