0.391460603250,-0.051824978248,0.000810303036,0.142541886859
0.388833350880,-0.053241093500,0.001140911615,0.132212300182
0.386206098510,-0.054903895278,0.001107149607,-0.113745670604
0.383578846140,-0.053939768276,0.001183677121,0.001131769490
0.380951593770,-0.054723423363,0.001137918738,0.218756028054
0.378324341400,-0.055345156919,0.001165611076,-0.013047151985
0.375697089030,-0.055331789656,0.001011152691,0.024664274442
0.373069836660,-0.056254145243,0.000944112739,-0.172388344915
0.370442584290,-0.056221406063,0.000921579531,-0.031196582494
0.367815331920,-0.054936528159,0.000961952844,0.188622219569
0.365188079550,-0.055483556596,0.000921456216,-0.141377783992
0.362560827170,-0.055595584941,0.000970026881,-0.134550405228
0.359933574800,-0.055935741545,0.000940838222,-0.052287572033
0.357306322430,-0.055823547907,0.000926664249,-0.047622038601
0.354679070060,-0.055527681295,0.001217234611,-0.027511733904
0.352051817690,-0.055444256575,0.001247875816,0.007614855353
0.349424565320,-0.055410121738,0.001288821159,-0.022561017918
0.346797312950,-0.055369458413,0.001587148176,-0.019600858906
0.344170060580,-0.055272756550,0.001804648596,0.042801690132
0.341542808210,-0.055258630772,0.001830756846,0.051001433805
0.338915555840,-0.055230352477,0.001948547142,0.076057222528
0.336288303460,-0.055164777860,0.001935761386,0.104299874713
0.333661051090,-0.055338094724,0.002000339818,0.122705007742
0.331033798720,-0.055783574171,0.002091007433,0.139013493879
0.328406546350,-0.056113954162,0.002007410487,0.135246779799
0.325779293980,-0.056352713573,0.002079452151,0.077210512078
0.323152041610,-0.056576238079,0.002226607032,0.011478507783
0.320524789240,-0.056795234848,0.002250498575,0.028666033604
0.317897536870,-0.057061365480,0.002227581943,0.086742012984
0.315270284500,-0.057273925365,0.002362117418,0.099317595859
0.312643032100,-0.057416513294,0.002453648033,0.023878425939
0.310015779800,-0.057495910825,0.002422071893,0.001549294531
0.307388527400,-0.057423272099,0.002418645874,0.038381914635
0.304761275000,-0.057398750935,0.002581031041,0.048737113121
0.302134022600,-0.057297952728,0.002804397475,0.058884613189
0.299506770300,-0.057204817321,0.003058024977,0.082541560787
0.296879517900,-0.057139474715,0.003278861775,0.055669891132
0.294252265500,-0.057096140949,0.003406167144,0.015384480020
0.291625013200,-0.057071634868,0.003452415749,0.013339422243
0.288997760800,-0.057158327591,0.003462307953,0.038658726032
0.286370508400,-0.057072812188,0.003451518471,0.041213547006
0.283743256000,-0.057021078838,0.003472212627,0.027579271042
0.281116003700,-0.057116642196,0.003537795703,0.054869783642
0.278488751300,-0.057144004371,0.003590618239,0.070285170876
0.275861498900,-0.057110256522,0.003274360102,0.008067670430
0.273234246600,-0.057104203884,0.002973472611,-0.067494649448
0.270606994200,-0.057079127849,0.002626258476,-0.052277717274
0.267979741800,-0.057025029990,0.002414786851,-0.028219844287
0.265352489400,-0.056979028178,0.002505109463,-0.051615985577
0.262725237100,-0.056977568945,0.002579540778,-0.061448088625
0.260097984700,-0.057023001295,0.002720132072,-0.058614069351
0.257470732300,-0.057049489853,0.002913160913,-0.080913266942
0.254843480000,-0.057060068613,0.002985842634,-0.094858232601
0.252216227600,-0.056983363676,0.003148241848,0.015905574745
0.249588975200,-0.056911879903,0.003241035144,0.162710412391
0.246961722900,-0.056876768186,0.003276614798,0.242477797396
0.244334470500,-0.056854470559,0.003162598448,0.242454779033
0.241707218100,-0.056895818417,0.003038192543,0.215371012728
0.239079965700,-0.057130881222,0.003008918036,0.152031414568
0.236452713400,-0.057388823810,0.002978814756,0.100159298042
0.233825461000,-0.057678882551,0.002929972162,0.122460770854
0.231198208600,-0.057924667626,0.002754896490,0.128574205937
0.228570956300,-0.058061273721,0.002464650580,0.105072653276
0.225943703900,-0.058144306621,0.002357054905,0.076565565195
0.223316451500,-0.058190177864,0.002453956391,0.022071239038
0.220689199100,-0.058155279981,0.002555578705,-0.010900287836
0.218061946800,-0.058105465122,0.002663409178,-0.079618628508
0.215434694400,-0.058094107559,0.002732066439,-0.132232187078
0.212807442000,-0.058022220109,0.002751087101,-0.141776068393
0.210180189700,-0.057860513410,0.002890534457,-0.090996560179
0.207552937300,-0.057815163634,0.003084945773,-0.003535165945
0.204925684900,-0.057858076913,0.003293201444,0.058574424339
0.202298432500,-0.057803424963,0.003405750026,0.054848310572
0.199671180200,-0.057779030267,0.003769721330,0.103154010161
0.197043927800,-0.057763546483,0.004167663848,0.142947105489
0.194416675400,-0.057699315356,0.004505679795,0.086923030681
0.191789423100,-0.057872900687,0.004797071725,0.105934809222
0.189162170700,-0.057999082363,0.004938405331,0.191818891905
0.186534918300,-0.058067709949,0.004860421412,0.206995265909
0.183907666000,-0.058235874534,0.005023115605,0.150394868303
0.181280413600,-0.058250492218,0.005265942342,0.166684474597
0.178653161200,-0.058215139647,0.005592884114,0.248946943444
0.176025908800,-0.058089463346,0.005850733786,0.315239301298
0.173398656500,-0.057851504714,0.005943591421,0.293932610406
0.170771404100,-0.057584407480,0.006109299771,0.215818292066
0.168144151700,-0.057259924596,0.006314770822,0.214545595816
0.165516899400,-0.056925248031,0.006358364746,0.233729473438
0.162889647000,-0.056682918019,0.006254873419,0.222572323391
0.160262394600,-0.056359802754,0.006280748625,0.156436278598
0.157635142200,-0.056035478031,0.006200505795,0.067689955023
0.155007889900,-0.056091480006,0.006204868890,0.056772688110
0.152380637500,-0.056282453993,0.005934089351,0.069503728244
0.149753385100,-0.056507925814,0.005622747233,0.055679039959
0.147126132800,-0.056811362259,0.005432330952,-0.018698836859
0.144498880400,-0.057090698058,0.005201430144,-0.138487934614
0.141871628000,-0.057348228812,0.004922624000,-0.188998826479
0.139244375600,-0.057483828576,0.004699267077,-0.112580487438
0.136617123300,-0.057805278099,0.004670807245,0.007525506082
0.133989870900,-0.058185159025,0.004800059238,0.066199641952
0.131362618500,-0.058510349304,0.005094598493,0.113814820729
0.128735366200,-0.058929101777,0.005436392525,0.110887989538
0.126108113800,-0.059176089096,0.005751873607,0.094552733152
0.123480861400,-0.059302527351,0.005927061021,0.163290094801
0.120853609000,-0.059550153557,0.005829218641,0.218382912557
0.118226356700,-0.059760642666,0.005814988964,0.194760425989
0.115599104300,-0.059732585145,0.005760728930,0.114051351629
0.112971851900,-0.059619979978,0.005744285026,0.065309048887
0.110344599600,-0.059528467945,0.005924325215,0.000258202075
0.107717347200,-0.059445715764,0.006032063919,-0.085829341246
0.105090094800,-0.059194466105,0.005802954781,-0.100099011285
0.102462842500,-0.059198023404,0.005799022950,0.009411193315
0.099835590100,-0.059162598529,0.005699616994,0.133536714510
0.097208337700,-0.059156560597,0.005688618863,0.158921905947
0.094581085300,-0.059342897289,0.005678371898,0.112482425709
0.091953833000,-0.059490114895,0.005530604717,0.101217906811
0.089326580600,-0.059563673665,0.005273425990,0.117066000683
0.086699328200,-0.059770168273,0.005162689638,0.120207647563
0.084072075900,-0.059982523047,0.005096080143,0.026984478572
0.081444823500,-0.060121594897,0.004939393042,-0.024274542986
0.078817571100,-0.060368190885,0.004802418815,0.027924545526
0.076190318700,-0.060393967381,0.004835973223,0.084249398372
0.073563066400,-0.060435380720,0.004872951405,0.131029837738
0.070935814000,-0.060584656258,0.004870443423,0.082311436617
0.068308561600,-0.060716358560,0.004808588954,0.016593480655
0.065681309300,-0.060645719815,0.004713011233,0.015065966453
0.063054056900,-0.060690945669,0.004612355120,-0.000144100169
0.060426804500,-0.060804234294,0.004740654311,0.002490547277
0.057799552100,-0.060832819954,0.004685615308,0.011734538800
0.055172299800,-0.060873065768,0.004632651421,0.047756986392
0.052545047400,-0.060738964416,0.004487795239,0.011781919665
0.049917795000,-0.060835376344,0.004415705618,-0.051614803629
0.047290542700,-0.060944990351,0.004221446220,-0.019615537165
0.044663290300,-0.061107810402,0.004176178173,0.003387201511
0.042036037900,-0.061313232417,0.004142145001,0.014141242915
0.039408785500,-0.061584782251,0.004072216428,0.067582774521
0.036781533200,-0.062023018333,0.004040212625,0.082941481019
0.034154280800,-0.062677568090,0.003870628035,0.085391627525
0.031527028400,-0.063373990763,0.003941552420,0.099774368954
0.028899776100,-0.064015771930,0.004054450975,0.094675663329
0.026272523700,-0.064480823818,0.004016364206,0.030257680516
0.023645271300,-0.064755774913,0.003842776241,-0.017189390366
0.021018019000,-0.062961964845,0.003526497483,0.029924492196
0.018390766600,-0.065032980111,0.003302873372,0.019374164213
0.015763514200,-0.065209034471,0.003197975835,-0.061665355821
0.013136261800,-0.065051290823,0.002824883357,-0.110710190913
0.010509009500,-0.064763815266,0.002371763911,-0.070090666986
0.007881757100,-0.064492300549,0.002177015520,-0.048850592740
0.005254504700,-0.064067173232,0.002010621969,-0.070119006447
0.002627252400,-0.063300407540,0.001763267691,-0.299729459897
0.000000000000,-0.057476450377,0.001006635094,-0.477172630055
