0.391460603250,-0.034418210658,0.000034902011,1.006003292749
0.388833350880,-0.035119494839,0.000228713247,0.486473922744
0.386206098510,-0.035782930342,0.000514100144,-0.028977493318
0.383578846140,-0.033525717057,0.000762188893,-0.150597251124
0.380951593770,-0.035593390925,0.001096858057,0.248544346681
0.378324341400,-0.036409233525,0.001082465107,0.392978269208
0.375697089030,-0.036330252804,0.001138825417,0.300536704899
0.373069836660,-0.036744221930,0.001355036781,0.023349891850
0.370442584290,-0.037003164710,0.001750502499,0.039805793514
0.367815331920,-0.037670755170,0.001822149201,0.451616237233
0.365188079550,-0.036619031379,0.001804346311,0.144446085224
0.362560827170,-0.037314373096,0.001752967500,-0.082181633343
0.359933574800,-0.038509126402,0.001816954084,-0.146730903951
0.357306322430,-0.038344505037,0.001805517206,-0.080372228597
0.354679070060,-0.037918369769,0.001957167968,-0.055603273716
0.352051817690,-0.037396335270,0.002251501075,-0.349610176470
0.349424565320,-0.036853005129,0.002280077404,-0.189079931215
0.346797312950,-0.036602992711,0.002408433062,0.132316210532
0.344170060580,-0.036411933702,0.002345818403,-0.029614679735
0.341542808210,-0.036366655341,0.002309352318,-0.085565707107
0.338915555840,-0.036468272733,0.002278792908,-0.075395853624
0.336288303460,-0.036595918439,0.002121204511,-0.070664725659
0.333661051090,-0.036944695710,0.001992640838,-0.039285801438
0.331033798720,-0.037219168560,0.001749260117,0.052455494960
0.328406546350,-0.037361545477,0.001650457397,0.100448719394
0.325779293980,-0.037624876767,0.001645678324,0.091931696021
0.323152041610,-0.037830329730,0.001654346642,0.115449540212
0.320524789240,-0.037963095668,0.001732212086,0.146101875259
0.317897536870,-0.038021776081,0.001899255529,0.129160269123
0.315270284500,-0.038070422416,0.001840321636,0.107599665113
0.312643032100,-0.038154666935,0.001853593716,0.082665788164
0.310015779800,-0.038274847442,0.001933550799,0.088391012864
0.307388527400,-0.038429780220,0.001889203199,0.083031851173
0.304761275000,-0.038527331808,0.001746930342,0.072396122640
0.302134022600,-0.038613923745,0.001738468119,0.068038714704
0.299506770300,-0.038921780661,0.001820775297,0.052480186055
0.296879517900,-0.039127472781,0.001868655151,0.056666375668
0.294252265500,-0.039308626299,0.001924381014,0.098910224549
0.291625013200,-0.039413457682,0.002053037891,0.102402285369
0.288997760800,-0.039397522690,0.002197812222,0.099098207266
0.286370508400,-0.039392748149,0.002387499172,0.085191749312
0.283743256000,-0.039335716490,0.002506555968,0.073988679125
0.281116003700,-0.039332448558,0.002557122189,0.081049427628
0.278488751300,-0.039295663727,0.002674835935,0.098264135333
0.275861498900,-0.039428566321,0.002753292333,0.084557452926
0.273234246600,-0.039583900626,0.002708496473,0.080397508184
0.270606994200,-0.039610504678,0.002700650173,0.086935383425
0.267979741800,-0.039609486142,0.002691398256,0.091304683136
0.265352489400,-0.039444784312,0.002694454480,0.091943753665
0.262725237100,-0.039192444623,0.002720835307,0.077426207810
0.260097984700,-0.038904742731,0.002801888675,0.035019433063
0.257470732300,-0.038618975214,0.002782398725,-0.020028969946
0.254843480000,-0.038373537666,0.002661783310,-0.037749372402
0.252216227600,-0.038204992725,0.002612970994,-0.061243121558
0.249588975200,-0.038070875945,0.002547701825,-0.049882471021
0.246961722900,-0.038113811898,0.002468448523,0.013546677587
0.244334470500,-0.038266552799,0.002293186874,0.034230405870
0.241707218100,-0.038431121539,0.002106369639,0.038585379209
0.239079965700,-0.038592794245,0.001970884278,0.064409635115
0.236452713400,-0.038800248049,0.001806508849,0.035283764133
0.233825461000,-0.039004818024,0.001693471416,-0.015059608936
0.231198208600,-0.039050237682,0.001613143108,-0.010843402919
0.228570956300,-0.039112399726,0.001386619428,-0.005202576297
0.225943703900,-0.039258452521,0.001206641182,0.008040394630
0.223316451500,-0.039364190588,0.001103162214,0.044366467770
0.220689199100,-0.039294528914,0.000867826099,0.040878433497
0.218061946800,-0.039177729003,0.000544537802,0.036756593402
0.215434694400,-0.039198056650,0.000365644374,0.100158216098
0.212807442000,-0.039176354925,0.000336295952,0.174648398536
0.210180189700,-0.039124760429,0.000406895676,0.187235507219
0.207552937300,-0.039046541418,0.000484845131,0.174167395923
0.204925684900,-0.038917138294,0.000606217024,0.183088284442
0.202298432500,-0.038778770651,0.000797428841,0.155970116961
0.199671180200,-0.038771725560,0.000986075333,0.130776391260
0.197043927800,-0.038685406886,0.001313948505,0.123200851182
0.194416675400,-0.038542781118,0.001645493160,0.103474990596
0.191789423100,-0.038525539339,0.001833436771,0.078471482150
0.189162170700,-0.038365208011,0.002089238701,0.066844464422
0.186534918300,-0.038295333630,0.002498781336,0.065136170404
0.183907666000,-0.038243931136,0.002704379055,0.048285991496
0.181280413600,-0.038228264857,0.002946713380,0.047403271574
0.178653161200,-0.038299661457,0.003099140677,0.066342806663
0.176025908800,-0.038299917858,0.003349355566,0.102983508751
0.173398656500,-0.038303825233,0.003509744691,0.082866243957
0.170771404100,-0.038317521243,0.003728645166,0.061798917093
0.168144151700,-0.038338258569,0.003891041586,0.068653074721
0.165516899400,-0.038404192917,0.004036054979,0.095379633147
0.162889647000,-0.038437561924,0.004280859389,0.093223875734
0.160262394600,-0.038490011823,0.004305594798,0.068878066760
0.157635142200,-0.038637309778,0.004312444563,0.033078479056
0.155007889900,-0.038763389271,0.004259288076,0.012563760832
0.152380637500,-0.038744182289,0.004081582594,0.046723998859
0.149753385100,-0.038817449684,0.003813807575,0.079830416592
0.147126132800,-0.038892322007,0.003631845613,0.061913380144
0.144498880400,-0.038849291339,0.003398475098,0.079749777169
0.141871628000,-0.038800801825,0.003248094120,0.113001764070
0.139244375600,-0.038713074627,0.003256475401,0.095510546737
0.136617123300,-0.038545964328,0.003225663262,0.087290630209
0.133989870900,-0.038479340358,0.003232050850,0.003507159793
0.131362618500,-0.038368034423,0.003089549352,-0.101252315812
0.128735366200,-0.038155942309,0.002905331691,-0.066650515034
0.126108113800,-0.037931482697,0.002795019969,-0.046604118756
0.123480861400,-0.037768736163,0.002574124804,-0.036894794608
0.120853609000,-0.037769188957,0.002442099130,-0.037420202618
0.118226356700,-0.037804562345,0.002401993915,-0.105910811207
0.115599104300,-0.037877028046,0.002194052096,-0.107168911086
0.112971851900,-0.038174975248,0.001942636599,-0.120151602915
0.110344599600,-0.038562090104,0.001886202184,-0.086017522184
0.107717347200,-0.038877987617,0.001774366606,-0.001141963116
0.105090094800,-0.039142578134,0.001822970602,0.027115368542
0.102462842500,-0.039492100165,0.001822940515,0.056032419110
0.099835590100,-0.039856362866,0.001728118537,0.067417435858
0.097208337700,-0.040220550799,0.001749869619,0.054232390311
0.094581085300,-0.040635968910,0.001816672106,0.018552356618
0.091953833000,-0.040977036416,0.001797661227,-0.030459109825
0.089326580600,-0.041097617855,0.001893855165,-0.030879818514
0.086699328200,-0.041222184892,0.002040440361,0.032789062114
0.084072075900,-0.041324100405,0.002061674279,0.089004610092
0.081444823500,-0.041307590983,0.002158331604,0.103429540263
0.078817571100,-0.041369330564,0.002126410279,0.101317668923
0.076190318700,-0.041289457528,0.002195790700,0.102092726843
0.073563066400,-0.041035560318,0.002258671130,0.144464712565
0.070935814000,-0.040815599153,0.002201783719,0.081459240739
0.068308561600,-0.040423834034,0.002259130847,-0.044814155658
0.065681309300,-0.040145202744,0.002311059655,-0.054341681856
0.063054056900,-0.040032306742,0.002527375243,0.010154900275
0.060426804500,-0.039815218891,0.002753313449,0.093364101073
0.057799552100,-0.039668706248,0.002816887805,0.124831733590
0.055172299800,-0.039702212589,0.002816584656,0.149694498854
0.052545047400,-0.039790214788,0.002679708265,0.148121616529
0.049917795000,-0.039849788502,0.002751196389,0.115416405564
0.047290542700,-0.039949556631,0.002773081095,0.068170200933
0.044663290300,-0.040222947991,0.002852703174,-0.001979491275
0.042036037900,-0.040610718276,0.002802300367,-0.073089678249
0.039408785500,-0.040840216776,0.002820027606,-0.178987032948
0.036781533200,-0.040943402520,0.002949186809,-0.158460517796
0.034154280800,-0.041276812442,0.002953085456,-0.064881828597
0.031527028400,-0.041700824340,0.002800757580,0.038520108090
0.028899776100,-0.041989495042,0.002524256424,0.082341587215
0.026272523700,-0.042222523021,0.002415290022,0.053546428950
0.023645271300,-0.042311349008,0.002296328710,-0.250822877717
0.021018019000,-0.042209117984,0.002316443434,0.099267655934
0.018390766600,-0.042274988622,0.002402757183,0.323133337759
0.015763514200,-0.042664583853,0.002539217320,-0.071110848518
0.013136261800,-0.042920060771,0.002531046072,-0.028680482550
0.010509009500,-0.043158109668,0.002612429849,-0.102798000582
0.007881757100,-0.043382181740,0.002529525521,-0.125425422851
0.005254504700,-0.043440888701,0.002497871705,-0.252102956954
0.002627252400,-0.043213817382,0.002088864568,-1.111532371763
0.000000000000,-0.039036597558,0.001738890938,-1.855658527589
