0.391460603250,0.055286306667,-0.000420750853,0.129616792182
0.388833350880,0.057722376544,0.000400227578,0.275129951815
0.386206098510,0.055925339303,0.000770089494,0.063622006829
0.383578846140,0.054044152436,0.000758254257,0.007967317376
0.380951593770,0.053932931187,0.001244168928,0.177937963899
0.378324341400,0.053539640839,0.001166707969,0.106761844817
0.375697089030,0.055802062270,0.001025970386,0.336303899051
0.373069836660,0.055402237415,0.001022299928,0.322394818424
0.370442584290,0.056099930061,0.000726764585,0.384503487955
0.367815331920,0.056229660658,0.000726104402,0.490364139933
0.365188079550,0.057352326812,0.000643618708,-0.035519925068
0.362560827170,0.057729831221,0.000677533317,-0.305240612254
0.359933574800,0.057675040801,0.000611831982,-0.320036102069
0.357306322430,0.057127937944,0.000161580836,-0.157624178987
0.354679070060,0.058192302681,-0.000188152643,-0.076078603639
0.352051817690,0.059008311951,-0.000520321788,0.019828623125
0.349424565320,0.059238619265,-0.000893255086,0.122495590910
0.346797312950,0.059225800237,-0.001151238674,0.038632323551
0.344170060580,0.059222677759,-0.001402828523,-0.131178356257
0.341542808210,0.059200987457,-0.001816727268,-0.166241507158
0.338915555840,0.058306357046,-0.001950441600,-0.189082018802
0.336288303460,0.059023960064,-0.001842806009,-0.178498170247
0.333661051090,0.058956391032,-0.001526248725,-0.128189620376
0.331033798720,0.058789651071,-0.001152954768,-0.089642917464
0.328406546350,0.058606939580,-0.000695521101,0.039957451683
0.325779293980,0.058495741703,-0.000383666016,0.061065685595
0.323152041610,0.058354762935,-0.000266285023,0.032540849873
0.320524789240,0.058118208599,-0.000111409329,-0.007074985074
0.317897536870,0.057966429014,-0.000042676403,0.055224052914
0.315270284500,0.057434779759,0.000322651950,0.084701595891
0.312643032100,0.057810710389,0.000257680273,-0.024634862973
0.310015779800,0.057788073246,0.000443607053,0.078354480924
0.307388527400,0.057740331569,0.000808559052,0.004442844764
0.304761275000,0.057689186625,0.001277681260,-0.034077231177
0.302134022600,0.057637990088,0.001718977588,-0.024359184720
0.299506770300,0.057377014907,0.001981604520,-0.038754020878
0.296879517900,0.057025382628,0.002027137469,-0.068736304474
0.294252265500,0.056674010278,0.002160186281,-0.096708280559
0.291625013200,0.056386251763,0.002181916748,-0.076168630349
0.288997760800,0.056134647906,0.002160844409,-0.066384181520
0.286370508400,0.056047753053,0.002065435736,-0.113205333182
0.283743256000,0.056072144374,0.002005361270,-0.030672297867
0.281116003700,0.056034813718,0.001903508038,0.025055437894
0.278488751300,0.056088314580,0.001916392735,0.052857182497
0.275861498900,0.056266645989,0.002015827847,0.026903497006
0.273234246600,0.056282387745,0.002179027980,-0.017142607849
0.270606994200,0.056307796589,0.002428001011,-0.027133873913
0.267979741800,0.056459010380,0.002685794281,-0.070210818384
0.265352489400,0.056603204977,0.002861583329,-0.083008160117
0.262725237100,0.056646297289,0.002998211786,-0.057516776190
0.260097984700,0.056779694232,0.003152015728,-0.063256542624
0.257470732300,0.056866895702,0.003147679163,-0.062940658709
0.254843480000,0.056878511183,0.003057435315,-0.025371518513
0.252216227600,0.056870412131,0.002994891418,0.025568314948
0.249588975200,0.056784373696,0.002866010747,0.092295146703
0.246961722900,0.056774758658,0.002771970016,0.145500508722
0.244334470500,0.056650144820,0.002803103238,0.179650914291
0.241707218100,0.056529941949,0.002740961645,0.142572459137
0.239079965700,0.056456247532,0.002699057457,0.070067052676
0.236452713400,0.056407320127,0.002806576410,0.013469012797
0.233825461000,0.056401200594,0.002809265893,-0.018495972233
0.231198208600,0.056430963014,0.002592280407,-0.059407318045
0.228570956300,0.056414029936,0.002398543920,-0.106937518025
0.225943703900,0.056402652536,0.002281914002,-0.106702257641
0.223316451500,0.056431174690,0.002106811964,-0.062709635661
0.220689199100,0.056335483060,0.001946632428,-0.025620130245
0.218061946800,0.056194264691,0.001883306486,0.218584133114
0.215434694400,0.054891689384,0.001719186494,-0.021326521009
0.212807442000,0.055951590909,0.001784995895,-0.186797230353
0.210180189700,0.055928956797,0.001685554744,0.057065356134
0.207552937300,0.055876534272,0.001691342065,0.100447613631
0.204925684900,0.055898376876,0.001710021547,0.075784029440
0.202298432500,0.056087101689,0.001610329280,0.057246586094
0.199671180200,0.056265538974,0.001606725411,0.053561452460
0.197043927800,0.056462255650,0.001665565084,0.057955949022
0.194416675400,0.056580324134,0.001719217952,0.090681494309
0.191789423100,0.056513294817,0.001833394901,0.074236014102
0.189162170700,0.056366961121,0.001907576088,0.059770166417
0.186534918300,0.056198659847,0.002007825656,0.144410041982
0.183907666000,0.056029587206,0.002184471518,0.171535003747
0.181280413600,0.055888799475,0.002397603503,0.127508041053
0.178653161200,0.055766063595,0.002618715941,0.077593099103
0.176025908800,0.055723623298,0.002857466142,0.057507994522
0.173398656500,0.055885591466,0.003035002184,0.099218315152
0.170771404100,0.055983927011,0.003151063862,0.116620296969
0.168144151700,0.056106547115,0.003227914202,0.124971781636
0.165516899400,0.056150071621,0.003283545542,0.115351890045
0.162889647000,0.056071305290,0.003399450831,0.137321015069
0.160262394600,0.056160067947,0.003361447617,0.210755489658
0.157635142200,0.056312597818,0.003333276217,0.300366737831
0.155007889900,0.056480336389,0.003263719405,0.363690491032
0.152380637500,0.056669621214,0.003332583790,0.368083357964
0.149753385100,0.056758992132,0.003304672127,0.306539150206
0.147126132800,0.056944928788,0.003296484002,0.245173906751
0.144498880400,0.057180102342,0.003191214208,0.166653318095
0.141871628000,0.057438492707,0.003242543711,0.097403258048
0.139244375600,0.057651058083,0.003181748866,0.061055880435
0.136617123300,0.057806754022,0.003035205405,0.024349980546
0.133989870900,0.057843970873,0.002862136775,-0.079328959814
0.131362618500,0.057824110543,0.002695815474,-0.088822303640
0.128735366200,0.057811675652,0.002627566156,-0.046684044835
0.126108113800,0.057625158578,0.002647197239,-0.068815765359
0.123480861400,0.057332192059,0.002556267217,-0.053109245893
0.120853609000,0.057049400664,0.002642149866,-0.029522619868
0.118226356700,0.056593517266,0.002698021363,-0.046095776662
0.115599104300,0.056258297895,0.002960395895,-0.053826084567
0.112971851900,0.055896529703,0.003229257551,-0.098284337743
0.110344599600,0.055621509692,0.003438077947,-0.157162344202
0.107717347200,0.055381859984,0.003709368889,-0.180603748480
0.105090094800,0.055024182974,0.003683106116,-0.213970446199
0.102462842500,0.054597892192,0.003912732865,-0.178780619626
0.099835590100,0.054294532291,0.004150522621,-0.097806006675
0.097208337700,0.054253405477,0.004301351969,-0.102675953420
0.094581085300,0.054403903101,0.004490356275,-0.115338606029
0.091953833000,0.054613912839,0.004578487385,-0.105901408646
0.089326580600,0.054988841973,0.004668304757,-0.034761758840
0.086699328200,0.055286048827,0.004805764644,0.039323588437
0.084072075900,0.055379406106,0.004866525096,-0.017850561474
0.081444823500,0.055514771830,0.005017532432,-0.049435362071
0.078817571100,0.055554684430,0.005024378791,-0.093786128293
0.076190318700,0.055454536056,0.005033708422,-0.160399106114
0.073563066400,0.055469637598,0.005136043466,-0.111823539618
0.070935814000,0.055350626667,0.005028203126,-0.049811978629
0.068308561600,0.055125368465,0.004980822897,-0.054285042847
0.065681309300,0.054932445006,0.005072868600,-0.014171168513
0.063054056900,0.054753147133,0.005137005771,0.025843191914
0.060426804500,0.054741593191,0.005296828208,-0.018597911307
0.057799552100,0.054465380840,0.005374061331,-0.068327920266
0.055172299800,0.054276960641,0.005404108994,-0.082867470171
0.052545047400,0.054056465632,0.005274172377,-0.066240094038
0.049917795000,0.053696851239,0.005197956144,-0.066818015245
0.047290542700,0.053683175017,0.005296606126,-0.047647119003
0.044663290300,0.053621286115,0.005213261064,0.080927005279
0.042036037900,0.053667232218,0.005020597337,0.117417249992
0.039408785500,0.053788632181,0.004809889419,0.139889984311
0.036781533200,0.053652027635,0.004623474826,0.177155338315
0.034154280800,0.053713686239,0.004457696284,0.216064212213
0.031527028400,0.053702268992,0.004278147123,0.208304501268
0.028899776100,0.053561953126,0.004170658800,0.190393657117
0.026272523700,0.053406409855,0.004029016008,0.440929733918
0.023645271300,0.053294243286,0.002889613771,0.505192809004
0.021018019000,0.053032784324,0.002668615568,0.222077450028
0.018390766600,0.052539242319,0.002841863156,0.111452734132
0.015763514200,0.052088623125,0.002738522406,0.116226602023
0.013136261800,0.051690130941,0.002690313392,0.064575633814
0.010509009500,0.051475231419,0.002533847041,-0.011505906977
0.007881757100,0.051264929112,0.002172665574,-0.064255061222
0.005254504700,0.051416669248,0.001793716213,-0.179371987791
0.002627252400,0.051432287968,0.001336164007,-0.262975257704
0.000000000000,0.048158883070,0.000963161697,-0.292255789804
