0.391460603250,0.053190628661,0.000106227566,1.602243274719
0.388833350880,0.055116471204,0.001176465162,0.476059534896
0.386206098510,0.056183441441,0.001649382675,-0.541176669521
0.383578846140,0.056352608649,0.002241737137,-0.224944861529
0.380951593770,0.055949485618,0.002193413086,0.189126847083
0.378324341400,0.055497035572,0.002170230464,0.017605526801
0.375697089030,0.054952672484,0.001946470614,-0.207007404378
0.373069836660,0.056694715470,0.001856413638,-0.092873818998
0.370442584290,0.056377944691,0.001571539058,-0.231466201697
0.367815331920,0.057755296731,0.001275040571,-0.415533726931
0.365188079550,0.058589863090,0.000933038052,-0.295024947071
0.362560827170,0.058959540953,0.000674913085,-0.052965506737
0.359933574800,0.058958713520,0.000808992576,-0.167428358205
0.357306322430,0.058330251746,0.000687415094,-0.276986572639
0.354679070060,0.059461520591,0.000724942117,0.006498299674
0.352051817690,0.060326030057,0.000718476140,0.124468663203
0.349424565320,0.060840689662,0.000651733230,0.177471971058
0.346797312950,0.061816806903,0.000208952073,0.221962865067
0.344170060580,0.061919320455,-0.000258944638,0.135270755681
0.341542808210,0.061936205442,-0.000428242838,-0.013428233977
0.338915555840,0.061946335612,-0.000546503987,-0.062176683612
0.336288303460,0.061769717902,-0.000501055500,-0.054512431314
0.333661051090,0.061551272632,-0.000554320159,-0.078515236648
0.331033798720,0.061376049565,-0.000557457097,-0.079841761090
0.328406546350,0.061245573056,-0.000538769334,-0.044054313309
0.325779293980,0.061110678139,-0.000363901904,-0.055701340574
0.323152041610,0.060857945141,-0.000291528148,-0.060744353744
0.320524789240,0.060761653008,-0.000152197721,-0.008456683593
0.317897536870,0.060521623364,-0.000117140910,0.063990549530
0.315270284500,0.060296239192,-0.000018284946,0.121919275897
0.312643032100,0.060177163981,0.000086508156,0.139336367733
0.310015779800,0.060106233178,0.000208638770,0.093010271607
0.307388527400,0.059972565906,0.000261344301,0.053679887487
0.304761275000,0.059974695085,0.000327631686,0.036184836392
0.302134022600,0.059976874207,0.000299662609,0.010440943578
0.299506770300,0.059667308254,0.000278613728,0.008487891547
0.296879517900,0.059341770374,0.000309547463,-0.014677606615
0.294252265500,0.059177133044,0.000372220248,-0.002813612852
0.291625013200,0.059035946550,0.000268929649,0.040017867080
0.288997760800,0.058999314929,0.000141064229,0.065009416607
0.286370508400,0.059080539492,0.000114714512,0.090242312560
0.283743256000,0.059229235253,0.000149645740,0.105195757556
0.281116003700,0.059326171814,0.000024772496,0.164035961452
0.278488751300,0.059273599663,-0.000060683217,0.262786312439
0.275861498900,0.059211894673,0.000042141667,0.246542052429
0.273234246600,0.059163891754,0.000048545400,0.154372463502
0.270606994200,0.059305336960,-0.000072617219,0.018497903857
0.267979741800,0.059411648110,-0.000101597482,-0.112264618226
0.265352489400,0.059563444691,-0.000094142159,-0.144008286529
0.262725237100,0.059757977289,-0.000083594739,-0.110723295678
0.260097984700,0.059870165048,-0.000181308451,-0.076108242789
0.257470732300,0.059975359672,0.000025889560,-0.017926169891
0.254843480000,0.060063532686,0.000162093854,0.039597428749
0.252216227600,0.060108884700,0.000317279923,0.058223906750
0.249588975200,0.059958144352,0.000484168148,0.063691101467
0.246961722900,0.059696171824,0.000578076314,0.067504088831
0.244334470500,0.059503982267,0.000800375395,0.061424050020
0.241707218100,0.059225816656,0.000854712925,0.028557174956
0.239079965700,0.058997404138,0.000842800564,0.042461994787
0.236452713400,0.058749304412,0.000791147178,0.072047786008
0.233825461000,0.058450955357,0.000801351801,0.044346919341
0.231198208600,0.058364011229,0.000818660292,-0.014270001675
0.228570956300,0.058301481562,0.000723740414,-0.031790684175
0.225943703900,0.058215990233,0.000663306420,-0.019780810518
0.223316451500,0.058232911843,0.000728787573,0.006123816514
0.220689199100,0.058328782964,0.000799860402,-0.024766606467
0.218061946800,0.058272550546,0.000685915344,-0.028427744236
0.215434694400,0.058202729541,0.000541391711,0.001841552206
0.212807442000,0.058180541811,0.000629672329,-0.006200575828
0.210180189700,0.058044968186,0.000668482990,-0.022819590810
0.207552937300,0.057894566379,0.000769422753,0.006873121040
0.204925684900,0.057757450099,0.000908938668,0.031049597388
0.202298432500,0.057671481550,0.001008942024,0.040564727604
0.199671180200,0.057705814211,0.001069683245,0.038364192372
0.197043927800,0.057679506305,0.001202384456,0.016595767590
0.194416675400,0.057686473100,0.001318336740,-0.015697456877
0.191789423100,0.057832748066,0.001438744459,-0.008852601930
0.189162170700,0.057921084215,0.001544668990,0.031408220449
0.186534918300,0.058045470856,0.001613729696,0.070518192157
0.183907666000,0.058084502074,0.001665971979,0.083116362149
0.181280413600,0.058163978883,0.001734666656,0.033777364651
0.178653161200,0.058234543817,0.001864342796,0.001913800828
0.176025908800,0.058224695191,0.002093719285,0.014088622000
0.173398656500,0.058306291277,0.002143560309,0.064192012389
0.170771404100,0.058284257770,0.002204865477,0.099127694938
0.168144151700,0.058197991790,0.002412294033,0.088673218431
0.165516899400,0.058188095275,0.002691005600,0.062613734890
0.162889647000,0.058066847205,0.002840221278,0.074255778610
0.160262394600,0.058016256600,0.002867515047,0.078945392268
0.157635142200,0.057954980458,0.002786284212,0.051233458391
0.155007889900,0.057897422453,0.002838445721,0.049739600199
0.152380637500,0.057885798467,0.002960417349,0.048794692290
0.149753385100,0.057787796839,0.002987897526,-0.015598498068
0.147126132800,0.057763320470,0.002982754097,-0.079234537136
0.144498880400,0.058046019312,0.002892745209,-0.076793197331
0.141871628000,0.058386373465,0.002744403784,-0.061621724573
0.139244375600,0.058554933574,0.002624073281,-0.055905553155
0.136617123300,0.059005493043,0.002511900267,-0.034190564634
0.133989870900,0.059548403089,0.002382718126,-0.019757413782
0.131362618500,0.059916724496,0.002134157511,-0.011892407178
0.128735366200,0.060168502069,0.001950122508,0.004224321146
0.126108113800,0.060370757802,0.001772677546,0.024338988585
0.123480861400,0.060415257407,0.001655790613,0.068172977643
0.120853609000,0.060448680765,0.001586684079,0.108963365562
0.118226356700,0.060382953533,0.001679472362,0.121811189973
0.115599104300,0.060110393831,0.001815259673,0.080593696729
0.112971851900,0.059684461300,0.001890794016,0.097719723690
0.110344599600,0.059172542344,0.001796051014,0.189154127075
0.107717347200,0.058726687419,0.001601212253,0.173315944204
0.105090094800,0.058212998015,0.001404198234,0.089971246933
0.102462842500,0.057620338613,0.001409205031,0.066581701805
0.099835590100,0.057100583080,0.001428385252,0.023485921148
0.097208337700,0.056784035606,0.001330338222,-0.049550575130
0.094581085300,0.056082397704,0.001062609927,-0.055808246352
0.091953833000,0.054932679982,0.000948651005,-0.024396099777
0.089326580600,0.054383281868,0.000883865393,-0.028109360857
0.086699328200,0.055443017199,0.000884224889,-0.045269477557
0.084072075900,0.055733749548,0.000917085568,0.039590930075
0.081444823500,0.055890038643,0.000777064977,0.062761546574
0.078817571100,0.055944089663,0.000729618239,-0.028830556718
0.076190318700,0.056184278128,0.000685529616,-0.149103057079
0.073563066400,0.056586575257,0.000771607780,-0.180530842320
0.070935814000,0.056926714870,0.000781015453,-0.122555076675
0.068308561600,0.057279016897,0.000865751739,-0.083626665436
0.065681309300,0.057461266441,0.001125222360,-0.059187893647
0.063054056900,0.057396492942,0.001306145989,-0.018531507381
0.060426804500,0.057317360097,0.001465367966,0.038051422866
0.057799552100,0.057308287052,0.001586736008,0.009571019442
0.055172299800,0.057039609482,0.001739272669,-0.027809394144
0.052545047400,0.056632572822,0.001824555593,-0.050033064808
0.049917795000,0.056248519702,0.001620213121,-0.061820595644
0.047290542700,0.055851796822,0.001657907184,-0.018086811222
0.044663290300,0.055388764540,0.001823208608,-0.034358295271
0.042036037900,0.054950975500,0.001863220497,-0.043783972150
0.039408785500,0.054585049989,0.001934065443,0.003538220819
0.036781533200,0.054290148989,0.001817603646,0.045907833170
0.034154280800,0.054117177331,0.001802701720,0.030782418932
0.031527028400,0.054053804464,0.001790881416,-0.006503024227
0.028899776100,0.054063830643,0.001774160068,0.040110154236
0.026272523700,0.054240218288,0.001711290418,0.043131235940
0.023645271300,0.054313555002,0.001504417290,0.011282839074
0.021018019000,0.054392807228,0.001394879155,-0.049017738019
0.018390766600,0.054702179720,0.001472661134,-0.075902512586
0.015763514200,0.054735640620,0.001567216404,-0.067135169867
0.013136261800,0.054648257484,0.001586349943,0.002581816844
0.010509009500,0.054748736199,0.001521207122,0.058137599534
0.007881757100,0.054940159227,0.001351331365,0.089412713437
0.005254504700,0.055128262410,0.001258288203,0.128859534197
0.002627252400,0.055396065463,0.001044301340,0.488015574302
0.000000000000,0.052101060669,0.000786901958,0.884266722201
