0.391460603250,0.023745534810,0.000579363836,-0.496539007779
0.388833350880,0.024596538193,0.000897210365,-0.399209725018
0.386206098510,0.024027879554,0.001142777872,-0.198599822957
0.383578846140,0.024205521844,0.001492164065,-0.167976855583
0.380951593770,0.023157747951,0.001612079244,-0.266757516306
0.378324341400,0.023508323796,0.001736321894,-0.337273917438
0.375697089030,0.023930173126,0.001678145180,-0.131542822586
0.373069836660,0.024121236857,0.001693024409,-0.104861162794
0.370442584290,0.024303586360,0.001710901097,-0.312370673274
0.367815331920,0.024615975790,0.001807597024,-0.433700961122
0.365188079550,0.025653278773,0.001797311548,-0.314151740179
0.362560827170,0.026236059157,0.001759821207,-0.054682245213
0.359933574800,0.026457129718,0.001707082508,0.009741902199
0.357306322430,0.027373020474,0.001691926983,-0.070823300145
0.354679070060,0.027942904105,0.001899382378,-0.223550507052
0.352051817690,0.028476187020,0.002199609517,-0.169611117162
0.349424565320,0.028734672968,0.002265317007,-0.040469384977
0.346797312950,0.029031806712,0.002251096235,0.000374316345
0.344170060580,0.029400592990,0.002226537153,0.023512156823
0.341542808210,0.029481518109,0.002243691550,0.004809904952
0.338915555840,0.029465087783,0.002339959944,0.006123191392
0.336288303460,0.029393353071,0.002366985250,0.018253060193
0.333661051090,0.029487262775,0.002306483726,0.066053962242
0.331033798720,0.029461169427,0.002262377605,0.073522094134
0.328406546350,0.029192634337,0.002307719241,0.023550201154
0.325779293980,0.029084601434,0.002348038827,0.015529552461
0.323152041610,0.029032833057,0.002422035612,0.031071454786
0.320524789240,0.028848033662,0.002488834302,0.045166284414
0.317897536870,0.028599177321,0.002465144407,0.044601729416
0.315270284500,0.028472399946,0.002312834132,0.055194992539
0.312643032100,0.028400047775,0.002258294846,0.094959589661
0.310015779800,0.028295008002,0.002201978589,0.118105694220
0.307388527400,0.028115027453,0.002056441789,0.122615860126
0.304761275000,0.027990315317,0.001926275801,0.099111868427
0.302134022600,0.027985015483,0.001757744716,0.050603250846
0.299506770300,0.027914116244,0.001637158435,0.055184505409
0.296879517900,0.027805461170,0.001521976491,0.078574806816
0.294252265500,0.027774365617,0.001505372329,0.100034863417
0.291625013200,0.027763623720,0.001626697589,0.077949446225
0.288997760800,0.027960710755,0.001811341399,0.084147982970
0.286370508400,0.028172861694,0.001924893084,0.106031504348
0.283743256000,0.028245702212,0.001994293573,0.106484760306
0.281116003700,0.028482356119,0.002147097971,0.082553122122
0.278488751300,0.028697505094,0.002284367155,0.063847445419
0.275861498900,0.028858939085,0.002268667643,0.083237185336
0.273234246600,0.028928561357,0.002258475525,0.062473648789
0.270606994200,0.028941586906,0.002309608866,0.037640840899
0.267979741800,0.028930378148,0.002324391847,0.012144916536
0.265352489400,0.028956726189,0.002353002164,-0.015517208140
0.262725237100,0.029023938399,0.002345709791,-0.013787317370
0.260097984700,0.028990626846,0.002218539023,0.055866275907
0.257470732300,0.028791963263,0.002013455106,0.100240394264
0.254843480000,0.028649218467,0.001901143381,0.088059416275
0.252216227600,0.028442095568,0.001713982998,0.082300804395
0.249588975200,0.028122727864,0.001546980513,0.380674896555
0.246961722900,0.026309606557,0.001334413838,0.045693561419
0.244334470500,0.027581278260,0.001295873072,-0.205221591252
0.241707218100,0.027389283346,0.001187583250,0.072048111058
0.239079965700,0.027212366001,0.000899146976,0.033616873774
0.236452713400,0.027034193127,0.000735109972,0.011249222594
0.233825461000,0.026875588757,0.000569785669,-0.051980561890
0.231198208600,0.026762785628,0.000308295098,-0.094801173782
0.228570956300,0.026632894428,0.000063477121,-0.079730823373
0.225943703900,0.026428306117,0.000116093934,-0.034113124289
0.223316451500,0.026257845027,0.000107836125,0.018717456638
0.220689199100,0.025944040638,0.000127644086,0.087876232008
0.218061946800,0.025627098193,0.000066790381,0.161036211722
0.215434694400,0.025233171477,-0.000007976702,0.207451481637
0.212807442000,0.024749262348,-0.000014098570,0.227152872566
0.210180189700,0.024344489443,0.000089333328,0.273581618659
0.207552937300,0.024062123119,0.000126319741,0.283698788233
0.204925684900,0.023841525111,0.000280212767,0.251529238301
0.202298432500,0.023780471598,0.000345324682,0.199816009441
0.199671180200,0.023724882512,0.000418261593,0.131633627801
0.197043927800,0.023726696528,0.000636688767,0.117333877136
0.194416675400,0.023758429853,0.000800618280,0.107961834138
0.191789423100,0.023902570524,0.000978384173,0.085495399743
0.189162170700,0.024096137183,0.001158386619,0.083541290509
0.186534918300,0.024247927333,0.001240244059,0.037694427638
0.183907666000,0.024349853467,0.001415451090,0.025067063212
0.181280413600,0.024372138104,0.001611325375,0.040817405936
0.178653161200,0.024383053353,0.001833164706,0.079614388488
0.176025908800,0.024449391905,0.001937763138,0.101482623866
0.173398656500,0.024414951297,0.002010187897,0.126181766937
0.170771404100,0.024379072833,0.002121437831,0.125172842133
0.168144151700,0.024347227219,0.002148458983,0.048476565249
0.165516899400,0.024385442798,0.002126449766,-0.020461898414
0.162889647000,0.024451893053,0.002165948506,-0.058465776515
0.160262394600,0.024489987507,0.002324430834,-0.027026278370
0.157635142200,0.024513946791,0.002480758911,0.030906263067
0.155007889900,0.024372456981,0.002506191577,0.071509588837
0.152380637500,0.024380559405,0.002522539007,0.070211871766
0.149753385100,0.024604105303,0.002417543740,0.049821646809
0.147126132800,0.024823593532,0.002304325331,0.024469058142
0.144498880400,0.025078528068,0.002248095019,-0.000757767540
0.141871628000,0.025419435022,0.002133503553,-0.059316738635
0.139244375600,0.025836229542,0.001997353626,-0.103906940294
0.136617123300,0.026295953264,0.001936350116,-0.098489489376
0.133989870900,0.026817022992,0.001689896017,-0.120572231581
0.131362618500,0.027297400059,0.001663719959,-0.144108587359
0.128735366200,0.027726727900,0.001531408162,-0.152604972862
0.126108113800,0.027876580024,0.001473581116,-0.151776711466
0.123480861400,0.027897673377,0.001379666595,0.020026553910
0.120853609000,0.026966940087,0.001184032915,-0.139979016390
0.118226356700,0.027790235442,0.001211795801,-0.304328471330
0.115599104300,0.027585947382,0.001093468335,-0.073132934907
0.112971851900,0.027330285863,0.000848100730,0.012612543494
0.110344599600,0.026898367378,0.000863892365,0.084822789592
0.107717347200,0.026602406382,0.000860240857,0.085353247167
0.105090094800,0.026332618030,0.000814916641,0.036492965163
0.102462842500,0.025974855701,0.000790753499,0.021114728797
0.099835590100,0.025493356686,0.000684753923,-0.010771992640
0.097208337700,0.025101753709,0.000679139051,-0.049864770170
0.094581085300,0.024718078835,0.000551821498,-0.025377492838
0.091953833000,0.023918796545,0.000620468946,0.047521228477
0.089326580600,0.023074113230,0.000563701176,-0.039130915396
0.086699328200,0.023204072333,0.000590436199,-0.047622299064
0.084072075900,0.023441266770,0.000490995892,0.100562024083
0.081444823500,0.023647230669,0.000155705322,0.170748423762
0.078817571100,0.023734690810,-0.000138496594,0.080469304080
0.076190318700,0.023829280433,-0.000136373979,-0.010606682085
0.073563066400,0.023965246137,0.000080773232,-0.016926698776
0.070935814000,0.024244774219,0.000230363804,0.047165380483
0.068308561600,0.024459490813,0.000564266180,0.095318417684
0.065681309300,0.024487624170,0.000791660166,0.057067084366
0.063054056900,0.024551341454,0.000651000703,-0.023536844586
0.060426804500,0.024583139606,0.000649566198,-0.014748074442
0.057799552100,0.024150751934,0.000681721066,0.079370925711
0.055172299800,0.023629762268,0.000617409887,0.127508348141
0.052545047400,0.023244479523,0.000646939304,0.146475910886
0.049917795000,0.022841726664,0.000694471875,0.161307378035
0.047290542700,0.022518777399,0.000923810313,0.166962496365
0.044663290300,0.022150663307,0.001114015928,0.142333386124
0.042036037900,0.021763776646,0.001446893810,0.079736070009
0.039408785500,0.021692362068,0.001828677569,0.027035715944
0.036781533200,0.021484022177,0.002051288169,0.007897247515
0.034154280800,0.021307279892,0.001949021640,-0.017613613638
0.031527028400,0.021158003916,0.001914253587,0.012610968288
0.028899776100,0.021172147008,0.001769465573,0.019745179516
0.026272523700,0.021046782012,0.001629397992,0.031731854201
0.023645271300,0.020225643002,0.001264990654,-0.018581229592
0.021018019000,0.020247105259,0.001166301914,-0.066175490810
0.018390766600,0.021083860104,0.001137671877,-0.038765048005
0.015763514200,0.021040940017,0.001298891907,0.046897273637
0.013136261800,0.020949913089,0.001261125491,0.133410343427
0.010509009500,0.021145267176,0.001097695841,0.117504435858
0.007881757100,0.021383627265,0.001069754948,0.063801940575
0.005254504700,0.021774695651,0.000930134471,0.258952080873
0.002627252400,0.021095879242,0.000854774379,0.987811566306
0.000000000000,0.019196257500,0.000941024976,1.436509572783
