0.391460603250,-0.024631361697,0.001302870674,0.046518162173
0.388833350880,-0.023519400447,0.001548823923,-0.128595638422
0.386206098510,-0.023502015581,0.001167380255,0.166532918095
0.383578846140,-0.023920735749,0.001067223680,0.280298307887
0.380951593770,-0.024345554978,0.000970490894,-0.245269595078
0.378324341400,-0.024668657952,0.001005260200,-0.312828718281
0.375697089030,-0.025603308608,0.000946294390,-0.158762626892
0.373069836660,-0.026201451969,0.000952293474,-0.038377288820
0.370442584290,-0.026397475062,0.000856646105,-0.088937484180
0.367815331920,-0.026289695680,0.000817489760,-0.193656588048
0.365188079550,-0.026125657318,0.000671319278,-0.376662710102
0.362560827170,-0.025408780782,0.000679085829,-0.295732587372
0.359933574800,-0.024961034905,0.000634281469,-0.007513968219
0.357306322430,-0.025023058259,0.000637847457,0.010763969812
0.354679070060,-0.024972322901,0.001030048165,0.199475805843
0.352051817690,-0.025995248089,0.001096860282,-0.184160324215
0.349424565320,-0.024280760663,0.001204966783,-0.273035427941
0.346797312950,-0.024057256639,0.001375451690,0.047088632282
0.344170060580,-0.023760707157,0.001474787250,0.060245831381
0.341542808210,-0.023859307932,0.001416942653,0.091568019233
0.338915555840,-0.023565288824,0.001331233376,0.104322731480
0.336288303460,-0.023562028111,0.001270137059,0.102809673332
0.333661051090,-0.023560149137,0.001355603959,0.087610428512
0.331033798720,-0.023902745907,0.001444780267,0.090302450058
0.328406546350,-0.024331905220,0.001684705689,0.056552774730
0.325779293980,-0.024733352610,0.001719581724,0.055442443724
0.323152041610,-0.025077525448,0.001860825373,0.066130976516
0.320524789240,-0.025288690510,0.001834885966,0.061816844487
0.317897536870,-0.025420253001,0.001805989925,0.053914037131
0.315270284500,-0.025609929451,0.001898815325,0.036183262703
0.312643032100,-0.025790235919,0.001897427943,0.026310267976
0.310015779800,-0.025952020323,0.001903473724,0.010090553413
0.307388527400,-0.025995904173,0.001764095621,-0.012165466749
0.304761275000,-0.025920543266,0.001980409638,0.005130122823
0.302134022600,-0.025745564159,0.002169429634,0.027613315544
0.299506770300,-0.025531468153,0.002337985503,0.040481227386
0.296879517900,-0.025385831845,0.002705961793,0.042841302299
0.294252265500,-0.025240714979,0.002855255729,0.030429181263
0.291625013200,-0.025157455244,0.003020798941,0.038253300484
0.288997760800,-0.025141190057,0.003094668949,0.068652372497
0.286370508400,-0.025067993476,0.003138598482,0.066849631720
0.283743256000,-0.025032734533,0.003234822565,0.028745634090
0.281116003700,-0.025006930313,0.003259691222,0.029098142253
0.278488751300,-0.025061123101,0.003165614160,0.086536869116
0.275861498900,-0.025166387499,0.002938934812,0.039747744507
0.273234246600,-0.025235330573,0.002658855578,-0.045261702023
0.270606994200,-0.025361133076,0.002411565581,-0.076276112118
0.267979741800,-0.025380310571,0.002278248235,-0.074619918576
0.265352489400,-0.025381619657,0.002175019594,-0.075512757185
0.262725237100,-0.025466096118,0.002076694213,-0.106441229994
0.260097984700,-0.025622332372,0.002185502191,-0.130028069764
0.257470732300,-0.025718695538,0.002460300259,-0.107959363752
0.254843480000,-0.025779273761,0.002638483820,-0.091123757001
0.252216227600,-0.025812731959,0.002778966290,0.000953011030
0.249588975200,-0.025814761741,0.002786482441,0.141557134787
0.246961722900,-0.025761715071,0.002665108965,0.219557584015
0.244334470500,-0.025830832463,0.002558598262,0.200874063171
0.241707218100,-0.026138275744,0.002534848884,0.186015426273
0.239079965700,-0.026466802231,0.002408505454,0.196891302718
0.236452713400,-0.026977463221,0.002201095960,0.168197605041
0.233825461000,-0.027538076596,0.002003751341,0.157670953357
0.231198208600,-0.028023721199,0.001740942581,0.135755649037
0.228570956300,-0.028386070307,0.001437380595,0.107087069344
0.225943703900,-0.028607272791,0.001215779907,0.081007479851
0.223316451500,-0.028609331734,0.001254594073,0.059012884219
0.220689199100,-0.028479230021,0.001447798555,0.022690082354
0.218061946800,-0.028340877628,0.001614517638,-0.044440415935
0.215434694400,-0.028218772186,0.001910451816,-0.065480136632
0.212807442000,-0.028094291992,0.002002598453,-0.092990267607
0.210180189700,-0.028001551186,0.002067929702,-0.133393363172
0.207552937300,-0.027914250265,0.002133582659,-0.093656677391
0.204925684900,-0.027800017968,0.002157253209,-0.004727835129
0.202298432500,-0.027710989404,0.002293657525,0.065652551618
0.199671180200,-0.027660359913,0.002619173738,0.107096954825
0.197043927800,-0.027612456394,0.002921723921,0.108497557579
0.194416675400,-0.027525460424,0.003439415872,0.126792234623
0.191789423100,-0.027482551638,0.003814957385,0.128524351441
0.189162170700,-0.027540795944,0.004100153066,0.148138539719
0.186534918300,-0.027517157091,0.004213646111,0.189326193396
0.183907666000,-0.027428959919,0.004199961346,0.189613472182
0.181280413600,-0.027287805427,0.004127151297,0.193519149815
0.178653161200,-0.027150939025,0.004340589506,0.297077283973
0.176025908800,-0.027009070689,0.004596007577,0.410238724151
0.173398656500,-0.026878330477,0.004801845752,0.385322081487
0.170771404100,-0.026606920754,0.005133560413,0.244632755060
0.168144151700,-0.026245998289,0.005370260979,0.206492666552
0.165516899400,-0.025856425472,0.005312464629,0.206852897977
0.162889647000,-0.025683288434,0.005298575759,0.190659683402
0.160262394600,-0.025422919528,0.005285827114,0.177249095748
0.157635142200,-0.025125933792,0.005078843008,0.169609981494
0.155007889900,-0.025001623432,0.004894039611,0.107972430078
0.152380637500,-0.025107933406,0.004678381508,0.034859163950
0.149753385100,-0.025474083420,0.004629373470,-0.006185854031
0.147126132800,-0.025848778850,0.004451174880,-0.054596729722
0.144498880400,-0.026137321592,0.004232405326,-0.166980804086
0.141871628000,-0.026524888190,0.004014248590,-0.207621325365
0.139244375600,-0.026904128740,0.003733141965,-0.124690682305
0.136617123300,-0.027389457323,0.003529273625,0.002831945880
0.133989870900,-0.027917016547,0.003523592998,0.075349105490
0.131362618500,-0.028458907963,0.003621640129,0.120092498415
0.128735366200,-0.028910693543,0.003996250714,0.120259593723
0.126108113800,-0.029253257097,0.004243724761,0.123624704939
0.123480861400,-0.029566139340,0.004427352813,0.094080390707
0.120853609000,-0.029590482400,0.004655932327,0.079551429165
0.118226356700,-0.029549702297,0.004671090082,0.077501516543
0.115599104300,-0.029544565786,0.004519827907,0.093498117806
0.112971851900,-0.029470975623,0.004431434996,0.099979767780
0.110344599600,-0.029417080734,0.004502730393,0.087944366031
0.107717347200,-0.029412237169,0.004469428966,-0.032649497168
0.105090094800,-0.029400780800,0.004431550150,-0.100120916627
0.102462842500,-0.029346206521,0.004532339513,-0.140494934324
0.099835590100,-0.029361660886,0.004499232049,-0.127853076967
0.097208337700,-0.029286079585,0.004546676874,-0.011112428322
0.094581085300,-0.029163990674,0.004597658699,0.129481318840
0.091953833000,-0.029207506743,0.004356186937,0.249365373620
0.089326580600,-0.029378803479,0.004272273690,0.246747250353
0.086699328200,-0.029474420013,0.004060236619,0.151063775768
0.084072075900,-0.029584286161,0.004030187737,0.094284401572
0.081444823500,-0.029662705470,0.004052010142,0.083972254312
0.078817571100,-0.029719780756,0.003979307343,0.067422514665
0.076190318700,-0.029851747886,0.003896589965,0.030355025695
0.073563066400,-0.029845102933,0.003913564739,0.103826082501
0.070935814000,-0.029846375035,0.003903915562,0.148247536882
0.068308561600,-0.030025639700,0.003635492559,0.081519988428
0.065681309300,-0.030082771456,0.003513501772,0.038692886513
0.063054056900,-0.030077058349,0.003538358253,0.044070936003
0.060426804500,-0.030039068592,0.003447324390,0.031260057078
0.057799552100,-0.030095851253,0.003466971032,-0.006344940241
0.055172299800,-0.030085764120,0.003360133263,-0.010564202607
0.052545047400,-0.030149999159,0.003419429556,0.003541597358
0.049917795000,-0.030148112709,0.003337540748,0.014844439377
0.047290542700,-0.030165150569,0.003342801656,-0.000633108834
0.044663290300,-0.030203800273,0.003315321969,-0.018998145350
0.042036037900,-0.030215558738,0.003165124943,0.003388034021
0.039408785500,-0.030390838903,0.003043261794,0.042195086886
0.036781533200,-0.030799091905,0.003070399546,0.039442533291
0.034154280800,-0.031079596616,0.002976537387,0.049034236553
0.031527028400,-0.031542858902,0.002967520648,0.073914434649
0.028899776100,-0.032263122101,0.003011885880,0.064238222331
0.026272523700,-0.032961725363,0.003164195071,0.110557656024
0.023645271300,-0.032726774109,0.003055227360,0.132075877459
0.021018019000,-0.033938752416,0.002963479429,0.060820491689
0.018390766600,-0.034083648108,0.002959447024,-0.000875240011
0.015763514200,-0.033846019410,0.002750219902,-0.068264092892
0.013136261800,-0.033653987072,0.002514675499,-0.080024339416
0.010509009500,-0.033311628989,0.002048108917,-0.019890225375
0.007881757100,-0.032929032356,0.001555365537,0.049990033709
0.005254504700,-0.032386081332,0.001117382967,0.140699189725
0.002627252400,-0.031773143595,0.000825980594,0.424692715514
0.000000000000,-0.027526372295,0.000634761223,0.649036932971
