0.391460603250,-0.034489908023,0.000702273308,0.311986602713
0.388833350880,-0.035249221024,0.000779118108,0.109090236557
0.386206098510,-0.035298482849,0.000873296048,-0.072084784098
0.383578846140,-0.035641475849,0.001045931679,0.189840035376
0.380951593770,-0.035955411604,0.001336710775,-0.044810219171
0.378324341400,-0.036860154140,0.001530339635,-0.355369737321
0.375697089030,-0.037091052988,0.001808776297,-0.282580440830
0.373069836660,-0.037056943395,0.002108542897,-0.223007707141
0.370442584290,-0.036810709094,0.002333466090,-0.028301580301
0.367815331920,-0.036776210947,0.002336996377,0.075537395436
0.365188079550,-0.036690470458,0.002404241534,0.122050307496
0.362560827170,-0.036720955917,0.002639118498,0.041861721914
0.359933574800,-0.036824707218,0.002725135276,-0.087351375330
0.357306322430,-0.036478787957,0.002778595561,-0.243695883779
0.354679070060,-0.035366588832,0.002941973315,-0.272982939934
0.352051817690,-0.034645446785,0.002976837837,-0.080268043550
0.349424565320,-0.034507202373,0.002944023087,-0.002362680844
0.346797312950,-0.034418103742,0.002912721002,0.008174281681
0.344170060580,-0.034217324307,0.002872379142,0.027187489491
0.341542808210,-0.034110553868,0.002811703352,0.059344139146
0.338915555840,-0.034082869983,0.002785365389,0.060284011094
0.336288303460,-0.034048027470,0.002835261849,0.076341635871
0.333661051090,-0.034111233375,0.002835971147,0.093637651342
0.331033798720,-0.034238137504,0.002834481898,0.080879576639
0.328406546350,-0.034337984041,0.002818998873,0.060339496642
0.325779293980,-0.034514149033,0.002796631811,0.020410799904
0.323152041610,-0.034669734467,0.002738339921,0.001962794736
0.320524789240,-0.034812500966,0.002692014241,0.016656343880
0.317897536870,-0.034829003150,0.002575151392,0.002712748024
0.315270284500,-0.034931384521,0.002515078110,-0.028280340672
0.312643032100,-0.035051201025,0.002495511567,-0.033721286699
0.310015779800,-0.035270533870,0.002737081228,-0.040644361248
0.307388527400,-0.035499493395,0.003094064596,-0.054985983369
0.304761275000,-0.035680175137,0.003332368420,-0.020867351339
0.302134022600,-0.035880261003,0.003441061438,0.038803067740
0.299506770300,-0.035975521813,0.003686787298,0.038175339659
0.296879517900,-0.036056775115,0.003918311650,0.016806444197
0.294252265500,-0.036184978404,0.003999155677,0.052887133251
0.291625013200,-0.036142684153,0.004098249895,0.059564200717
0.288997760800,-0.035985559239,0.004140671274,0.032850056836
0.286370508400,-0.035884704012,0.004268697826,0.022632891066
0.283743256000,-0.035791364645,0.004406318023,0.033389379239
0.281116003700,-0.035617804527,0.004400642727,-0.010910065361
0.278488751300,-0.035488566151,0.004348930062,-0.007240137353
0.275861498900,-0.035463947607,0.004190510697,0.052976278468
0.273234246600,-0.035404039292,0.003990435238,0.048267456307
0.270606994200,-0.035339376214,0.003790911508,0.044757217595
0.267979741800,-0.035355556542,0.003770792377,0.117286883303
0.265352489400,-0.035523415398,0.003744685744,0.163613525493
0.262725237100,-0.035719747201,0.003659510985,0.121889225056
0.260097984700,-0.035858630726,0.003624978424,0.080340772300
0.257470732300,-0.035966021979,0.003597910733,0.097152686165
0.254843480000,-0.036088944039,0.003613636000,0.097640263889
0.252216227600,-0.036141703450,0.003557630457,0.062081544733
0.249588975200,-0.036253030621,0.003413500331,-0.004255058204
0.246961722900,-0.036368851301,0.003346642421,-0.087578548117
0.244334470500,-0.036341952874,0.003351107102,-0.127059198409
0.241707218100,-0.036414162262,0.003182336338,-0.140488642424
0.239079965700,-0.036482913887,0.003081219879,-0.225572525023
0.236452713400,-0.036572364122,0.002909060159,-0.239414065274
0.233825461000,-0.036773654242,0.002784526254,-0.152837807386
0.231198208600,-0.037052815078,0.002827869569,-0.082187885538
0.228570956300,-0.037556685905,0.002710712530,0.041988300147
0.225943703900,-0.038068423898,0.002682440897,0.171234462255
0.223316451500,-0.038447019668,0.002700916582,0.230827158488
0.220689199100,-0.038894090216,0.002706191561,0.241310455083
0.218061946800,-0.039255826748,0.002764057464,0.195179840998
0.215434694400,-0.039379629516,0.002783041581,0.121036428825
0.212807442000,-0.039356936200,0.002716959379,0.058687858345
0.210180189700,-0.039346079002,0.002625801691,0.079562767698
0.207552937300,-0.039303793778,0.002661773647,0.121831309615
0.204925684900,-0.039188950838,0.002598332917,0.131340226805
0.202298432500,-0.039006183432,0.002637254870,0.127777486979
0.199671180200,-0.038893930357,0.002762916597,0.107483659436
0.197043927800,-0.038951556356,0.002887417569,0.122193995149
0.194416675400,-0.038964994253,0.002976828727,0.132260399773
0.191789423100,-0.038994783984,0.003050073253,0.133698182859
0.189162170700,-0.039109526932,0.003313222900,0.138953222564
0.186534918300,-0.039185783488,0.003582979481,0.133986352373
0.183907666000,-0.039261312602,0.003773292938,0.131613186569
0.181280413600,-0.039352319597,0.003964551221,0.116571138962
0.178653161200,-0.039383800134,0.004237352694,0.099460855945
0.176025908800,-0.039335007365,0.004496377695,0.089461886431
0.173398656500,-0.039222959696,0.004757226835,0.057217508726
0.170771404100,-0.039024899559,0.004951019193,0.028292082035
0.168144151700,-0.038714136106,0.004987784009,0.001570209304
0.165516899400,-0.038357851447,0.005105862113,0.005169917018
0.162889647000,-0.038027372015,0.005417642799,0.039023237974
0.160262394600,-0.037667012914,0.005583166734,0.081153493579
0.157635142200,-0.037231507651,0.005776175627,0.125167338552
0.155007889900,-0.036830541269,0.005925506230,0.164670686290
0.152380637500,-0.036419266206,0.005935296088,0.144237514667
0.149753385100,-0.036075018159,0.005822387556,0.042383960799
0.147126132800,-0.035860547815,0.005752786772,0.006628845918
0.144498880400,-0.035667688651,0.005708521843,0.056910763521
0.141871628000,-0.035631120070,0.005699835157,0.057366695802
0.139244375600,-0.035780361006,0.005553229552,0.010178975996
0.136617123300,-0.036011347028,0.005386692424,-0.010624573020
0.133989870900,-0.036304130251,0.005286320373,-0.052558525523
0.131362618500,-0.036466650780,0.005123917830,-0.063340227668
0.128735366200,-0.036618957465,0.005017900721,-0.017392151783
0.126108113800,-0.036901394171,0.004894375909,-0.009813269816
0.123480861400,-0.037164547266,0.004836583719,-0.035830716473
0.120853609000,-0.037474250832,0.004765950482,-0.052067855333
0.118226356700,-0.037889297872,0.004431987537,-0.032863581867
0.115599104300,-0.038517187538,0.004132885262,-0.013495201505
0.112971851900,-0.039374755090,0.003802580844,-0.012753470300
0.110344599600,-0.040145562793,0.003489153653,0.025352998955
0.107717347200,-0.040697740888,0.003153692599,0.062856599049
0.105090094800,-0.040813949393,0.002577914008,0.036751717120
0.102462842500,-0.040856843084,0.002140460002,0.024869552140
0.099835590100,-0.041072902663,0.001699740773,0.031134101185
0.097208337700,-0.041013074961,0.001080769906,-0.010994137874
0.094581085300,-0.040831638805,0.000351900153,0.050759238208
0.091953833000,-0.040599034869,0.000347214291,0.055628924308
0.089326580600,-0.040378296058,0.000487203247,-0.012147687610
0.086699328200,-0.040166141317,0.000469845311,-0.081959624357
0.084072075900,-0.040049292655,0.000573055488,-0.160537906358
0.081444823500,-0.039983349722,0.001009505099,-0.220126833272
0.078817571100,-0.039926787131,0.001090546972,-0.168453444898
0.076190318700,-0.039890279566,0.001391948044,-0.059376078841
0.073563066400,-0.039913050861,0.001515801800,-0.010663077588
0.070935814000,-0.039892454770,0.001489038783,-0.003790474827
0.068308561600,-0.039998588141,0.001387465994,-0.007574421492
0.065681309300,-0.040292929156,0.001536716201,0.061528273841
0.063054056900,-0.040607683522,0.001457565757,0.107607463902
0.060426804500,-0.040870076372,0.001192445397,0.148698674765
0.057799552100,-0.041129636947,0.001137356282,0.140993953703
0.055172299800,-0.041432801890,0.001176740621,0.133891472832
0.052545047400,-0.041681864706,0.001118278048,0.115143705305
0.049917795000,-0.041878315988,0.001210428369,0.075506166151
0.047290542700,-0.042031112868,0.001284621314,0.033147177719
0.044663290300,-0.042107081000,0.001429873832,0.014706021241
0.042036037900,-0.042136271304,0.001491912654,0.007370697225
0.039408785500,-0.042272793086,0.001391399311,-0.001328304681
0.036781533200,-0.042315601037,0.001404819311,-0.056920093439
0.034154280800,-0.042148470140,0.001667771165,-0.071683023439
0.031527028400,-0.042075349820,0.001660716484,-0.043255226334
0.028899776100,-0.042190798437,0.001661312506,0.023732376995
0.026272523700,-0.042269700483,0.001786736143,0.392162635034
0.023645271300,-0.042845193274,0.001636236323,0.224078765127
0.021018019000,-0.042739540920,0.001748225126,-0.422087732451
0.018390766600,-0.042920527471,0.001896707195,-0.363001031499
0.015763514200,-0.043203098576,0.001829740994,-0.156621438499
0.013136261800,-0.043317730520,0.002014874597,-0.191626263984
0.010509009500,-0.043149088426,0.002016361192,-0.188261246453
0.007881757100,-0.042748792860,0.001887405990,-0.089466102919
0.005254504700,-0.042188097451,0.001670429146,0.045242407046
0.002627252400,-0.041655692654,0.001361849965,0.408298619248
0.000000000000,-0.037594892536,0.001203544849,0.710292247178
