0.391460603250,-0.056033351647,0.000110045956,-0.343314721099
0.388833350880,-0.055351530915,0.000295416246,-0.481372931335
0.386206098510,-0.054517421540,0.000079704732,0.228388247145
0.383578846140,-0.055601627295,0.000496075822,0.049482881197
0.380951593770,-0.055768424585,0.000650575077,-0.205072837230
0.378324341400,-0.056799988731,0.000809038567,0.295912454342
0.375697089030,-0.056062115905,0.001046592669,-0.047364496133
0.373069836660,-0.054527465277,0.001248559379,-0.055583249703
0.370442584290,-0.055959683039,0.001627566545,0.167994563937
0.367815331920,-0.057506162104,0.001900202477,0.072122136361
0.365188079550,-0.057053895153,0.002026872112,-0.088307983052
0.362560827170,-0.056200838414,0.002277592431,-0.194700184167
0.359933574800,-0.055517720931,0.002426794146,-0.110749598534
0.357306322430,-0.055400581666,0.002697704016,0.006900542716
0.354679070060,-0.055338690507,0.002896202062,-0.004900653568
0.352051817690,-0.055094779247,0.003116199473,-0.068343985578
0.349424565320,-0.054780687485,0.003214866175,-0.083332329236
0.346797312950,-0.054497071822,0.003375620347,-0.050132115841
0.344170060580,-0.054296586567,0.003516906685,-0.035274234574
0.341542808210,-0.054114976811,0.003556306182,-0.019453348180
0.338915555840,-0.054073323883,0.003620938047,-0.022428279064
0.336288303460,-0.054122226285,0.003687817490,-0.033019481185
0.333661051090,-0.054254809923,0.003731223791,-0.007153996951
0.331033798720,-0.054342336553,0.003818346826,0.028986576149
0.328406546350,-0.054431174402,0.003956092018,0.041719010966
0.325779293980,-0.054661450897,0.004014885763,0.041019494872
0.323152041610,-0.054854721706,0.004111768696,0.033672021905
0.320524789240,-0.055106801080,0.004234945259,0.068959327331
0.317897536870,-0.055377194687,0.004458096799,-0.055016045858
0.315270284500,-0.054760000403,0.004623408520,0.124966313345
0.312643032100,-0.055483860561,0.004635600353,0.223246743055
0.310015779800,-0.055496165361,0.004721801597,0.086115766578
0.307388527400,-0.055624248191,0.004756889878,0.073298939310
0.304761275000,-0.055743664493,0.004746830242,0.139572103336
0.302134022600,-0.055904290167,0.004602524177,0.098161359036
0.299506770300,-0.056291646242,0.004812548907,-0.050317423419
0.296879517900,-0.056602116812,0.004809941060,0.080634387523
0.294252265500,-0.056692952810,0.004905732351,0.053017786462
0.291625013200,-0.056670495978,0.004926272218,0.018341180967
0.288997760800,-0.056714277717,0.005000073757,0.048701593933
0.286370508400,-0.056667611190,0.005130210113,0.036846270675
0.283743256000,-0.056455218334,0.005077059454,0.064401632320
0.281116003700,-0.056295082810,0.005104142926,0.099442001727
0.278488751300,-0.056085385679,0.005162067906,0.105523738214
0.275861498900,-0.055829629226,0.005119818595,0.092087464271
0.273234246600,-0.055673625878,0.005053343459,0.086865934715
0.270606994200,-0.055494791556,0.004995293619,0.097781812700
0.267979741800,-0.055432039023,0.004921060644,0.075534487284
0.265352489400,-0.055410581426,0.004987106506,0.085721016605
0.262725237100,-0.055256718253,0.004993235972,0.072401697255
0.260097984700,-0.055060062594,0.004947602811,0.021977517697
0.257470732300,-0.054954422196,0.004825948724,-0.007793081667
0.254843480000,-0.054872339531,0.004644132142,-0.009461617568
0.252216227600,-0.054930556824,0.004546180280,-0.007156427686
0.249588975200,-0.055075710386,0.004377916105,-0.022989237541
0.246961722900,-0.055380783047,0.004250911625,-0.031725708925
0.244334470500,-0.055832493504,0.004094256819,0.014319297326
0.241707218100,-0.056233563645,0.003959440573,0.048784756917
0.239079965700,-0.056529436528,0.003718849444,0.062080568238
0.236452713400,-0.056755651470,0.003459874972,0.061113309515
0.233825461000,-0.056932235145,0.003223133297,0.043044237546
0.231198208600,-0.057095469575,0.003064981144,0.035934162710
0.228570956300,-0.057254388990,0.002907902313,0.063058782483
0.225943703900,-0.057431282750,0.002692263893,0.104717771592
0.223316451500,-0.057550356964,0.002541375815,0.087291124817
0.220689199100,-0.057587760553,0.002473520675,0.067492878213
0.218061946800,-0.057590915775,0.002370764587,0.030215640258
0.215434694400,-0.057556069347,0.002247268282,0.025552540366
0.212807442000,-0.057617336906,0.002134997720,0.112561429381
0.210180189700,-0.057848546520,0.002112185615,0.176554139340
0.207552937300,-0.058225160441,0.002201600000,0.142381899917
0.204925684900,-0.058466591241,0.002336506114,0.142204030388
0.202298432500,-0.058749867288,0.002469499342,0.158073579520
0.199671180200,-0.059077773936,0.002546336100,0.132829360654
0.197043927800,-0.059277209385,0.002825047532,0.141935293623
0.194416675400,-0.059407988423,0.002982685970,0.168698624836
0.191789423100,-0.059437742244,0.003138010766,0.161619302251
0.189162170700,-0.059420985802,0.003402948391,0.127038677682
0.186534918300,-0.059370668306,0.003535014235,0.120581685724
0.183907666000,-0.059232386816,0.003733261119,0.128432924277
0.181280413600,-0.059036817299,0.003870761584,0.083578974019
0.178653161200,-0.058953967531,0.004029559506,0.034754338699
0.176025908800,-0.059044707203,0.004094645133,0.034337877949
0.173398656500,-0.059170238260,0.004241893634,0.024744853533
0.170771404100,-0.059107370214,0.004436944404,0.013665916166
0.168144151700,-0.058978878071,0.004535334879,0.055895465393
0.165516899400,-0.058834809700,0.004806466326,0.103040730423
0.162889647000,-0.058796846705,0.004949570822,0.102872185294
0.160262394600,-0.058894501305,0.005110800927,0.069943095827
0.157635142200,-0.058874829796,0.005316862179,0.029755652605
0.155007889900,-0.059090883228,0.005540575737,0.006445754350
0.152380637500,-0.059184729530,0.005819928181,-0.002864548899
0.149753385100,-0.059197823116,0.005877653273,0.026116006889
0.147126132800,-0.059308119878,0.006012486635,0.008431783040
0.144498880400,-0.059444764920,0.005991668287,0.008335556565
0.141871628000,-0.059522721299,0.005801034231,0.035126250543
0.139244375600,-0.059463290420,0.005641187025,0.036585401113
0.136617123300,-0.059237769370,0.005453532490,0.074827481277
0.133989870900,-0.058963744756,0.005201936783,0.092423955143
0.131362618500,-0.058671482770,0.004916785679,0.069487391590
0.128735366200,-0.058276898875,0.004503529467,0.032276837089
0.126108113800,-0.057687606151,0.004153820744,0.045382312944
0.123480861400,-0.057200822592,0.003992871009,0.071358328718
0.120853609000,-0.056808291256,0.003736696740,0.080298931414
0.118226356700,-0.056525562688,0.003404632516,0.067931425894
0.115599104300,-0.056326363016,0.003222113221,0.035156235925
0.112971851900,-0.056244815421,0.003035738722,0.025792867101
0.110344599600,-0.056303545747,0.002885728871,0.031631551944
0.107717347200,-0.056439480061,0.002716559026,0.009315189487
0.105090094800,-0.056716486871,0.002457365710,-0.062039626963
0.102462842500,-0.057084415235,0.002383730005,-0.096698037473
0.099835590100,-0.057465609384,0.002355636707,-0.058000625693
0.097208337700,-0.057855064820,0.002218557943,0.017642669840
0.094581085300,-0.058305357025,0.002143466184,0.079343769008
0.091953833000,-0.058740054076,0.002075979702,0.099393866200
0.089326580600,-0.059170942419,0.001937123549,0.076084749584
0.086699328200,-0.059569834692,0.001794162393,0.116323148273
0.084072075900,-0.059974005577,0.001693013150,0.159925161616
0.081444823500,-0.060309702324,0.001585113676,0.121610469443
0.078817571100,-0.060517415981,0.001457750850,0.059861756440
0.076190318700,-0.060763989944,0.001513001736,0.045781223485
0.073563066400,-0.060831084848,0.001423853403,0.050516400812
0.070935814000,-0.060605257841,0.001174451122,0.044950660163
0.068308561600,-0.060349902281,0.000970272722,0.090462023222
0.065681309300,-0.060248429474,0.000944662709,0.123745863978
0.063054056900,-0.060226447039,0.001013353931,0.169222470205
0.060426804500,-0.059943606992,0.000967652503,0.190142882453
0.057799552100,-0.059777932948,0.001019236129,0.184636539658
0.055172299800,-0.060079673733,0.000943101121,0.194310070242
0.052545047400,-0.060355389827,0.000852962394,0.191721727209
0.049917795000,-0.060783816866,0.000973230351,0.229379867620
0.047290542700,-0.061391474202,0.001357053305,0.251679986690
0.044663290300,-0.061841564983,0.001613118587,0.126759994254
0.042036037900,-0.062210491396,0.001617990123,0.002542881716
0.039408785500,-0.062577884026,0.001435966199,-0.106122606024
0.036781533200,-0.062871876535,0.001465209517,-0.230910708598
0.034154280800,-0.063051346357,0.001466063829,-0.265929166096
0.031527028400,-0.063229007759,0.001448236037,-0.245664439456
0.028899776100,-0.063374045530,0.001244547307,-0.278141768520
0.026272523700,-0.063382100893,0.001027171185,-0.316662321152
0.023645271300,-0.061294556476,0.001123411382,-0.114188462116
0.021018019000,-0.060939689131,0.001222878911,0.218315435006
0.018390766600,-0.062949336528,0.001318254602,0.247887621550
0.015763514200,-0.063360105118,0.001389922728,0.171323807443
0.013136261800,-0.063349481269,0.001203331456,0.073468059584
0.010509009500,-0.063215361269,0.001219725786,-0.046007455493
0.007881757100,-0.063131876487,0.001096227674,-0.121137201034
0.005254504700,-0.062913206300,0.000870093300,-0.249515670301
0.002627252400,-0.062074278138,0.000802975103,-0.414266963596
0.000000000000,-0.052329507407,0.000455335871,-0.506067184652
