0.391460603250,-0.050092485398,-0.000195522289,0.855749912657
0.388833350880,-0.051719654716,0.000019935061,-0.024906732808
0.386206098510,-0.051001008071,0.000268324434,-0.410271925516
0.383578846140,-0.051784603079,0.000478877612,0.006287468505
0.380951593770,-0.052506957994,0.000769115645,-0.067276510605
0.378324341400,-0.054072753883,0.000926081160,0.219799037364
0.375697089030,-0.053521940080,0.001135790887,0.377626815570
0.373069836660,-0.055032461537,0.001359233234,0.224351998293
0.370442584290,-0.055247860917,0.001507664691,0.097391805222
0.367815331920,-0.054584186386,0.001530286641,0.010969059040
0.365188079550,-0.054923257891,0.001572182057,0.024374336349
0.362560827170,-0.054433631338,0.001624409650,-0.000168249010
0.359933574800,-0.053976035735,0.001762380413,-0.021648719958
0.357306322430,-0.053433454738,0.001848908158,-0.003283115334
0.354679070060,-0.053391442583,0.001977416708,-0.021068575648
0.352051817690,-0.053231974342,0.002030070564,-0.029640569761
0.349424565320,-0.053167610482,0.001985884161,-0.031209986853
0.346797312950,-0.053032911784,0.001923848673,-0.001865825525
0.344170060580,-0.053006189926,0.002016519798,-0.008984199475
0.341542808210,-0.053163005751,0.002250652012,-0.012294616965
0.338915555840,-0.053264128771,0.002192894948,-0.031264976774
0.336288303460,-0.053359814171,0.002148129433,-0.000591066708
0.333661051090,-0.053447889816,0.002175524188,0.040908751202
0.331033798720,-0.053630684972,0.002161606538,0.050176697695
0.328406546350,-0.053820666372,0.002185294108,0.076851185002
0.325779293980,-0.053906917455,0.002166393167,0.095963760436
0.323152041610,-0.054037290523,0.002166127075,0.072222341943
0.320524789240,-0.054136357120,0.002178208715,0.063894491070
0.317897536870,-0.054386206778,0.002138961031,0.071196889818
0.315270284500,-0.054634220974,0.002193840547,0.038567406243
0.312643032100,-0.054852299377,0.002246747250,0.013756951775
0.310015779800,-0.055027560563,0.002131816360,0.023514264760
0.307388527400,-0.055138193920,0.002002174594,0.031066075808
0.304761275000,-0.055336536483,0.002047063986,-0.007500819424
0.302134022600,-0.055444181924,0.002014955800,0.014679252157
0.299506770300,-0.055572590429,0.002165232764,0.065372307509
0.296879517900,-0.055580825302,0.002296559827,0.093946551086
0.294252265500,-0.055600590247,0.002376301130,0.052916076334
0.291625013200,-0.055780279012,0.002442659219,0.029018915305
0.288997760800,-0.056040580616,0.002517298829,0.055425734191
0.286370508400,-0.056431202770,0.002495521114,0.064354918206
0.283743256000,-0.056654238802,0.002594735865,0.046313803896
0.281116003700,-0.056698985769,0.002734774959,0.045861881215
0.278488751300,-0.056602265425,0.002862103647,0.023785101778
0.275861498900,-0.056453351871,0.003046109210,-0.015713333660
0.273234246600,-0.056381593496,0.003143300290,0.016012094836
0.270606994200,-0.056359650120,0.003348613234,0.037197210145
0.267979741800,-0.056337242356,0.003351804402,0.045690674179
0.265352489400,-0.056262912427,0.003319339053,0.051906496726
0.262725237100,-0.056108693759,0.003330179653,0.040718136593
0.260097984700,-0.055932082045,0.003246500436,0.023433270262
0.257470732300,-0.055761010046,0.003100664540,0.032986523826
0.254843480000,-0.055631369420,0.002978872837,0.082847743576
0.252216227600,-0.055573268087,0.002934542382,0.140147470873
0.249588975200,-0.055564065484,0.002787029392,0.185306722752
0.246961722900,-0.055580250568,0.002707822233,0.219648156503
0.244334470500,-0.055708365582,0.002612210943,0.148690082633
0.241707218100,-0.055991269867,0.002425494759,0.028580071239
0.239079965700,-0.056140587454,0.002385338438,-0.053087464783
0.236452713400,-0.056239054817,0.002447370468,-0.109322351765
0.233825461000,-0.056337102565,0.002444212041,-0.125445431379
0.231198208600,-0.056407784982,0.002411386747,-0.123393398516
0.228570956300,-0.056419047123,0.002490675379,-0.097541379755
0.225943703900,-0.056359631901,0.002304314345,-0.017502296505
0.223316451500,-0.056349180221,0.002084172316,0.003560554536
0.220689199100,-0.056303914668,0.002060774835,-0.026029718949
0.218061946800,-0.056382660413,0.002102699351,0.007908270514
0.215434694400,-0.056519723819,0.002092246861,0.056092431699
0.212807442000,-0.056681478096,0.002118935784,0.110933308622
0.210180189700,-0.056802441555,0.002062268403,0.229896618686
0.207552937300,-0.056782102844,0.001995312998,0.313191641404
0.204925684900,-0.056667799082,0.001974752388,0.331547368161
0.202298432500,-0.056593965032,0.001937079328,0.326558963649
0.199671180200,-0.056469828320,0.001955687836,0.237315973453
0.197043927800,-0.056125332571,0.002076701031,0.206941617114
0.194416675400,-0.055922318167,0.002233111551,0.173419353807
0.191789423100,-0.055855298877,0.002369117109,0.169079809784
0.189162170700,-0.055875405939,0.002553036771,0.192518025009
0.186534918300,-0.055944718615,0.002780085771,0.185610428561
0.183907666000,-0.055995172339,0.002940597109,0.134147376330
0.181280413600,-0.055972742918,0.003018288727,0.095672142361
0.178653161200,-0.056051991190,0.002998069294,0.092956088483
0.176025908800,-0.056155862516,0.003104991903,0.096291648903
0.173398656500,-0.056116441440,0.003245707490,0.071479233863
0.170771404100,-0.056070825887,0.003388844730,0.003950609068
0.168144151700,-0.056126262378,0.003713843592,-0.027898628900
0.165516899400,-0.056199200418,0.004064250555,-0.010113926480
0.162889647000,-0.056204304753,0.004229407724,-0.002187830972
0.160262394600,-0.056300463783,0.004361795989,-0.008222411438
0.157635142200,-0.056424590864,0.004447653952,0.029427687012
0.155007889900,-0.056483024857,0.004612008561,0.024761361005
0.152380637500,-0.056456315609,0.004667220711,-0.018201553425
0.149753385100,-0.056378694300,0.004778606364,-0.007529697895
0.147126132800,-0.056178833838,0.004978078400,-0.001928137205
0.144498880400,-0.055875411364,0.005005350330,-0.031695176123
0.141871628000,-0.055589912243,0.004976308272,-0.049687161071
0.139244375600,-0.055467185654,0.004853274667,-0.083957672929
0.136617123300,-0.055371465140,0.004630897628,-0.145017106183
0.133989870900,-0.055158332888,0.004286227707,-0.134971431835
0.131362618500,-0.055061620936,0.004153282542,-0.119893605229
0.128735366200,-0.055057026844,0.003889277651,-0.125882995957
0.126108113800,-0.055092684461,0.003595238545,-0.109556123796
0.123480861400,-0.055220113805,0.003347365174,-0.065211359763
0.120853609000,-0.055376265205,0.003276074187,-0.006172304854
0.118226356700,-0.055684832472,0.003347786035,0.050561194622
0.115599104300,-0.056036160479,0.003492483012,0.086181342098
0.112971851900,-0.056452168725,0.003499676438,0.087960168942
0.110344599600,-0.056943106506,0.003332453624,0.001022114775
0.107717347200,-0.057423903912,0.003349255028,-0.061385613798
0.105090094800,-0.057773142362,0.003282589040,-0.089098614643
0.102462842500,-0.058125072752,0.003213783751,-0.132169641258
0.099835590100,-0.058363580885,0.003060987101,-0.076552719271
0.097208337700,-0.058585540751,0.002945855614,0.011763174099
0.094581085300,-0.058889971511,0.002770737428,0.038475067690
0.091953833000,-0.058975314005,0.002595489036,-0.008289964595
0.089326580600,-0.058844363563,0.002287693033,0.001258169498
0.086699328200,-0.058495860174,0.001994407996,0.109913416329
0.084072075900,-0.058219233298,0.001764598093,0.158015493183
0.081444823500,-0.057897547175,0.001777720375,0.076043526444
0.078817571100,-0.057557000218,0.001851265128,-0.061280809872
0.076190318700,-0.057279456521,0.001891362647,-0.094950323733
0.073563066400,-0.057105570786,0.002038948368,-0.043615868000
0.070935814000,-0.057260969889,0.002321052925,-0.004805127857
0.068308561600,-0.057591233894,0.002444222700,-0.037852301338
0.065681309300,-0.057756313625,0.002518320117,-0.020805301905
0.063054056900,-0.057967416669,0.002443888158,0.048166461770
0.060426804500,-0.058077498851,0.002447948007,0.099501834515
0.057799552100,-0.058279410256,0.002426397224,0.116414166667
0.055172299800,-0.058531141366,0.002413076503,0.136221135496
0.052545047400,-0.058925321467,0.002627621256,0.212818898812
0.049917795000,-0.059130782160,0.002543466073,0.209740523703
0.047290542700,-0.059384875825,0.002561664478,0.213905153665
0.044663290300,-0.059622587573,0.002683367625,0.100500400584
0.042036037900,-0.059679105429,0.002954290680,0.011049546348
0.039408785500,-0.059916842175,0.003139117331,-0.037896187601
0.036781533200,-0.060000456963,0.003075157139,-0.047473489846
0.034154280800,-0.060042646684,0.003018456516,0.033186472319
0.031527028400,-0.059971267286,0.002988243546,0.039283368129
0.028899776100,-0.059909234665,0.002951629032,0.049476568437
0.026272523700,-0.060000221014,0.002797582194,0.122005850996
0.023645271300,-0.060030838515,0.002719113769,0.193860661965
0.021018019000,-0.060231867290,0.002508109078,0.180260167670
0.018390766600,-0.060632975320,0.002316549993,0.112677086969
0.015763514200,-0.061075190011,0.002266638749,-0.009755783144
0.013136261800,-0.061281456146,0.002080182426,-0.016352721000
0.010509009500,-0.061363232220,0.002077361749,0.017491994756
0.007881757100,-0.061692060479,0.002105696150,-0.060574621890
0.005254504700,-0.061864023386,0.001999647542,-0.347231269972
0.002627252400,-0.061525683450,0.001869875018,-1.131364797728
0.000000000000,-0.057222827752,0.001526566773,-1.714310219711
