0.391460603250,0.051528393419,0.000290283192,0.703813171224
0.388833350880,0.052086299251,0.001216466810,0.304371982244
0.386206098510,0.053710328972,0.001919676875,0.065325672460
0.383578846140,0.054423119450,0.002008325857,-0.071559085110
0.380951593770,0.053692868084,0.002048607325,-0.147010384245
0.378324341400,0.054744747382,0.001969412153,0.187909137873
0.375697089030,0.054765539653,0.001863837154,0.296073545049
0.373069836660,0.054917465420,0.001687468935,0.103823220776
0.370442584290,0.055499523785,0.001737019789,-0.240628680463
0.367815331920,0.055816978232,0.001301658116,-0.541846331047
0.365188079550,0.056293505695,0.000971784456,-0.312978689598
0.362560827170,0.057313590664,0.000773008872,-0.095150150168
0.359933574800,0.058161256068,0.000738415787,-0.175526617190
0.357306322430,0.058735207213,0.000622246442,-0.156392309535
0.354679070060,0.059151602332,0.000502661219,-0.032346724048
0.352051817690,0.059577606447,0.000591201114,0.123093205564
0.349424565320,0.060001742717,0.000517558033,0.240412377036
0.346797312950,0.060259797033,0.000132324750,0.226642827988
0.344170060580,0.060376649693,-0.000308355912,0.074786455820
0.341542808210,0.060218590086,-0.000440304643,-0.053103454690
0.338915555840,0.060003305482,-0.000664751099,-0.077597560699
0.336288303460,0.059645381002,-0.000714889097,-0.064935504934
0.333661051090,0.059907066689,-0.000788660545,-0.086897226715
0.331033798720,0.059776856392,-0.000752371536,-0.099636900562
0.328406546350,0.059592176799,-0.000702751948,-0.075515072729
0.325779293980,0.059382375862,-0.000631705312,-0.078401514503
0.323152041610,0.059370255399,-0.000576260558,-0.057903322339
0.320524789240,0.059312324805,-0.000413772637,0.004711690405
0.317897536870,0.059143857582,-0.000370926869,0.080388735662
0.315270284500,0.059013809507,-0.000188595254,0.127825589092
0.312643032100,0.058947150619,-0.000120184243,0.148784170480
0.310015779800,0.058817511460,-0.000103770279,0.136428383190
0.307388527400,0.058643876283,-0.000101674681,0.110629676022
0.304761275000,0.058501104534,0.000012237358,0.054688312622
0.302134022600,0.058284229638,0.000237755657,-0.011909755154
0.299506770300,0.058050990895,0.000281188349,-0.007968944097
0.296879517900,0.057780920029,0.000181475243,0.024724373974
0.294252265500,0.056901814499,-0.000054820217,0.069385971536
0.291625013200,0.056711666620,-0.000043128022,0.049692710382
0.288997760800,0.057149876273,-0.000045299610,0.034172359943
0.286370508400,0.057350767394,-0.000091504467,0.047481176037
0.283743256000,0.057484273459,-0.000096201695,0.077033178114
0.281116003700,0.057545111937,-0.000121797408,0.161871877452
0.278488751300,0.057559132831,-0.000115406311,0.285959556869
0.275861498900,0.057519641719,-0.000134912503,0.252228319363
0.273234246600,0.057488776456,-0.000145998110,0.113175826597
0.270606994200,0.057542416429,-0.000167651070,-0.047916416103
0.267979741800,0.057650892659,-0.000098083271,-0.132561296678
0.265352489400,0.057838921911,-0.000184462032,-0.120562570437
0.262725237100,0.058083053737,-0.000170458795,-0.117130795904
0.260097984700,0.058281069344,-0.000005957199,-0.111007685928
0.257470732300,0.058379333671,0.000101061592,-0.046741162477
0.254843480000,0.058417440384,0.000281266143,0.024231307604
0.252216227600,0.058404565273,0.000415638646,0.043986557779
0.249588975200,0.058310495999,0.000520664867,0.033879143901
0.246961722900,0.058097931643,0.000617083772,0.047561003229
0.244334470500,0.057861306335,0.000703784963,0.047317500142
0.241707218100,0.057604941004,0.000826636104,0.026953202119
0.239079965700,0.057429431712,0.000828288581,0.008379588661
0.236452713400,0.057151729231,0.000875307038,0.011177926824
0.233825461000,0.056877267323,0.000934342929,0.049277365751
0.231198208600,0.056862482349,0.000920305087,0.074919877040
0.228570956300,0.056787472511,0.000973831262,0.011083058897
0.225943703900,0.056673483906,0.001022046167,-0.042836038729
0.223316451500,0.056693008609,0.001057837331,-0.043970457619
0.220689199100,0.056776056122,0.000939364953,-0.019278134589
0.218061946800,0.056723709110,0.000894561236,-0.039368021763
0.215434694400,0.056710590091,0.000750488698,-0.071577626226
0.212807442000,0.056663019514,0.000819419624,-0.041018675559
0.210180189700,0.056564483453,0.000833573498,0.027256372860
0.207552937300,0.056524354561,0.000911304527,0.039592884998
0.204925684900,0.056435151621,0.001029193648,0.022365855787
0.202298432500,0.056474738021,0.001116020771,0.015354579524
0.199671180200,0.056476464977,0.001128174809,0.044122718074
0.197043927800,0.056533540152,0.001213072243,0.050602089856
0.194416675400,0.056615179848,0.001357670184,0.005544442341
0.191789423100,0.056670840726,0.001466448817,0.016550589120
0.189162170700,0.056737201912,0.001651103391,0.044293667729
0.186534918300,0.056707160850,0.001685955045,0.026273964784
0.183907666000,0.056726741219,0.001598189587,0.033426916049
0.181280413600,0.056781808001,0.001849059546,0.049135288349
0.178653161200,0.056829261933,0.002073177265,0.024582246475
0.176025908800,0.056793215638,0.002149548712,0.049068166518
0.173398656500,0.056754788207,0.002297608296,0.105438308150
0.170771404100,0.056799847867,0.002390515831,0.096506128924
0.168144151700,0.056788381281,0.002494869727,0.047856351403
0.165516899400,0.056787458283,0.002646026529,0.038389102754
0.162889647000,0.056674659734,0.002766521280,0.065298840809
0.160262394600,0.056561144719,0.002855258802,0.079049127390
0.157635142200,0.056548972132,0.002876784361,0.059759076522
0.155007889900,0.056570838981,0.002926802921,0.038602952084
0.152380637500,0.056578984665,0.002888871309,0.013820070835
0.149753385100,0.056549699298,0.002949111492,-0.010545636438
0.147126132800,0.056647859729,0.002969641415,-0.028489998381
0.144498880400,0.056736516711,0.002946812309,-0.018039622760
0.141871628000,0.056931583724,0.002878019199,-0.031454212911
0.139244375600,0.057362299480,0.002639939150,-0.041175796976
0.136617123300,0.057644022893,0.002566996054,-0.006099943909
0.133989870900,0.057881090953,0.002341578816,-0.001153662606
0.131362618500,0.058224394146,0.002112464496,0.007205471070
0.128735366200,0.058455434562,0.002015659815,0.008299237838
0.126108113800,0.058680410231,0.001851519620,-0.001894633375
0.123480861400,0.058695850186,0.001726366624,0.041845730336
0.120853609000,0.058710866702,0.001803689491,0.089816719788
0.118226356700,0.058616235753,0.001828145003,0.095804575823
0.115599104300,0.058324594711,0.001815894806,0.093495369473
0.112971851900,0.057990774713,0.001752256436,0.113519900139
0.110344599600,0.057563077111,0.001661251402,0.139587483469
0.107717347200,0.057077510659,0.001529457945,0.133899148820
0.105090094800,0.056661704890,0.001435528228,0.062745821403
0.102462842500,0.056178285963,0.001458849009,0.023815895405
0.099835590100,0.055741472120,0.001444065752,0.026922091141
0.097208337700,0.055374281570,0.001217389962,-0.021739975708
0.094581085300,0.055017046546,0.001101463447,-0.073621783598
0.091953833000,0.054789420867,0.001073183740,-0.048971306202
0.089326580600,0.054607849476,0.000946408414,-0.021193982762
0.086699328200,0.054504288538,0.000999271140,-0.022949026917
0.084072075900,0.054390415639,0.000922492060,-0.029360526980
0.081444823500,0.054393987238,0.001016488439,-0.008477842388
0.078817571100,0.054582104617,0.000939560916,-0.036204077639
0.076190318700,0.054926876062,0.000984735036,-0.104225981906
0.073563066400,0.055108007328,0.001127319456,-0.149029603461
0.070935814000,0.055469663688,0.001300530767,-0.146954651415
0.068308561600,0.055884101162,0.001349266878,-0.093227959334
0.065681309300,0.056040350003,0.001375773769,-0.034853264577
0.063054056900,0.056073294705,0.001486471678,0.019905062384
0.060426804500,0.055920573208,0.001608709217,0.042783727908
0.057799552100,0.055794494705,0.001737783204,0.042957430772
0.055172299800,0.055685103311,0.001757620705,-0.009802447809
0.052545047400,0.055285128486,0.001742624179,-0.050788437621
0.049917795000,0.054942391394,0.001766554613,-0.067430996469
0.047290542700,0.054520632228,0.001795975608,-0.079996220020
0.044663290300,0.054189617503,0.001824232103,-0.071005280581
0.042036037900,0.053910973506,0.001830307493,-0.022729394216
0.039408785500,0.053441504003,0.001893117661,0.046980439069
0.036781533200,0.053129813246,0.002009399061,0.064847033622
0.034154280800,0.052856338069,0.002069292863,-0.199600327668
0.031527028400,0.052809211042,0.001897202840,0.035436724032
0.028899776100,0.052938776615,0.002075981162,0.277366955159
0.026272523700,0.052964969395,0.002042817653,0.155045791097
0.023645271300,0.053069842839,0.001540330742,0.214119659182
0.021018019000,0.053179639784,0.001500186398,-0.086720906730
0.018390766600,0.053190629033,0.001557570863,-0.196771248476
0.015763514200,0.053212248641,0.001579240678,-0.069650026511
0.013136261800,0.053306912773,0.001640044423,0.011929056597
0.010509009500,0.053188539525,0.001546289361,0.089111372503
0.007881757100,0.053161596860,0.001280517383,0.106181013765
0.005254504700,0.053392103219,0.001228561002,0.095706804416
0.002627252400,0.053694230851,0.001089054541,0.304708922851
0.000000000000,0.051399791786,0.000677121071,0.536538290219
