0.391460603250,-0.051308021613,0.000290097232,-0.806203433229
0.388833350880,-0.049826306465,0.000343337896,-0.474279902202
0.386206098510,-0.050710168204,0.000589980632,0.107639402934
0.383578846140,-0.050884180471,0.000756678866,-0.223553307728
0.380951593770,-0.050266478231,0.000721139337,-0.388221495832
0.378324341400,-0.051486725261,0.001180189575,0.072810078680
0.375697089030,-0.052554888807,0.001413576895,0.131358360180
0.373069836660,-0.053482240987,0.001226527083,0.219241950552
0.370442584290,-0.053834396549,0.001422412579,0.220453768639
0.367815331920,-0.054820061039,0.001637427277,0.119685378860
0.365188079550,-0.055663408574,0.001791917328,-0.011265741643
0.362560827170,-0.055652695349,0.001897690673,-0.041124764020
0.359933574800,-0.055392829349,0.002037122031,-0.054815267785
0.357306322430,-0.054825219144,0.002146542754,-0.076612513615
0.354679070060,-0.054162649412,0.002310530452,-0.066736069140
0.352051817690,-0.053063023414,0.002605743471,-0.030031522748
0.349424565320,-0.053383146939,0.002806454494,-0.024352560604
0.346797312950,-0.053178085554,0.002780286394,-0.020688212775
0.344170060580,-0.053066389698,0.002776629695,-0.013943264239
0.341542808210,-0.053077032312,0.002806754709,-0.001235163286
0.338915555840,-0.053305530562,0.002797954875,0.014550804776
0.336288303460,-0.053472979327,0.002836542301,0.048466944041
0.333661051090,-0.053552374383,0.002838073938,0.060840742673
0.331033798720,-0.053749156812,0.002875031815,0.027249372593
0.328406546350,-0.053985445717,0.002897409035,0.073364033989
0.325779293980,-0.054186078893,0.003003912860,0.088326960685
0.323152041610,-0.054287430767,0.003003918875,0.042423070475
0.320524789240,-0.054367685503,0.003046200152,0.055816166561
0.317897536870,-0.054573054868,0.003225179455,0.101498455422
0.315270284500,-0.054698232636,0.003275287021,0.127299890712
0.312643032100,-0.054713933090,0.003222756681,0.114714032890
0.310015779800,-0.054803089352,0.003190566725,0.051870471069
0.307388527400,-0.054920686821,0.003118932888,0.019242313879
0.304761275000,-0.054972209435,0.003047055041,0.032994329389
0.302134022600,-0.054019842278,0.003048856672,0.031363665820
0.299506770300,-0.055253010232,0.003110054805,0.042305521253
0.296879517900,-0.055940652881,0.003121757608,0.055184580347
0.294252265500,-0.056060066717,0.003144988980,0.054323848459
0.291625013200,-0.056147001405,0.003188489035,0.075084040279
0.288997760800,-0.056272789132,0.003246163666,0.063959660851
0.286370508400,-0.056339463981,0.003434362065,0.047222728012
0.283743256000,-0.056336400156,0.003382938432,0.065163207037
0.281116003700,-0.056227639951,0.003303168860,0.087572717666
0.278488751300,-0.056243463259,0.003318116731,0.079686553561
0.275861498900,-0.056299090211,0.003392452652,0.099948012296
0.273234246600,-0.056331967631,0.003376771693,0.111859473200
0.270606994200,-0.056365601662,0.003402503303,0.109161458125
0.267979741800,-0.056430419864,0.003340066484,0.090761068680
0.265352489400,-0.056298211093,0.003337262288,0.077993004326
0.262725237100,-0.055970016089,0.003391606346,0.087177185447
0.260097984700,-0.055645772529,0.003336925041,0.053271382093
0.257470732300,-0.055379775793,0.003331156866,-0.017696594938
0.254843480000,-0.055123356866,0.003211584545,-0.090362883452
0.252216227600,-0.055028881037,0.003127852537,-0.132393093031
0.249588975200,-0.055047997931,0.002973196272,-0.121871113839
0.246961722900,-0.055171442808,0.003008013096,-0.094457000270
0.244334470500,-0.055297544304,0.002863989474,-0.033447481307
0.241707218100,-0.055606727717,0.002595615460,-0.019269597793
0.239079965700,-0.055880561365,0.002334270949,0.024569277030
0.236452713400,-0.055981287749,0.002082881357,0.051512242099
0.233825461000,-0.056222433664,0.001962994616,0.022874606745
0.231198208600,-0.056472245495,0.001801897901,0.035793434902
0.228570956300,-0.056650262588,0.001720042721,0.109527296345
0.225943703900,-0.056792804625,0.001688649606,0.108739965371
0.223316451500,-0.056897845032,0.001497831223,0.044549934728
0.220689199100,-0.056877993281,0.001347101517,0.058721420219
0.218061946800,-0.056846666857,0.001067512561,0.104134063935
0.215434694400,-0.056903895577,0.000834845414,0.135982557463
0.212807442000,-0.056860470326,0.000753178921,0.196597921581
0.210180189700,-0.056777274921,0.000896755728,0.197522373860
0.207552937300,-0.056788063672,0.001154655711,0.181195551770
0.204925684900,-0.056800750781,0.001351348771,0.209629020458
0.202298432500,-0.056738544130,0.001552741928,0.185835204845
0.199671180200,-0.056644879706,0.001745788851,0.175894362810
0.197043927800,-0.056499970964,0.002039207535,0.168706149238
0.194416675400,-0.056360847146,0.002332058303,0.144365174546
0.191789423100,-0.056322066167,0.002519459842,0.125451176320
0.189162170700,-0.056276986948,0.002774773689,0.121393548831
0.186534918300,-0.056184776485,0.003142382675,0.080549531454
0.183907666000,-0.056203135318,0.003482473588,0.019348161220
0.181280413600,-0.056249759406,0.003716568290,0.007749957389
0.178653161200,-0.056243693448,0.003830013920,0.055357344599
0.176025908800,-0.056274785611,0.004000206292,0.105330568440
0.173398656500,-0.056273747148,0.004180974019,0.108960710003
0.170771404100,-0.056242148286,0.004405098899,0.089815910769
0.168144151700,-0.056251151756,0.004623071823,0.104123780540
0.165516899400,-0.056242677712,0.004886483009,0.087332899245
0.162889647000,-0.056318605429,0.005085017013,0.062689634769
0.160262394600,-0.056508962515,0.005276539017,0.054053816334
0.157635142200,-0.056681307738,0.005430832468,0.048145916867
0.155007889900,-0.056820879999,0.005391130084,0.061558201681
0.152380637500,-0.056865146429,0.005414870699,0.057574686497
0.149753385100,-0.056927127395,0.005344363756,0.050813129469
0.147126132800,-0.057010699064,0.005095103964,0.032118932962
0.144498880400,-0.056940543014,0.004930305349,0.062213158297
0.141871628000,-0.056863203419,0.004759493196,0.118092309086
0.139244375600,-0.056736052249,0.004521404132,0.185293071879
0.136617123300,-0.056472208064,0.004272787805,0.210589033657
0.133989870900,-0.056162263384,0.004036463495,0.139758778333
0.131362618500,-0.055906376869,0.003841006986,0.083764398920
0.128735366200,-0.055565748930,0.003620972913,0.091175373973
0.126108113800,-0.055303201722,0.003463501711,0.081556681906
0.123480861400,-0.055148024560,0.003245537477,0.060679974403
0.120853609000,-0.055097953804,0.002973709574,0.044009837348
0.118226356700,-0.055326803037,0.002618217927,0.019548104189
0.115599104300,-0.055403255637,0.002471647861,-0.000773738441
0.112971851900,-0.055602512315,0.002269727808,-0.000985144137
0.110344599600,-0.055915483124,0.002093852759,0.012272414373
0.107717347200,-0.056335971071,0.002002327208,0.052335823049
0.105090094800,-0.056859175485,0.002111417837,0.078056669543
0.102462842500,-0.057180307177,0.002095851453,0.083814023188
0.099835590100,-0.057503965444,0.001922966270,0.110155248791
0.097208337700,-0.057988081233,0.001845052028,0.119923142968
0.094581085300,-0.058355745502,0.001733914691,0.074158627440
0.091953833000,-0.058534210376,0.001791859117,0.023817764737
0.089326580600,-0.058855020274,0.001985411318,0.002352438634
0.086699328200,-0.059011515038,0.002179331828,0.024397870860
0.084072075900,-0.059014104290,0.002109144865,0.076835005885
0.081444823500,-0.059016675653,0.001954386013,0.081241388796
0.078817571100,-0.058985319583,0.001859272083,0.096629116231
0.076190318700,-0.058921420703,0.001840207107,0.093769365735
0.073563066400,-0.058873736681,0.001762069228,0.052625599360
0.070935814000,-0.058733689624,0.001891753871,0.019573495495
0.068308561600,-0.058514999010,0.001910227328,-0.035730706939
0.065681309300,-0.058211890380,0.001788716330,-0.008545347436
0.063054056900,-0.057901020169,0.001733745633,0.053533787778
0.060426804500,-0.057762773349,0.001844322505,0.068099417930
0.057799552100,-0.057635991275,0.001818842295,0.108413350734
0.055172299800,-0.057827536110,0.001792390514,0.146367764796
0.052545047400,-0.058114291184,0.001862742316,0.191740435916
0.049917795000,-0.058309692620,0.001852898956,0.199037796016
0.047290542700,-0.058498076011,0.001983566164,0.096060037270
0.044663290300,-0.058764099408,0.002100143360,0.002635766992
0.042036037900,-0.059110391469,0.002102096375,-0.080661468718
0.039408785500,-0.059503661432,0.002179761735,-0.155938416908
0.036781533200,-0.059850428074,0.002266062460,-0.148915930657
0.034154280800,-0.060074084947,0.002442146579,-0.129089077242
0.031527028400,-0.060310985841,0.002471010555,-0.114893170982
0.028899776100,-0.060493676255,0.002471311662,-0.101639309704
0.026272523700,-0.060694535558,0.002487370306,-0.395725539764
0.023645271300,-0.059303656067,0.002551889562,-0.273501952630
0.021018019000,-0.059169603806,0.002577479869,0.479584673343
0.018390766600,-0.060501735740,0.002640317591,0.462204317285
0.015763514200,-0.060674854483,0.002556443154,0.054282447916
0.013136261800,-0.060875269782,0.002503080345,-0.057974683449
0.010509009500,-0.061056758082,0.002298404412,-0.111193738505
0.007881757100,-0.061111260249,0.002094153048,-0.186887314899
0.005254504700,-0.060952707200,0.002059978295,-0.221694008241
0.002627252400,-0.060562879180,0.001918460071,-1.210360631058
0.000000000000,-0.048774936377,0.001397580282,-2.262832877956
