0.391460603250,-0.002105471246,0.000562901473,-0.405555313595
0.388833350880,-0.001851566084,0.000916681573,-0.159452787326
0.386206098510,-0.002256642815,0.001030090961,0.144311944057
0.383578846140,-0.002261048937,0.000981451793,0.128416078121
0.380951593770,-0.002205717662,0.001117912711,-0.184145199630
0.378324341400,-0.002012945391,0.001251366044,-0.372126639338
0.375697089030,-0.001770215075,0.001420567056,-0.118040298100
0.373069836660,-0.001572492801,0.001562497611,0.179110533517
0.370442584290,-0.001232196998,0.001727223775,0.118636883931
0.367815331920,-0.000883016383,0.001779044276,-0.416159418752
0.365188079550,-0.000966871861,0.002122996444,-0.461680608498
0.362560827170,0.000052459153,0.002342443887,-0.103842456129
0.359933574800,0.000776069612,0.002440292085,0.048388135994
0.357306322430,0.001197072680,0.002553182327,-0.179706380192
0.354679070060,0.001406411249,0.002761003410,-0.241171078366
0.352051817690,0.001607446634,0.002884983362,0.002270660879
0.349424565320,0.001687605946,0.002989552460,0.021372048946
0.346797312950,0.001779930911,0.002997750007,-0.040802204314
0.344170060580,0.001863766166,0.003036949885,-0.036253398255
0.341542808210,0.001949942023,0.003012085413,-0.003321833976
0.338915555840,0.001970394787,0.003088236919,-0.007057413314
0.336288303460,0.001945084859,0.003231932376,0.003610196581
0.333661051090,0.001855789093,0.003327124440,0.044904097163
0.331033798720,0.001693573468,0.003442143674,0.043528370891
0.328406546350,0.001695054110,0.003452892520,0.049332856458
0.325779293980,0.001620702819,0.003447690709,0.066467291923
0.323152041610,0.001443394984,0.003616248320,0.109082585108
0.320524789240,0.001238221918,0.003658424936,0.144402060477
0.317897536870,0.001071286016,0.003610302797,0.116297711492
0.315270284500,0.000978547309,0.003608981526,0.092839366239
0.312643032100,0.000877998127,0.003600049869,0.058947519610
0.310015779800,0.000769749468,0.003575161357,0.008122260440
0.307388527400,0.000744082974,0.003516548021,-0.024060150274
0.304761275000,0.000838464705,0.003512114706,-0.015746353717
0.302134022600,0.000858130564,0.003534750059,0.004947035185
0.299506770300,0.000834592661,0.003484141422,0.011421180689
0.296879517900,0.000807444273,0.003542409467,0.004770826211
0.294252265500,0.000726504763,0.003474939565,0.018986045884
0.291625013200,0.000746014120,0.003504271576,0.007721541605
0.288997760800,0.000878518155,0.003639313106,0.011818284090
0.286370508400,0.001044252199,0.003698559808,0.040286125555
0.283743256000,0.001188339209,0.003670636485,0.021912850488
0.281116003700,0.001383896248,0.003632808046,0.050160113279
0.278488751300,0.001645037942,0.003545836380,0.048494386602
0.275861498900,0.001942357739,0.003504981994,0.057293482233
0.273234246600,0.002081695664,0.003545376540,0.077753491675
0.270606994200,0.002146908718,0.003564337492,0.053967184147
0.267979741800,0.002275038624,0.003613533374,0.076330836587
0.265352489400,0.002371323497,0.003490747812,0.098183100728
0.262725237100,0.002471482056,0.003484466445,0.077620638608
0.260097984700,0.002542187816,0.003419325515,0.064625444646
0.257470732300,0.002530702552,0.003375699707,0.019727559384
0.254843480000,0.002508597171,0.003349608167,0.015152676401
0.252216227600,0.002293074497,0.003286543081,0.048077890369
0.249588975200,0.002049970475,0.003092224753,0.037929051133
0.246961722900,0.001620653510,0.002969450067,0.001079099686
0.244334470500,0.000994033697,0.002886212798,-0.045798242950
0.241707218100,0.000463415966,0.002716197651,-0.078078995946
0.239079965700,-0.000007088737,0.002293564068,-0.081819063485
0.236452713400,-0.000450513180,0.002047641412,-0.073607553965
0.233825461000,-0.000725497710,0.001972747634,-0.011206556509
0.231198208600,-0.000977388317,0.001713316547,0.041804123981
0.228570956300,-0.001163859609,0.001445625304,0.025844801691
0.225943703900,-0.001182535047,0.001260365822,0.033862311020
0.223316451500,-0.001185455812,0.001101195953,0.040692454318
0.220689199100,-0.001173905823,0.001008773575,0.041632690265
0.218061946800,-0.001154851442,0.000907321566,0.040526992720
0.215434694400,-0.001223585811,0.000738163834,0.028718641869
0.212807442000,-0.001243117925,0.000713014814,0.082565217608
0.210180189700,-0.001323298250,0.000643884243,0.455442526755
0.207552937300,-0.001513843699,0.000235119782,0.118636088356
0.204925684900,-0.001861926634,0.000609589086,-0.176882321308
0.202298432500,-0.002304871992,0.000674898639,0.215073405380
0.199671180200,-0.002726798907,0.000795857017,0.235365408279
0.197043927800,-0.003058090347,0.000933857053,0.233634190767
0.194416675400,-0.003257837276,0.001021252145,0.188260280295
0.191789423100,-0.003332322619,0.001259509376,0.165603515449
0.189162170700,-0.003337106793,0.001318620870,0.183888930582
0.186534918300,-0.003332514416,0.001414982640,0.172279289319
0.183907666000,-0.003103690474,0.001646016422,0.136805895857
0.181280413600,-0.002822844826,0.001775982556,0.126092329904
0.178653161200,-0.002529263860,0.002006655057,0.084814284862
0.176025908800,-0.002348971176,0.002199469529,0.056477171482
0.173398656500,-0.002264480882,0.002350068233,0.046609362011
0.170771404100,-0.002075185616,0.002654997125,0.019975664055
0.168144151700,-0.001965023217,0.002932645371,-0.013606959533
0.165516899400,-0.001891496776,0.003083068692,0.009084446351
0.162889647000,-0.001843548844,0.003285335699,0.060989324366
0.160262394600,-0.001869091303,0.003483778879,0.044998889268
0.157635142200,-0.001980157507,0.003631723554,0.000786319293
0.155007889900,-0.001978868186,0.003646562325,0.002956396821
0.152380637500,-0.002050288994,0.003581366515,0.018623217348
0.149753385100,-0.002239627949,0.003658217204,0.037829447897
0.147126132800,-0.002361449388,0.003675345535,0.089823965562
0.144498880400,-0.002496839537,0.003678995474,0.122085514944
0.141871628000,-0.002677572602,0.003728695150,0.097627784714
0.139244375600,-0.002767570973,0.003684640090,0.071918637905
0.136617123300,-0.002699739003,0.003551292029,0.066319347767
0.133989870900,-0.002476718157,0.003461934225,0.100681637455
0.131362618500,-0.002318420534,0.003252013587,0.092604760643
0.128735366200,-0.002086957633,0.002870910527,0.337254404887
0.126108113800,-0.003161973648,0.002666248290,0.167193406795
0.123480861400,-0.001315601917,0.002316555200,-0.190307586519
0.120853609000,-0.000892239302,0.001937496646,0.052507377407
0.118226356700,-0.000737762010,0.001641575893,0.053881738771
0.115599104300,-0.000775107281,0.001461795594,0.054007530331
0.112971851900,-0.000966599886,0.001455607446,0.053291016628
0.110344599600,-0.001219424567,0.001328382490,0.078384549057
0.107717347200,-0.001461692575,0.001163692075,0.068685890507
0.105090094800,-0.001646038265,0.000956189466,0.036645874029
0.102462842500,-0.001936960141,0.000873158935,-0.015688160638
0.099835590100,-0.002226469916,0.000710447884,-0.066364490384
0.097208337700,-0.002559335086,0.000709153945,-0.049670810311
0.094581085300,-0.002883916927,0.000610642301,0.030485520497
0.091953833000,-0.003314390312,0.000446430216,0.105343396126
0.089326580600,-0.003661214842,0.000290075912,0.132168187294
0.086699328200,-0.003797751350,0.000045966764,0.174872362405
0.084072075900,-0.004035535648,-0.000003761997,0.187638341298
0.081444823500,-0.004139809197,-0.000208669650,0.139562432629
0.078817571100,-0.004245594520,-0.000383625152,0.053590737256
0.076190318700,-0.004245721230,-0.000425806804,-0.023477644756
0.073563066400,-0.004181207463,-0.000536003038,-0.036695699517
0.070935814000,-0.004088297900,-0.000670707822,0.004134601297
0.068308561600,-0.003954610399,-0.000755823917,0.067581323084
0.065681309300,-0.003789598105,-0.000854860128,0.142575493804
0.063054056900,-0.003596980991,-0.000759848649,0.194435472755
0.060426804500,-0.003145320690,-0.000685017431,0.167857392620
0.057799552100,-0.002776988692,-0.000645006229,0.110553801456
0.055172299800,-0.002794421271,-0.000481589357,0.109426796754
0.052545047400,-0.002916049767,-0.000494513689,0.180575260651
0.049917795000,-0.003216137849,-0.000502122521,0.224215447481
0.047290542700,-0.003600945552,-0.000328293933,0.260167171845
0.044663290300,-0.003998943514,-0.000141533085,0.202831359407
0.042036037900,-0.004524977660,-0.000132622399,0.057123489225
0.039408785500,-0.004974274313,-0.000122463613,-0.085426924209
0.036781533200,-0.005337206385,0.000075298795,-0.182408149444
0.034154280800,-0.005494923579,0.000253406929,-0.217239403055
0.031527028400,-0.005717460366,0.000133235527,-0.155287645406
0.028899776100,-0.005839830028,0.000069908169,-0.078687718106
0.026272523700,-0.005812504494,0.000284874912,0.069739410320
0.023645271300,-0.004770991674,0.000533220235,0.008091184976
0.021018019000,-0.004990363880,0.000404660919,-0.049183652165
0.018390766600,-0.005899397394,0.000238951447,0.101771163825
0.015763514200,-0.006359763904,0.000277702279,0.074677147020
0.013136261800,-0.006519693736,0.000244367554,0.014052509148
0.010509009500,-0.006645830427,0.000361947285,-0.065140110204
0.007881757100,-0.006429081900,0.000338369862,-0.229321031263
0.005254504700,-0.005875438574,0.000479631851,-0.226238947349
0.002627252400,-0.005109024069,0.000419435607,0.410848467000
0.000000000000,-0.004336789048,0.000079644041,0.940313441935
