0.391460603250,-0.015497189004,0.001415772031,0.588649695630
0.388833350880,-0.014613040588,0.001666973143,0.619600354411
0.386206098510,-0.014981118453,0.001195476959,0.187877910448
0.383578846140,-0.016232745114,0.000786812791,0.107614986656
0.380951593770,-0.016474929443,0.000886873785,0.099621544782
0.378324341400,-0.016585660299,0.000887750576,-0.107714617365
0.375697089030,-0.016565382808,0.000989868079,-0.151040686120
0.373069836660,-0.016981605612,0.001052629016,-0.391847611469
0.370442584290,-0.016771797298,0.001032889084,-0.291650133110
0.367815331920,-0.018017191303,0.000921494462,-0.197668836311
0.365188079550,-0.017136557946,0.000595144980,-0.143508390226
0.362560827170,-0.016768612925,0.000485815920,-0.247922443277
0.359933574800,-0.015957563306,0.000560316935,-0.261119868892
0.357306322430,-0.015526903465,0.000672307539,-0.147980372763
0.354679070060,-0.015242123174,0.000737568438,-0.090223592919
0.352051817690,-0.015151042474,0.000831925853,-0.033404707643
0.349424565320,-0.014965017506,0.000884216207,0.000161643164
0.346797312950,-0.014729229187,0.000872992698,0.031974020203
0.344170060580,-0.014401865023,0.001062963665,0.049070172082
0.341542808210,-0.014142199435,0.001211937719,0.094125599260
0.338915555840,-0.014067761068,0.001079073570,0.157956793074
0.336288303460,-0.014082960588,0.001125834082,0.133509366649
0.333661051090,-0.014189593886,0.001171116883,0.092794698958
0.331033798720,-0.014515402430,0.001425419223,0.104207345461
0.328406546350,-0.014908589867,0.001676730572,0.082072876863
0.325779293980,-0.015222756350,0.001753744181,0.033908268419
0.323152041610,-0.015514689129,0.001723226311,0.031734224695
0.320524789240,-0.015771992433,0.001716499683,0.037685253640
0.317897536870,-0.015922210178,0.001659255475,0.037775212552
0.315270284500,-0.016192318071,0.001585358336,-0.006408490882
0.312643032100,-0.016325964244,0.001515418089,-0.008946033786
0.310015779800,-0.016376533105,0.001576877756,-0.037983839720
0.307388527400,-0.016392872217,0.001590729638,-0.034128289585
0.304761275000,-0.016401291624,0.001705613187,0.013113359398
0.302134022600,-0.016356060218,0.001929849469,0.034262802956
0.299506770300,-0.016188985205,0.002144513026,0.023800849844
0.296879517900,-0.016017199258,0.002419228998,0.055915595353
0.294252265500,-0.015874087606,0.002681822904,0.078524694457
0.291625013200,-0.015778677091,0.002944654581,0.090875441368
0.288997760800,-0.015591424797,0.003314307991,0.051907193706
0.286370508400,-0.015451114466,0.003302865227,0.044964951497
0.283743256000,-0.015429369088,0.003329719653,0.043013589879
0.281116003700,-0.015499987365,0.003332571328,0.020788408619
0.278488751300,-0.015521082040,0.003121376650,0.032079192882
0.275861498900,-0.015654889699,0.002929837045,0.052245335280
0.273234246600,-0.015741883841,0.002669888630,0.017392921659
0.270606994200,-0.015882928123,0.002498313890,-0.072544408099
0.267979741800,-0.016032991908,0.002365168229,-0.100990241097
0.265352489400,-0.016000648746,0.002238753518,-0.051236669614
0.262725237100,-0.015967362560,0.002232600494,-0.043998336223
0.260097984700,-0.016120042573,0.002358241894,-0.108234225747
0.257470732300,-0.016276888643,0.002242668869,-0.128470331836
0.254843480000,-0.016398881823,0.002240602757,-0.039711530371
0.252216227600,-0.016385189173,0.002322108699,0.059939522893
0.249588975200,-0.016295081961,0.002420700974,0.110073488679
0.246961722900,-0.016289912169,0.002538707730,0.158085957155
0.244334470500,-0.016415357794,0.002406731510,0.230695660946
0.241707218100,-0.016685133947,0.002123456004,0.262599191111
0.239079965700,-0.017043131646,0.001958428590,0.234669371070
0.236452713400,-0.017577404050,0.001866192945,0.161937991861
0.233825461000,-0.018170522775,0.001658069496,0.134383940701
0.231198208600,-0.018732196630,0.001308984498,0.141059363348
0.228570956300,-0.019168788682,0.001059120991,0.122602044606
0.225943703900,-0.019445943694,0.000796473341,0.072696486684
0.223316451500,-0.019453263303,0.000777568931,0.033397892916
0.220689199100,-0.019321140540,0.000995877107,0.003525016072
0.218061946800,-0.019276619138,0.001205711852,-0.037494005031
0.215434694400,-0.019117678293,0.001470759732,-0.091664477938
0.212807442000,-0.018965801658,0.001607733688,-0.128394508692
0.210180189700,-0.018820919226,0.001659853589,-0.111153027463
0.207552937300,-0.018627373337,0.001756411167,-0.055284986979
0.204925684900,-0.018471099131,0.001929331996,0.000248161267
0.202298432500,-0.018395048464,0.002039928646,0.060561670445
0.199671180200,-0.018350900291,0.002228555098,0.070761180171
0.197043927800,-0.018300844736,0.002627201991,0.080845445560
0.194416675400,-0.018238104171,0.002977631045,0.112220430386
0.191789423100,-0.018207875803,0.003422060407,0.120246433004
0.189162170700,-0.018143508103,0.003598783433,0.142594739988
0.186534918300,-0.018200490377,0.003777136890,0.190461626841
0.183907666000,-0.018103008076,0.003800706718,0.247530834965
0.181280413600,-0.017971942444,0.003768431788,0.320622942351
0.178653161200,-0.017993003048,0.003831350284,0.379590775056
0.176025908800,-0.017900128187,0.003990064166,0.382547339676
0.173398656500,-0.017524806878,0.004266924865,0.343677457852
0.170771404100,-0.017091038710,0.004632793685,0.283485244074
0.168144151700,-0.016713468895,0.004864325534,0.238341793149
0.165516899400,-0.016505060790,0.004859497562,0.179447579253
0.162889647000,-0.016388335817,0.004882914638,0.164531666959
0.160262394600,-0.016151140199,0.004827508783,0.190894148174
0.157635142200,-0.015878463485,0.004809806485,0.188407361175
0.155007889900,-0.015744514842,0.004707693806,0.119842133162
0.152380637500,-0.015885397401,0.004528802505,0.035623226023
0.149753385100,-0.016245028637,0.004438526946,-0.036469440769
0.147126132800,-0.016559332848,0.004248699797,-0.061658992200
0.144498880400,-0.016881805282,0.003997889137,-0.120067719890
0.141871628000,-0.017249233063,0.003728988076,-0.170473546596
0.139244375600,-0.017512215200,0.003526252146,-0.102161659859
0.136617123300,-0.017863008318,0.003174542344,-0.019282717247
0.133989870900,-0.018354371540,0.003007018606,0.044065364483
0.131362618500,-0.019012347368,0.003157383133,0.080033273080
0.128735366200,-0.019560268883,0.003495411086,0.098680740708
0.126108113800,-0.019834144096,0.003845575781,0.101569948820
0.123480861400,-0.020075827460,0.004217801235,0.106576805774
0.120853609000,-0.020171938933,0.004353920545,0.119042957975
0.118226356700,-0.020232822020,0.004244588015,0.135375668911
0.115599104300,-0.020251596503,0.004103017664,0.115245770525
0.112971851900,-0.020282576738,0.004070703768,0.066887064618
0.110344599600,-0.020305782864,0.004052110657,0.039003506152
0.107717347200,-0.020166453069,0.004078053722,0.010926545193
0.105090094800,-0.020003142893,0.004137232705,-0.037904551196
0.102462842500,-0.019953822847,0.004244694855,-0.089661168004
0.099835590100,-0.019940625810,0.004231953054,-0.107775780797
0.097208337700,-0.019732107758,0.004166007937,-0.002758447892
0.094581085300,-0.019703671126,0.004127621836,0.156865370151
0.091953833000,-0.019852321626,0.003995569506,0.221707775939
0.089326580600,-0.019915959953,0.004035130554,0.239372117071
0.086699328200,-0.019981388848,0.004122045042,0.216204802067
0.084072075900,-0.020000318073,0.004080405329,0.142261681492
0.081444823500,-0.020088770603,0.003918352096,0.096139144586
0.078817571100,-0.020280830786,0.003715640084,0.049355010134
0.076190318700,-0.020265633991,0.003815700868,0.048462994680
0.073563066400,-0.020407219620,0.003774385284,0.173668690250
0.070935814000,-0.020557564020,0.003809662223,0.189913061783
0.068308561600,-0.020652297563,0.003669121928,0.105373754299
0.065681309300,-0.020690242717,0.003767933311,0.016240903699
0.063054056900,-0.020778193622,0.003661539901,-0.005057434708
0.060426804500,-0.020838978268,0.003527564574,0.042046751373
0.057799552100,-0.020922506824,0.003436595973,0.028209970355
0.055172299800,-0.020830842589,0.003254843002,0.062992270215
0.052545047400,-0.020722756763,0.003282965240,0.106492784784
0.049917795000,-0.020742770518,0.003425969456,0.044621625087
0.047290542700,-0.020655505891,0.003346302965,-0.015943515307
0.044663290300,-0.020641887010,0.003325754913,-0.010004005637
0.042036037900,-0.020763749570,0.003158352909,-0.035231835588
0.039408785500,-0.020964526830,0.003077459053,-0.014568628363
0.036781533200,-0.021281879239,0.003149217670,0.027602115771
0.034154280800,-0.021778661001,0.003124534109,0.083952859388
0.031527028400,-0.022113849078,0.002935846848,0.073049350095
0.028899776100,-0.022517628474,0.002953358118,0.063981571301
0.026272523700,-0.023074545073,0.002921308381,0.079617534826
0.023645271300,-0.023324855589,0.002734020892,0.124715014038
0.021018019000,-0.023815763951,0.002732839337,0.123396473057
0.018390766600,-0.024296444476,0.002845040631,0.024241636485
0.015763514200,-0.024245672032,0.002580147807,-0.025143659241
0.013136261800,-0.023888884572,0.002324759275,-0.029491142205
0.010509009500,-0.023687502403,0.001953651681,0.039858164627
0.007881757100,-0.023336635427,0.001463607995,0.071415914029
0.005254504700,-0.022673396073,0.001087710556,0.172771321069
0.002627252400,-0.021981347376,0.000844865729,1.187369305311
0.000000000000,-0.016985763729,0.000991416108,2.114667485752
