0.391460603250,0.053268081112,0.000135262505,0.566651093890
0.388833350880,0.053956752546,0.001191957699,0.453705445548
0.386206098510,0.054326687172,0.001668914683,0.449101885960
0.383578846140,0.051850252961,0.001773385943,0.094389553640
0.380951593770,0.051076236728,0.001927486941,-0.008406034827
0.378324341400,0.053745958981,0.001998338027,0.451169076898
0.375697089030,0.053473279901,0.001950313740,0.132517128706
0.373069836660,0.053504864541,0.001727101529,-0.629393978286
0.370442584290,0.054265229736,0.001419405564,-0.486306357658
0.367815331920,0.054466873259,0.001140630405,-0.031075958418
0.365188079550,0.054466326339,0.000862620223,0.020971688335
0.362560827170,0.056582128881,0.000712635620,-0.061083276588
0.359933574800,0.057364790289,0.000614191991,-0.173032976352
0.357306322430,0.057288471239,0.000532823585,-0.157175400965
0.354679070060,0.058301838391,0.000579776741,-0.094114114813
0.352051817690,0.058386062019,0.000484199700,0.101880463629
0.349424565320,0.059232670533,0.000524249855,0.234379630837
0.346797312950,0.059514491059,0.000296586161,0.221470892825
0.344170060580,0.059536843466,-0.000241404329,0.101696047215
0.341542808210,0.059617779140,-0.000577169786,-0.011592156243
0.338915555840,0.059579775018,-0.000695664517,-0.070161685020
0.336288303460,0.059456198070,-0.000689027227,-0.077286192384
0.333661051090,0.059329521807,-0.000769360495,-0.078994617102
0.331033798720,0.059168463552,-0.000671881954,-0.135812765987
0.328406546350,0.058946992540,-0.000709697446,-0.123285809513
0.325779293980,0.058788102952,-0.000723365694,-0.082299160309
0.323152041610,0.058757132532,-0.000651322246,-0.087371456372
0.320524789240,0.057944670317,-0.000420573079,-0.034181873094
0.317897536870,0.058653708695,-0.000335415885,0.080935660355
0.315270284500,0.058394852074,-0.000278566169,0.142823309642
0.312643032100,0.058124222980,-0.000151418418,0.183088638231
0.310015779800,0.058090062828,-0.000075802806,0.130607788427
0.307388527400,0.057974016907,-0.000026290209,0.069589409725
0.304761275000,0.057821122044,0.000025051043,0.045835530542
0.302134022600,0.057644382905,0.000070978746,0.016012537684
0.299506770300,0.057418477610,0.000017040353,-0.003180930871
0.296879517900,0.057117889259,0.000024021286,0.011246924911
0.294252265500,0.056894354799,-0.000086094679,0.005982873460
0.291625013200,0.056724629856,-0.000152127035,0.056287784160
0.288997760800,0.056638017074,-0.000117633499,0.061718066894
0.286370508400,0.056623782687,-0.000119620715,0.060243429780
0.283743256000,0.056651732666,-0.000149929037,0.085461501446
0.281116003700,0.056730919901,-0.000187811782,0.166225043998
0.278488751300,0.056787542135,-0.000225237422,0.242131814980
0.275861498900,0.056729074807,-0.000209404175,0.224891524766
0.273234246600,0.056707271380,-0.000220350119,0.091213967738
0.270606994200,0.056768805542,-0.000278170298,-0.047632271500
0.267979741800,0.056873333856,-0.000285438131,-0.141505816630
0.265352489400,0.057059124039,-0.000295615592,-0.167849416646
0.262725237100,0.057306473736,-0.000201566585,-0.131056370661
0.260097984700,0.057535306908,-0.000068750719,-0.075894931492
0.257470732300,0.057684558072,0.000144033389,-0.006500824582
0.254843480000,0.057742620739,0.000189099635,0.066865953945
0.252216227600,0.057684514860,0.000364501167,0.035264202187
0.249588975200,0.057636551818,0.000528525936,0.000246518132
0.246961722900,0.057420234970,0.000651039328,0.003656200019
0.244334470500,0.057142458645,0.000747917971,-0.000520407887
0.241707218100,0.056961936454,0.000750493350,0.026731992754
0.239079965700,0.056707338515,0.000849237230,0.065161190533
0.236452713400,0.056500930183,0.000825757262,0.038480803711
0.233825461000,0.056302680221,0.000839808546,0.015121856890
0.231198208600,0.056135474210,0.000879277381,0.014075853199
0.228570956300,0.056169704347,0.000879552214,0.010068282219
0.225943703900,0.056175705312,0.000860500117,0.010965306226
0.223316451500,0.056099157016,0.000867991727,-0.005243924736
0.220689199100,0.056181415301,0.000831791155,-0.043205685200
0.218061946800,0.056302034317,0.000819061073,-0.029990466896
0.215434694400,0.056178174747,0.000801343441,0.008304943069
0.212807442000,0.056065001839,0.000799110393,0.022827755721
0.210180189700,0.056016027013,0.000889994082,0.046169692072
0.207552937300,0.055899265561,0.001001025546,0.013822563673
0.204925684900,0.055999227718,0.000912069496,-0.007646066763
0.202298432500,0.055957808166,0.000993487567,0.021077249848
0.199671180200,0.055806240772,0.001172758656,0.004449252744
0.197043927800,0.055863939824,0.001280623093,-0.013284070263
0.194416675400,0.055997094281,0.001325751917,0.000410111832
0.191789423100,0.056009526754,0.001437864222,0.024504231961
0.189162170700,0.056086038174,0.001437270185,0.017881451461
0.186534918300,0.056168624301,0.001468393263,0.018613161604
0.183907666000,0.056116507988,0.001607615863,0.037478528768
0.181280413600,0.056102063690,0.001712619287,0.035088686608
0.178653161200,0.056187446894,0.001928896293,0.041312122678
0.176025908800,0.056191352115,0.002074581494,0.043798086390
0.173398656500,0.056231004782,0.002120199830,0.049515745684
0.170771404100,0.056259636816,0.002200482407,0.050365343798
0.168144151700,0.056214132915,0.002440779969,0.038382591862
0.165516899400,0.056077209491,0.002589453944,0.046896210164
0.162889647000,0.055939838335,0.002678368442,0.069155215335
0.160262394600,0.055898279820,0.002718803263,0.083528284722
0.157635142200,0.055861461159,0.002862842132,0.083380305355
0.155007889900,0.055925584050,0.002904453016,0.077410705362
0.152380637500,0.055962902926,0.002921143284,0.061585753501
0.149753385100,0.055919554188,0.002968386503,0.037526863472
0.147126132800,0.055967911157,0.002887242836,-0.020772248134
0.144498880400,0.056192671432,0.002842686177,-0.076144916841
0.141871628000,0.056538266603,0.002916606895,-0.066568437897
0.139244375600,0.056742402876,0.002693176294,-0.031027304964
0.136617123300,0.057001097901,0.002514442716,-0.005937908424
0.133989870900,0.057304180585,0.002448022268,0.012886634011
0.131362618500,0.057650418949,0.002263059836,0.013487664088
0.128735366200,0.057901638747,0.001885529862,0.011698935984
0.126108113800,0.058016979070,0.001701563931,0.040803317403
0.123480861400,0.058070394490,0.001684354914,0.085717642956
0.120853609000,0.058051271209,0.001691042799,0.052575286426
0.118226356700,0.057891152232,0.001709937339,0.046594217892
0.115599104300,0.057725846794,0.001611691179,0.084825653308
0.112971851900,0.057411067290,0.001449041841,0.100709306268
0.110344599600,0.056726564450,0.001454215634,0.119353614377
0.107717347200,0.056432300681,0.001493667014,0.120780664804
0.105090094800,0.056063385402,0.001461698145,0.068640120648
0.102462842500,0.055537769344,0.001339149187,0.003935755731
0.099835590100,0.055236094039,0.001270581014,-0.015872736289
0.097208337700,0.054934361522,0.001205007343,-0.047210524036
0.094581085300,0.054469296367,0.001108052623,-0.060803570473
0.091953833000,0.054053268628,0.001123868418,-0.022130125812
0.089326580600,0.053889624205,0.001082604756,-0.036957579870
0.086699328200,0.053810610365,0.001083543373,-0.047259553165
0.084072075900,0.053720464692,0.001099733797,0.006878809714
0.081444823500,0.053730561066,0.001060440216,0.078862624886
0.078817571100,0.053773436157,0.000990089778,0.021544315154
0.076190318700,0.054025626062,0.000950263129,-0.081794885538
0.073563066400,0.054450869288,0.000982259130,-0.151101991093
0.070935814000,0.054856374869,0.001004341285,-0.186105924946
0.068308561600,0.055147277571,0.000978106157,-0.136061544439
0.065681309300,0.055372013266,0.001113170406,-0.063182783891
0.063054056900,0.055509265754,0.001307186503,-0.032645819650
0.060426804500,0.055417506750,0.001610385105,-0.012910523762
0.057799552100,0.055235371195,0.001713091627,0.013399956670
0.055172299800,0.054977606756,0.001685947273,0.000009968692
0.052545047400,0.054723465547,0.001790020442,-0.009751757809
0.049917795000,0.054398631268,0.001684255661,-0.048140775529
0.047290542700,0.054035798155,0.001758090594,0.007351093316
0.044663290300,0.053605563540,0.001817574901,-0.028495496817
0.042036037900,0.053301654564,0.001773369025,-0.059127174487
0.039408785500,0.053073900424,0.001985912758,0.061192952399
0.036781533200,0.052779586803,0.002086908171,0.079320289196
0.034154280800,0.052517742381,0.002215759170,0.043096799370
0.031527028400,0.052369689499,0.002155555682,-0.006010559242
0.028899776100,0.052433769634,0.002072999257,0.033092310355
0.026272523700,0.052576389899,0.001975335962,0.152585875420
0.023645271300,0.052667897642,0.001648686248,0.078780353909
0.021018019000,0.052700126256,0.001512371519,-0.109868105376
0.018390766600,0.052781774055,0.001483804679,-0.132689529787
0.015763514200,0.052751645991,0.001475052520,-0.035771505627
0.013136261800,0.052509249024,0.001422989404,0.037495058643
0.010509009500,0.052478533865,0.001350514277,0.050309782269
0.007881757100,0.052647955458,0.001346964828,0.030008098178
0.005254504700,0.052855324849,0.001193235022,0.075382802589
0.002627252400,0.052513739095,0.001042951781,0.216285089678
0.000000000000,0.047770175576,0.000677604296,0.326236173102
