0.391460603250,-0.013983271197,0.000736294819,0.108973954421
0.388833350880,-0.016888374498,0.000732218236,-0.264005553475
0.386206098510,-0.015880740681,0.000865724823,0.037269598272
0.383578846140,-0.016765020516,0.000947009665,0.401016948423
0.380951593770,-0.017640181152,0.001178815963,-0.018967497818
0.378324341400,-0.017580633782,0.001371485997,-0.089629813080
0.375697089030,-0.016337932263,0.001677780819,-0.325040312733
0.373069836660,-0.015718446419,0.001824168199,-0.182101330641
0.370442584290,-0.017024084714,0.001888507797,0.019682687900
0.367815331920,-0.017297074632,0.001872588143,-0.283337864051
0.365188079550,-0.016424570670,0.002233868197,-0.135788154295
0.362560827170,-0.015785205958,0.002470219588,-0.065735332425
0.359933574800,-0.015281404463,0.002442599881,-0.208226704449
0.357306322430,-0.015059664475,0.002440324039,-0.052987139893
0.354679070060,-0.014856919317,0.002349672259,-0.067998413773
0.352051817690,-0.014577607191,0.002245690943,-0.071318172274
0.349424565320,-0.014330845034,0.002188743354,0.002168390638
0.346797312950,-0.014256364132,0.002235688685,0.014954710222
0.344170060580,-0.014195990613,0.002304260354,-0.020095615136
0.341542808210,-0.014050868200,0.002330991965,0.022195885588
0.338915555840,-0.013947817539,0.002355935450,0.072433556384
0.336288303460,-0.013905390684,0.002282743112,0.079110656664
0.333661051090,-0.013837379727,0.002337114613,0.076391636425
0.331033798720,-0.013960965262,0.002372139941,0.066052218844
0.328406546350,-0.014144632433,0.002281940110,0.073290826733
0.325779293980,-0.014284279006,0.002462610881,0.093521512892
0.323152041610,-0.014493716203,0.002482459100,0.079074791986
0.320524789240,-0.014545598769,0.002429238902,0.031480865060
0.317897536870,-0.014603121821,0.002337653346,-0.002082150341
0.315270284500,-0.014670893295,0.002189941190,-0.008215355868
0.312643032100,-0.014709075484,0.002129801898,-0.027426654084
0.310015779800,-0.014893766257,0.002200788200,-0.025940356433
0.307388527400,-0.015144948874,0.002531137642,-0.021474829010
0.304761275000,-0.015295561233,0.002793369786,-0.003740821995
0.302134022600,-0.015468876129,0.003132368897,0.012193594968
0.299506770300,-0.015517763411,0.003479139760,0.032756739208
0.296879517900,-0.015605240632,0.003703167369,0.075610432086
0.294252265500,-0.015617315313,0.003851828723,0.058621362286
0.291625013200,-0.015647619006,0.003943976969,0.007928329770
0.288997760800,-0.015598294575,0.004041598931,-0.030715126657
0.286370508400,-0.015444471444,0.004147518430,-0.017740506452
0.283743256000,-0.015225799799,0.004307936518,-0.012374218355
0.281116003700,-0.014996141728,0.004360749576,-0.028621735464
0.278488751300,-0.014889544536,0.004385253867,-0.039958802802
0.275861498900,-0.014896479112,0.004452236224,0.024583589432
0.273234246600,-0.014962220997,0.004332081849,0.063361085293
0.270606994200,-0.014987465251,0.004137002146,0.019107462199
0.267979741800,-0.015014682794,0.003921247650,0.060985246591
0.265352489400,-0.015225825295,0.003822692627,0.140683307640
0.262725237100,-0.015405940062,0.003669231502,0.115031089544
0.260097984700,-0.015596992976,0.003486799401,0.079505348754
0.257470732300,-0.015708717790,0.003396261559,0.090814927016
0.254843480000,-0.015860556878,0.003439850357,0.084226640094
0.252216227600,-0.015990312191,0.003394729516,0.057961084964
0.249588975200,-0.016065490187,0.003362592592,0.021500307043
0.246961722900,-0.016161052682,0.003244135185,-0.017156928642
0.244334470500,-0.016152178554,0.003124050298,-0.064978962487
0.241707218100,-0.016094811131,0.003020157240,-0.151313256440
0.239079965700,-0.016237376688,0.002851361211,-0.223108296691
0.236452713400,-0.016448643063,0.002660519565,-0.261690047221
0.233825461000,-0.016741972536,0.002509411952,-0.234191752645
0.231198208600,-0.017080038272,0.002405054407,-0.125843390969
0.228570956300,-0.017495397158,0.002302318541,0.015661178374
0.225943703900,-0.017957257760,0.002286340875,0.158938578517
0.223316451500,-0.018390900328,0.002287755083,0.258953425372
0.220689199100,-0.018814192927,0.002297010006,0.272478478206
0.218061946800,-0.019208015939,0.002318375455,0.192377402879
0.215434694400,-0.019476768365,0.002304810406,0.150048942380
0.212807442000,-0.019590158998,0.002405773855,0.152458843424
0.210180189700,-0.019550064012,0.002292711724,0.128770163168
0.207552937300,-0.019473801086,0.002178894298,0.140178469366
0.204925684900,-0.019347211994,0.002130771031,0.151961508607
0.202298432500,-0.019183501317,0.002135957565,0.150543320316
0.199671180200,-0.019074321340,0.002244027189,0.168291041076
0.197043927800,-0.019054370391,0.002213121944,0.143080280673
0.194416675400,-0.018991644525,0.002336005136,0.113807103128
0.191789423100,-0.018900334555,0.002502083154,0.117531004775
0.189162170700,-0.018917619489,0.002693243680,0.122607714596
0.186534918300,-0.019004745611,0.002955943988,0.124373447644
0.183907666000,-0.019088121429,0.003138351547,0.109524179042
0.181280413600,-0.019214406944,0.003391910744,0.101290481856
0.178653161200,-0.019267844754,0.003537508839,0.072132027435
0.176025908800,-0.019200541170,0.003791456057,0.038664267460
0.173398656500,-0.018991950940,0.004021072147,0.020813761523
0.170771404100,-0.018715060883,0.004211945961,0.007458166374
0.168144151700,-0.018602594021,0.004429481426,0.029071788001
0.165516899400,-0.018332827381,0.004474048905,0.041781731844
0.162889647000,-0.017953784102,0.004674356341,0.087016889621
0.160262394600,-0.017610484790,0.004929625000,0.101183169816
0.157635142200,-0.017159231628,0.005088512728,0.098182159681
0.155007889900,-0.016806105614,0.005291723776,0.120664164107
0.152380637500,-0.016431363026,0.005276542393,0.080766142962
0.149753385100,-0.015987523048,0.005171445802,0.040582805359
0.147126132800,-0.015639877532,0.005034857299,-0.001780057055
0.144498880400,-0.015540440817,0.005083016114,-0.003351514192
0.141871628000,-0.015550654707,0.005048935809,0.019857542849
0.139244375600,-0.015630545169,0.005118080320,0.052135806865
0.136617123300,-0.015786667126,0.004943703231,0.066320418264
0.133989870900,-0.016032248804,0.004773498809,0.013423173390
0.131362618500,-0.016148892111,0.004540317947,-0.086619401109
0.128735366200,-0.016239558207,0.004406812454,-0.086294964895
0.126108113800,-0.016535057224,0.004317145868,-0.026858923024
0.123480861400,-0.016779167112,0.004074412251,0.020718685908
0.120853609000,-0.017050175734,0.003921027534,0.023082043250
0.118226356700,-0.017486684253,0.003770160606,0.011628719260
0.115599104300,-0.017893156692,0.003599515238,-0.019646241044
0.112971851900,-0.018653855774,0.003356009802,-0.039438055215
0.110344599600,-0.019449573102,0.003124252609,0.001328709849
0.107717347200,-0.020069195668,0.002894640778,0.057544967175
0.105090094800,-0.020281822787,0.002423302108,0.092502404586
0.102462842500,-0.020575091159,0.001864092588,0.040904146224
0.099835590100,-0.020726630821,0.001372806134,-0.045386932389
0.097208337700,-0.020640402022,0.000738562741,-0.076188026858
0.094581085300,-0.020442984528,0.000277389671,-0.030700944581
0.091953833000,-0.020240463885,-0.000002386186,0.018827639787
0.089326580600,-0.020119100242,-0.000221135470,-0.010726777058
0.086699328200,-0.020008476411,-0.000184684389,-0.129548470910
0.084072075900,-0.019770413865,0.000142716973,-0.212155209742
0.081444823500,-0.019474559847,0.000381129637,-0.229554187043
0.078817571100,-0.019278263368,0.000576388964,-0.168517257095
0.076190318700,-0.019333303756,0.000864367611,-0.058322829615
0.073563066400,-0.019408436742,0.000821815456,-0.011001253689
0.070935814000,-0.019308159983,0.000843272510,-0.040185168401
0.068308561600,-0.019394083132,0.000817419274,-0.028574205894
0.065681309300,-0.019519525731,0.000834963065,0.033585826378
0.063054056900,-0.019771993820,0.000834368064,0.086841744956
0.060426804500,-0.020125059773,0.000712570363,0.130925541738
0.057799552100,-0.020540012019,0.000814158015,0.166618333919
0.055172299800,-0.020987685049,0.001052531832,0.136380728166
0.052545047400,-0.021242794132,0.001017316735,0.067059890371
0.049917795000,-0.021503094162,0.000854034021,0.022110750546
0.047290542700,-0.021843523908,0.001096135631,0.023947677931
0.044663290300,-0.022091432043,0.001235261730,0.041695196469
0.042036037900,-0.022223803147,0.001070729693,0.014318483587
0.039408785500,-0.022280948663,0.001127145816,-0.029903460985
0.036781533200,-0.022172073915,0.001317046843,-0.071686168509
0.034154280800,-0.022022294749,0.001327928774,-0.025848014589
0.031527028400,-0.022108286414,0.001464950501,0.000347102633
0.028899776100,-0.022128699343,0.001756035503,-0.014133556194
0.026272523700,-0.022128875810,0.001728510476,-0.000727796827
0.023645271300,-0.022221063810,0.001572412642,0.297363748545
0.021018019000,-0.023165672751,0.001395846613,0.003168695014
0.018390766600,-0.022510340270,0.001548744688,-0.436730111313
0.015763514200,-0.022752205036,0.001819441401,-0.130238594407
0.013136261800,-0.022909995181,0.002009636469,-0.153360098964
0.010509009500,-0.022686715104,0.001979292613,-0.141165304844
0.007881757100,-0.022209066944,0.001859776698,-0.114403878681
0.005254504700,-0.021537863054,0.001602059749,-0.015358462651
0.002627252400,-0.020935458318,0.001389571615,1.189362920199
0.000000000000,-0.018864622824,0.000633512147,2.323297277599
