0.391460603250,-0.050145798544,0.000445534194,0.255018860410
0.388833350880,-0.052934549840,0.000508566078,0.337075386201
0.386206098510,-0.053523034157,0.001013818668,-0.256670143856
0.383578846140,-0.051983935333,0.001313189383,-0.200745765415
0.380951593770,-0.052218058464,0.001097813533,0.228147491400
0.378324341400,-0.054562020994,0.001368763378,-0.164433042899
0.375697089030,-0.055697225076,0.001520781340,0.011845381080
0.373069836660,-0.056732286919,0.001646797721,0.265095225158
0.370442584290,-0.056470017517,0.001846785188,0.111997795276
0.367815331920,-0.057119397402,0.002174928398,0.006150100359
0.365188079550,-0.056495873786,0.002304260588,-0.126030881488
0.362560827170,-0.056107855818,0.002426001982,-0.063847598614
0.359933574800,-0.055798577433,0.002545943565,-0.047887026963
0.357306322430,-0.055449878685,0.002725454035,-0.067274279571
0.354679070060,-0.055213350937,0.002887533841,-0.016940066814
0.352051817690,-0.055047107017,0.002809639180,-0.007789806530
0.349424565320,-0.054858359431,0.002788123187,-0.001185913041
0.346797312950,-0.054772214007,0.002833178661,0.022897027314
0.344170060580,-0.054713176312,0.002907860942,0.017085746955
0.341542808210,-0.054769544958,0.002966743373,0.071909007595
0.338915555840,-0.055059839484,0.002744035348,-0.000964455860
0.336288303460,-0.055095070681,0.002745412780,-0.047413743378
0.333661051090,-0.054974046260,0.002863960498,0.080891236796
0.331033798720,-0.054990370232,0.002800286762,0.106496704879
0.328406546350,-0.055045230679,0.002787813164,0.078850732178
0.325779293980,-0.055256781134,0.002736876121,0.043218165411
0.323152041610,-0.055360010023,0.002796364875,0.049693657988
0.320524789240,-0.055442931735,0.002819471921,-0.011751116299
0.317897536870,-0.055545780653,0.002647965771,-0.024356941259
0.315270284500,-0.055743099122,0.002490009102,-0.036751788160
0.312643032100,-0.056094564162,0.002546911785,-0.061539206233
0.310015779800,-0.056299265230,0.002733237645,-0.031565627484
0.307388527400,-0.056522857672,0.002949312974,-0.006475264136
0.304761275000,-0.056745053111,0.003066289187,0.024187786025
0.302134022600,-0.056960217805,0.003256487676,0.023990441204
0.299506770300,-0.057206487763,0.003523641839,0.046371700361
0.296879517900,-0.057318870423,0.003801436081,0.075404262567
0.294252265500,-0.057357701494,0.004127890696,0.056588940008
0.291625013200,-0.057419556858,0.004169751618,0.060052430164
0.288997760800,-0.057290638699,0.004316445381,0.050840177473
0.286370508400,-0.057267834586,0.004380518726,0.028880041906
0.283743256000,-0.057092781405,0.004418335019,0.004105279747
0.281116003700,-0.056829100323,0.004325897134,0.055625224585
0.278488751300,-0.056779529404,0.004144694773,0.062988753477
0.275861498900,-0.056809627151,0.003982375318,0.046646329722
0.273234246600,-0.056779310333,0.003927848153,0.063903964887
0.270606994200,-0.056710969250,0.003819497379,0.101565504814
0.267979741800,-0.056642928696,0.003712344014,0.154105850475
0.265352489400,-0.056559599350,0.003679967829,0.158683101980
0.262725237100,-0.056648214563,0.003674795644,0.135774436575
0.260097984700,-0.056696889825,0.003747123081,0.111743803514
0.257470732300,-0.056758863985,0.003675003342,0.087174025779
0.254843480000,-0.056826189172,0.003653983992,0.048581889594
0.252216227600,-0.056860728338,0.003580906788,-0.008693939926
0.249588975200,-0.056993304616,0.003541143427,-0.065697790747
0.246961722900,-0.057077461227,0.003493503412,-0.095698318369
0.244334470500,-0.057121144047,0.003439057925,-0.155733935523
0.241707218100,-0.057202045795,0.003250331183,-0.226069412261
0.239079965700,-0.057318844383,0.003075076191,-0.220742170211
0.236452713400,-0.057360741497,0.002997462552,-0.161313867290
0.233825461000,-0.057429673849,0.003039195292,-0.094258469135
0.231198208600,-0.057609962720,0.003034588810,-0.003895662505
0.228570956300,-0.057794649817,0.003079363294,0.101120193926
0.225943703900,-0.058025199876,0.003150325710,0.208187112152
0.223316451500,-0.058344152042,0.003205849224,0.225891349821
0.220689199100,-0.058651148038,0.003234796986,0.196382573085
0.218061946800,-0.058915463764,0.003161957951,0.165949012891
0.215434694400,-0.059011276196,0.003138666313,0.110879582955
0.212807442000,-0.058870871103,0.003060961017,0.075352295963
0.210180189700,-0.058838021833,0.003036140348,0.096626692358
0.207552937300,-0.058836305924,0.003106288519,0.124164636605
0.204925684900,-0.058653161949,0.003066689894,0.102257790398
0.202298432500,-0.058413262750,0.003002380941,0.101262625128
0.199671180200,-0.058302216046,0.003047219297,0.144650949871
0.197043927800,-0.058345838333,0.003285765224,0.120171941411
0.194416675400,-0.058588213049,0.003379725560,0.070575326611
0.191789423100,-0.058741096254,0.003577907310,0.083053943071
0.189162170700,-0.058849010180,0.003767881756,0.109969293407
0.186534918300,-0.059035222514,0.004017542856,0.132866308981
0.183907666000,-0.059292451469,0.004266647973,0.132913829625
0.181280413600,-0.059439145259,0.004614094043,0.136318671689
0.178653161200,-0.059530471556,0.004834079435,0.125899312510
0.176025908800,-0.059543033450,0.005071959722,0.091055316511
0.173398656500,-0.059383394807,0.005279114409,0.057091575976
0.170771404100,-0.059106189820,0.005393199303,0.030078654123
0.168144151700,-0.058851016207,0.005622672097,0.020972701213
0.165516899400,-0.058505354680,0.005956756498,0.056806825672
0.162889647000,-0.058147454124,0.006105773365,0.076586780618
0.160262394600,-0.057943630422,0.006226472057,0.088853667777
0.157635142200,-0.057636018045,0.006427057177,0.140724667748
0.155007889900,-0.057366693792,0.006444843721,0.136125203706
0.152380637500,-0.057044336338,0.006367690839,0.081721446523
0.149753385100,-0.056659502578,0.006258691875,0.057430923587
0.147126132800,-0.056489511941,0.006185632918,0.034919038691
0.144498880400,-0.056451348257,0.006157701335,0.011046926165
0.141871628000,-0.056439259259,0.006069304781,0.010404860684
0.139244375600,-0.056457663797,0.005984564723,0.002636639764
0.136617123300,-0.056531577855,0.006138717446,-0.020735749848
0.133989870900,-0.056751525814,0.006199007892,-0.021911954429
0.131362618500,-0.056898786258,0.005950010739,-0.033592244699
0.128735366200,-0.057062014540,0.005940673033,-0.010628903836
0.126108113800,-0.057299445707,0.005979447456,0.029646486442
0.123480861400,-0.057628346238,0.005945285967,-0.005946590681
0.120853609000,-0.057957071006,0.005640928476,-0.010863769988
0.118226356700,-0.058450920699,0.005416457666,-0.004997481604
0.115599104300,-0.059258771104,0.005258207158,0.008314579169
0.112971851900,-0.060069594117,0.004930093622,0.057796855577
0.110344599600,-0.060710939274,0.004530888600,0.085071639808
0.107717347200,-0.061072557283,0.003973656791,0.078301731806
0.105090094800,-0.061193154685,0.003526693918,0.023054705361
0.102462842500,-0.061242257070,0.002945237254,0.004153003202
0.099835590100,-0.061094168724,0.002272317054,0.007523304386
0.097208337700,-0.060942564247,0.001787042594,0.029505010587
0.094581085300,-0.060595181448,0.001367907213,0.070876725148
0.091953833000,-0.060412209011,0.001105686009,0.034408873398
0.089326580600,-0.060266499254,0.000990317488,-0.078003065365
0.086699328200,-0.060148569613,0.001414485489,-0.134313451396
0.084072075900,-0.060300633285,0.001651222794,-0.135562733290
0.081444823500,-0.060417050044,0.001841627743,-0.113190797308
0.078817571100,-0.060407453512,0.002208295784,-0.085927227337
0.076190318700,-0.060406028638,0.002317824712,-0.054975068822
0.073563066400,-0.060594443796,0.002442011022,0.006292988716
0.070935814000,-0.060851609221,0.002380999248,0.012278053001
0.068308561600,-0.060990253925,0.002309708674,0.046291403501
0.065681309300,-0.061109338807,0.002317949896,0.090082487951
0.063054056900,-0.061232156124,0.002143622070,0.146130747492
0.060426804500,-0.061245350151,0.001922008781,0.189764166235
0.057799552100,-0.061506977932,0.001873763154,0.173309631312
0.055172299800,-0.061740314824,0.001916061365,0.172747835590
0.052545047400,-0.062015045311,0.002043754566,0.149607621872
0.049917795000,-0.062167336327,0.002110700896,0.018642740995
0.047290542700,-0.062126515127,0.002324155154,-0.053090758851
0.044663290300,-0.062044317072,0.002376219918,-0.013082272309
0.042036037900,-0.061982290761,0.002433614236,-0.018674367742
0.039408785500,-0.061931118240,0.002430999905,-0.034491918214
0.036781533200,-0.061859993074,0.002224852889,-0.042448327882
0.034154280800,-0.061817420856,0.002272772761,-0.018298380024
0.031527028400,-0.061804685296,0.002277021526,-0.023084376998
0.028899776100,-0.061934095638,0.002332485441,-0.059823128185
0.026272523700,-0.062181401556,0.002405220296,-0.128773750136
0.023645271300,-0.062407353220,0.002451575275,-0.207514565545
0.021018019000,-0.062772361173,0.002550917492,-0.061589734520
0.018390766600,-0.063407584597,0.002749438873,0.040857056389
0.015763514200,-0.063937009266,0.002954364526,-0.083443878302
0.013136261800,-0.064241968001,0.002766208261,-0.155302964920
0.010509009500,-0.064242568479,0.002699316782,-0.153387316997
0.007881757100,-0.064021801889,0.002603622961,-0.081623260144
0.005254504700,-0.063630088718,0.002243432465,-0.070142250981
0.002627252400,-0.063084862490,0.002073471928,-0.396011113745
0.000000000000,-0.056459639118,0.001763281330,-0.728235954076
