0.391460603250,-0.013327321096,0.001467860368,-0.396690220019
0.388833350880,-0.013279943280,0.001227696761,-0.139680303985
0.386206098510,-0.012614203573,0.001273528254,0.100335753645
0.383578846140,-0.013991006800,0.001036751119,0.042441098491
0.380951593770,-0.014058619451,0.000915434580,-0.112817481624
0.378324341400,-0.013664901677,0.000961418505,-0.056424116868
0.375697089030,-0.014516243875,0.000941838466,-0.387922088844
0.373069836660,-0.014739691483,0.000876650122,-0.528851332434
0.370442584290,-0.014856712976,0.000788904805,-0.278648058139
0.367815331920,-0.014813967832,0.000704849278,-0.149269648972
0.365188079550,-0.014393360412,0.000382881524,-0.135867691209
0.362560827170,-0.013851985849,0.000463683553,-0.162897841276
0.359933574800,-0.013197391368,0.000562396947,-0.101611218514
0.357306322430,-0.013395600851,0.000594695738,-0.046360308737
0.354679070060,-0.013262133523,0.000603646694,-0.070329199410
0.352051817690,-0.012943707708,0.000962786217,-0.059948587492
0.349424565320,-0.012730508443,0.001013225615,0.041335404684
0.346797312950,-0.012412925821,0.001006682643,0.087857122645
0.344170060580,-0.012114805309,0.000838473274,0.085968256132
0.341542808210,-0.011929534747,0.000833514477,0.061414547901
0.338915555840,-0.012022145818,0.000957871744,0.076752574738
0.336288303460,-0.012067143219,0.001049862131,0.109369324726
0.333661051090,-0.012091916786,0.001160450739,0.113113432479
0.331033798720,-0.012307357721,0.001252604720,0.065101630592
0.328406546350,-0.012702731024,0.001465410708,0.061149005344
0.325779293980,-0.013115054081,0.001551920863,0.064276479328
0.323152041610,-0.013332026382,0.001595787378,0.036407403958
0.320524789240,-0.013655421798,0.001622433699,0.028103179161
0.317897536870,-0.013985381440,0.001588669886,0.028381892488
0.315270284500,-0.014112130502,0.001465807209,0.003563165460
0.312643032100,-0.014232629607,0.001423015488,-0.018595118588
0.310015779800,-0.014387582435,0.001419425733,-0.003831941558
0.307388527400,-0.014503373351,0.001407153514,0.004775051397
0.304761275000,-0.014425003224,0.001582418101,-0.008241836241
0.302134022600,-0.014226755882,0.001848888532,0.019874405688
0.299506770300,-0.014129554389,0.002187136889,0.054371922748
0.296879517900,-0.013984506076,0.002506461394,0.074559263863
0.294252265500,-0.013811492320,0.002754609382,0.088792474813
0.291625013200,-0.013673718386,0.002943991424,0.084943577543
0.288997760800,-0.013589320613,0.003131126533,0.055221608552
0.286370508400,-0.013468610483,0.003288869515,0.038258420966
0.283743256000,-0.013350090660,0.003245460978,0.079011443397
0.281116003700,-0.013328176576,0.003261305508,0.075888648168
0.278488751300,-0.013340964033,0.003206178028,0.045653667210
0.275861498900,-0.013455622169,0.003057587436,0.049206141029
0.273234246600,-0.013588699821,0.002787374209,0.031997509448
0.270606994200,-0.013729590047,0.002508393571,-0.024820188225
0.267979741800,-0.013732100051,0.002297526642,-0.063566104428
0.265352489400,-0.013784817393,0.002138721455,-0.076995850787
0.262725237100,-0.013953304472,0.002168300539,-0.100297014958
0.260097984700,-0.014100924692,0.002217970182,-0.138222457537
0.257470732300,-0.014210175202,0.002239112018,-0.126102508227
0.254843480000,-0.014366867665,0.002275172614,-0.035703553902
0.252216227600,-0.014460349522,0.002284526534,0.051780838429
0.249588975200,-0.014474348643,0.002228064647,0.115673084033
0.246961722900,-0.014354225741,0.002329097884,0.166335064114
0.244334470500,-0.014393327152,0.002360190903,0.237777629641
0.241707218100,-0.014668820062,0.002240415679,0.244180982824
0.239079965700,-0.014996070687,0.001974270144,0.191150818355
0.236452713400,-0.015531372365,0.001653192600,0.165643310448
0.233825461000,-0.016260840665,0.001382248911,0.135614017308
0.231198208600,-0.016909328394,0.001255391928,0.115193031172
0.228570956300,-0.017420026124,0.001007120710,0.171809618398
0.225943703900,-0.017969998000,0.000849074239,0.272747347778
0.223316451500,-0.018418380164,0.000838552378,0.081302161171
0.220689199100,-0.017730050709,0.001003827613,-0.122831227353
0.218061946800,-0.017339863519,0.001286820995,-0.082738186950
0.215434694400,-0.017161564818,0.001517241457,-0.085175654726
0.212807442000,-0.016990214428,0.001709561597,-0.085292154066
0.210180189700,-0.016736479559,0.001782406677,-0.078021895220
0.207552937300,-0.016624727932,0.001748767299,-0.082129451441
0.204925684900,-0.016613148329,0.001760810651,-0.049288701783
0.202298432500,-0.016477944009,0.001850515583,0.016063425994
0.199671180200,-0.016382439606,0.002153429490,0.097445558948
0.197043927800,-0.016512144665,0.002380995920,0.178968311594
0.194416675400,-0.016880534143,0.002722772125,0.283727131221
0.191789423100,-0.017786202824,0.003017831562,-0.156568503291
0.189162170700,-0.016258343688,0.003532639076,-0.144295645872
0.186534918300,-0.016262868253,0.003631261761,0.218694666449
0.183907666000,-0.016210667364,0.003668966157,0.268264496693
0.181280413600,-0.016138786762,0.003482941919,0.311810122088
0.178653161200,-0.015960775677,0.003454434338,0.354008098274
0.176025908800,-0.015725192195,0.003814035728,0.357925842559
0.173398656500,-0.015517760211,0.004134543314,0.327617001213
0.170771404100,-0.015370088912,0.004434705935,0.297861708865
0.168144151700,-0.015093219390,0.004751011237,0.247525200396
0.165516899400,-0.014749393402,0.004815804050,0.203044502345
0.162889647000,-0.014448658937,0.004832369080,0.225161790981
0.160262394600,-0.014049017561,0.004781826690,0.216019846303
0.157635142200,-0.013765700709,0.004675934969,0.150882405073
0.155007889900,-0.013702346399,0.004684691781,0.100398113866
0.152380637500,-0.013794473848,0.004494825407,0.039490443462
0.149753385100,-0.013980360409,0.004281893600,-0.001882141126
0.147126132800,-0.014342258136,0.004130840442,-0.059273723543
0.144498880400,-0.014772300524,0.003968764025,-0.159949828181
0.141871628000,-0.015060521015,0.003765985516,-0.218811911215
0.139244375600,-0.015452725456,0.003462626924,-0.127780670049
0.136617123300,-0.015944083387,0.003127613822,-0.051162554013
0.133989870900,-0.016483386330,0.003003452919,-0.025678442560
0.131362618500,-0.017053035219,0.003093811331,0.077269897184
0.128735366200,-0.017695254405,0.003396114763,0.152630227528
0.126108113800,-0.017917170772,0.003695281201,0.135626865453
0.123480861400,-0.018083031423,0.003961965065,0.125250228409
0.120853609000,-0.018211273869,0.003985201518,0.100586865521
0.118226356700,-0.018348861266,0.003968071647,0.076710015154
0.115599104300,-0.018364328393,0.003917387008,0.109686592092
0.112971851900,-0.018250423363,0.003881615985,0.111796379445
0.110344599600,-0.018150673911,0.003841539103,0.032587502098
0.107717347200,-0.018091865701,0.003915227882,-0.071173067770
0.105090094800,-0.018041118810,0.004048800558,-0.090164697706
0.102462842500,-0.017975139314,0.004119078381,-0.088529077175
0.099835590100,-0.017846620711,0.004056941786,-0.134884264668
0.097208337700,-0.017680992948,0.004018852927,-0.035348088611
0.094581085300,-0.017653878484,0.004148941157,0.125287778051
0.091953833000,-0.017628328860,0.004185683477,0.228446546201
0.089326580600,-0.017750489611,0.003964006190,0.290528089026
0.086699328200,-0.017940931474,0.003866657179,0.266608299762
0.084072075900,-0.017985441461,0.003829910611,0.142937051907
0.081444823500,-0.018059620970,0.003675839285,0.061191040801
0.078817571100,-0.018067045958,0.003600160570,0.045195400462
0.076190318700,-0.018152850185,0.003476286605,0.034695983945
0.073563066400,-0.018223203946,0.003524574113,0.110191653773
0.070935814000,-0.018348402838,0.003524603338,0.158597466766
0.068308561600,-0.018437927869,0.003455721719,0.097138673363
0.065681309300,-0.018467096412,0.003589190792,0.067419934558
0.063054056900,-0.018495911044,0.003541401387,0.073650955534
0.060426804500,-0.018490035368,0.003595622256,0.068699626734
0.057799552100,-0.018666270598,0.003607710279,0.061955817662
0.055172299800,-0.018818171657,0.003554739935,0.032312062042
0.052545047400,-0.018872104170,0.003411439904,-0.054657951373
0.049917795000,-0.018619706552,0.003438054221,-0.060786498887
0.047290542700,-0.018627316844,0.003361902845,-0.029119182573
0.044663290300,-0.018734702081,0.003071138525,-0.009760416026
0.042036037900,-0.018910023504,0.002943990495,-0.016576707058
0.039408785500,-0.019002981491,0.002924665313,-0.003133265088
0.036781533200,-0.019264835745,0.002882968114,0.033796403208
0.034154280800,-0.019586076302,0.002786286015,0.075135948651
0.031527028400,-0.019983259556,0.002710539420,0.079898373486
0.028899776100,-0.020836198035,0.002795620000,0.099511790844
0.026272523700,-0.021394486146,0.002917275061,0.098217146227
0.023645271300,-0.021088946398,0.002860969081,0.073365400822
0.021018019000,-0.022060916067,0.002782668914,0.043671575032
0.018390766600,-0.022448591097,0.002907236313,0.031092705545
0.015763514200,-0.022182784623,0.002555355169,-0.022257013349
0.013136261800,-0.021863229675,0.002184822306,0.009504190488
0.010509009500,-0.021611128319,0.001806447525,0.068982064304
0.007881757100,-0.021221651362,0.001453740427,0.094375782425
0.005254504700,-0.020733162897,0.001228640467,0.263779703030
0.002627252400,-0.019992546115,0.000839915323,1.100946771107
0.000000000000,-0.015012598161,0.000618809717,1.763557311529
