0.391460603250,0.035161753727,-0.000249068606,0.633850839358
0.388833350880,0.035446200729,0.000829520980,0.466070339356
0.386206098510,0.035486376905,0.001349061244,0.172736085137
0.383578846140,0.034804597392,0.001732369436,0.286810586658
0.380951593770,0.034170125202,0.002142699445,0.465039636180
0.378324341400,0.034301410886,0.001777253173,0.161234490515
0.375697089030,0.034567673530,0.001576097554,-0.097690293500
0.373069836660,0.034512802510,0.001461286207,-0.083267490047
0.370442584290,0.034370520017,0.001508718790,0.147655792233
0.367815331920,0.034173558966,0.001171384074,-0.086072044275
0.365188079550,0.035003250196,0.001036086503,-0.393740239562
0.362560827170,0.035258746897,0.000976385180,-0.052549667690
0.359933574800,0.035495818935,0.000933298516,0.058112374612
0.357306322430,0.035992279070,0.000820474908,-0.062139768887
0.354679070060,0.036564037300,0.000853728768,0.005149924420
0.352051817690,0.036903853462,0.000970988229,0.134477950088
0.349424565320,0.037276692358,0.000820733690,0.221939922730
0.346797312950,0.037557572383,0.000599004441,0.228760532766
0.344170060580,0.037723864573,0.000112175082,0.066529519430
0.341542808210,0.037648916045,-0.000202617009,-0.036036173438
0.338915555840,0.037476789270,-0.000336340573,-0.044860654945
0.336288303460,0.037295076938,-0.000594391486,-0.042805094329
0.333661051090,0.037132405147,-0.000809177762,-0.088151808314
0.331033798720,0.036894530725,-0.000824280667,-0.126938753391
0.328406546350,0.036690323956,-0.000798186274,-0.151544894184
0.325779293980,0.036471506911,-0.000815115905,-0.126380740589
0.323152041610,0.036301201308,-0.000784900889,-0.007495558375
0.320524789240,0.036306686220,-0.000670155937,0.080618610327
0.317897536870,0.036384387732,-0.000417463861,0.107984760840
0.315270284500,0.036320581799,-0.000202813753,0.149104926505
0.312643032100,0.036175315946,-0.000140841704,0.171528600100
0.310015779800,0.036080183745,-0.000129342395,0.116703381638
0.307388527400,0.034839437363,0.000049046747,0.028327578371
0.304761275000,0.035780544706,0.000067063237,-0.010660081301
0.302134022600,0.035684625945,0.000062365735,0.001596692262
0.299506770300,0.035375114215,0.000026376907,0.012623599603
0.296879517900,0.035159161775,0.000078231620,0.025628812918
0.294252265500,0.035063829365,0.000027329211,0.061789939933
0.291625013200,0.034958505345,0.000036010479,0.051394599751
0.288997760800,0.034824507661,-0.000008967019,0.030378274304
0.286370508400,0.034883961097,0.000060592032,0.061655056212
0.283743256000,0.034942296607,0.000016273129,0.108884299236
0.281116003700,0.034878416076,-0.000038402438,0.194826024394
0.278488751300,0.034709830793,0.000012930390,0.242105512883
0.275861498900,0.034517636072,0.000135796909,0.231805707544
0.273234246600,0.034408057060,0.000031063970,0.137055990613
0.270606994200,0.034344326299,-0.000081936023,0.017891933160
0.267979741800,0.034451970122,-0.000144775463,-0.061647302781
0.265352489400,0.034659707541,-0.000180430715,-0.065029952309
0.262725237100,0.034925601281,-0.000219862222,-0.061526444393
0.260097984700,0.035114100958,-0.000172874379,-0.064112209893
0.257470732300,0.035271231158,0.000066099039,-0.043779226678
0.254843480000,0.035498716081,0.000249146973,-0.030832032999
0.252216227600,0.035650713257,0.000383346644,-0.028470932680
0.249588975200,0.035663609204,0.000483174726,-0.013838660003
0.246961722900,0.035666755348,0.000584855008,0.006186706989
0.244334470500,0.035571388491,0.000642030395,0.004768673893
0.241707218100,0.035382015472,0.000737985879,0.005183063085
0.239079965700,0.035224465732,0.000692873775,0.026724941796
0.236452713400,0.035111604661,0.000773375250,0.060425457316
0.233825461000,0.034930198447,0.000975965664,0.061180758576
0.231198208600,0.034885923295,0.000964291872,0.052819887635
0.228570956300,0.034807446723,0.001062931143,0.081975207062
0.225943703900,0.034690854686,0.000964927440,0.069596568159
0.223316451500,0.034657322412,0.000895847781,0.050781940911
0.220689199100,0.034724855291,0.000951043672,0.019008901713
0.218061946800,0.034804704239,0.000926879624,-0.047369843410
0.215434694400,0.034860577157,0.000948000002,-0.031409141388
0.212807442000,0.034899219269,0.000889895502,0.010647699258
0.210180189700,0.034959353962,0.000889347450,0.003887272867
0.207552937300,0.034982058804,0.000945454437,0.014818058448
0.204925684900,0.035035394803,0.001031102892,-0.002820608634
0.202298432500,0.035129220830,0.001226702614,-0.019271044105
0.199671180200,0.035295610539,0.001359468102,-0.001465293060
0.197043927800,0.035423819800,0.001376760347,0.008526614895
0.194416675400,0.035561128307,0.001445290555,0.023376511493
0.191789423100,0.035741565291,0.001622501248,0.040517391430
0.189162170700,0.035885143967,0.001791263012,0.032964055117
0.186534918300,0.035989552640,0.001872548999,0.044506734366
0.183907666000,0.035923154667,0.001902238033,0.065858946849
0.181280413600,0.035862364457,0.001908631360,0.047282357744
0.178653161200,0.035946331647,0.002104046209,0.031000304532
0.176025908800,0.035974014991,0.002328797888,0.044761168914
0.173398656500,0.035963605326,0.002616572014,0.061464938131
0.170771404100,0.035876101573,0.002752091651,0.062084876409
0.168144151700,0.035827485184,0.002718485701,0.057490672937
0.165516899400,0.035769355600,0.002825111467,0.076733499418
0.162889647000,0.035631865855,0.002979120840,0.128403714214
0.160262394600,0.035506797240,0.003065756541,0.162658828355
0.157635142200,0.035413415326,0.003062531717,0.123156679686
0.155007889900,0.035430172967,0.003039984554,0.034046487770
0.152380637500,0.035435816469,0.003127365477,-0.030041851586
0.149753385100,0.035506155053,0.003120365647,-0.039875353293
0.147126132800,0.035480246907,0.003028750363,-0.040917380908
0.144498880400,0.035482438958,0.002957080492,-0.038393403426
0.141871628000,0.035717736235,0.002991643397,-0.006248385532
0.139244375600,0.035806750680,0.003027161746,0.005819975136
0.136617123300,0.035932166544,0.002969705691,-0.011789303464
0.133989870900,0.036020142084,0.002982415194,-0.038263215101
0.131362618500,0.036259418384,0.002916704699,-0.031857004402
0.128735366200,0.036436671443,0.002649053840,0.002114988822
0.126108113800,0.036616095168,0.002451703197,-0.004327859661
0.123480861400,0.036715743672,0.002315848526,-0.010311713411
0.120853609000,0.036748350441,0.002323710407,0.055166825107
0.118226356700,0.036582653683,0.002325376602,0.062913795248
0.115599104300,0.036281899711,0.002378095238,0.055673756896
0.112971851900,0.036024668705,0.002322793926,0.176195829954
0.110344599600,0.035715636874,0.002274874424,0.192103960858
0.107717347200,0.035400483644,0.002088359145,0.136778559333
0.105090094800,0.035055080911,0.001976297195,0.103252803857
0.102462842500,0.034707496462,0.001825138439,0.032124006367
0.099835590100,0.034301869974,0.001920922421,-0.031418122878
0.097208337700,0.033817828599,0.001912603168,-0.056906369170
0.094581085300,0.033438776496,0.001704966702,-0.052061109655
0.091953833000,0.033428320017,0.001637356168,-0.051240290767
0.089326580600,0.033165825513,0.001743387302,-0.036561238754
0.086699328200,0.032949686582,0.001835955953,0.010768462527
0.084072075900,0.032899075781,0.001757411871,0.044779128305
0.081444823500,0.033017205339,0.001531924626,0.028139690604
0.078817571100,0.033071770157,0.001536612351,0.005161210972
0.076190318700,0.033266574699,0.001658990316,-0.042635773261
0.073563066400,0.033560243670,0.001511321458,-0.088931847064
0.070935814000,0.033660920991,0.001458798752,-0.106979497468
0.068308561600,0.034057842165,0.001521398186,-0.112767234161
0.065681309300,0.034573321444,0.001542497654,-0.147997137023
0.063054056900,0.034994103369,0.001635131279,-0.118657266506
0.060426804500,0.035058900694,0.001870758315,-0.012516715037
0.057799552100,0.035010461972,0.002093273043,0.072700138820
0.055172299800,0.034957587687,0.002209073889,0.075141342485
0.052545047400,0.034792927327,0.002276021884,0.058372656406
0.049917795000,0.034551162225,0.002334736723,0.004457587171
0.047290542700,0.034382662495,0.002445513508,-0.056339062487
0.044663290300,0.033974388122,0.002411266749,-0.038124664413
0.042036037900,0.033725477791,0.002448734276,0.002268422447
0.039408785500,0.033559028585,0.002459344385,0.014674032300
0.036781533200,0.033217361718,0.002456038849,0.036855837980
0.034154280800,0.032809543825,0.002445653735,0.078323334739
0.031527028400,0.032450707982,0.002482424253,0.010241257011
0.028899776100,0.032440922887,0.002438650983,-0.066219570317
0.026272523700,0.032500919408,0.002283146393,-0.156115773149
0.023645271300,0.032090252319,0.002049241786,-0.341628490233
0.021018019000,0.031174262723,0.001853421871,0.163393180912
0.018390766600,0.032368089354,0.002074281585,0.226498049500
0.015763514200,0.032151128723,0.002133263685,0.007493776129
0.013136261800,0.031831289620,0.002051634403,0.016390189343
0.010509009500,0.031420924063,0.001943983650,0.045080201407
0.007881757100,0.031245542731,0.001884908039,0.053244656740
0.005254504700,0.031195624058,0.001703938234,-0.015746993770
0.002627252400,0.030616838275,0.001539982799,-0.499858811076
0.000000000000,0.025320384821,0.000944122146,-0.922122326287
