0.391460603250,0.007850612962,-0.001081440417,0.285025513899
0.388833350880,0.006666935805,-0.001372844939,0.754587583064
0.386206098510,0.007633267768,-0.001472912250,0.921731080717
0.383578846140,0.004850400094,-0.001387395672,-0.078986737765
0.380951593770,0.006929157837,-0.001253554345,-0.065052887188
0.378324341400,0.006106174993,-0.001004534363,0.307841887374
0.375697089030,0.006356962637,-0.000999677383,-0.164092921301
0.373069836660,0.006714943116,-0.001226696898,-0.529980696621
0.370442584290,0.008337057442,-0.001104953917,-0.397171533940
0.367815331920,0.007153768692,-0.001187063862,0.254194673510
0.365188079550,0.007388339752,-0.001265499436,0.274472157382
0.362560827170,0.007734314353,-0.001510241290,0.015053865315
0.359933574800,0.007849461927,-0.001742121812,-0.006434277664
0.357306322430,0.008041210542,-0.001793335977,-0.030744771156
0.354679070060,0.008207764503,-0.001770148585,-0.022110433620
0.352051817690,0.008509704464,-0.001823734501,0.053484331177
0.349424565320,0.008492276583,-0.001816239149,0.066212467197
0.346797312950,0.008355578106,-0.001965129631,0.027261435744
0.344170060580,0.008043967656,-0.002031949585,0.016444337973
0.341542808210,0.007847786249,-0.001973748703,-0.008447689572
0.338915555840,0.007618256953,-0.001957576951,-0.006364720099
0.336288303460,0.007230413429,-0.001868999214,0.036236120496
0.333661051090,0.006924769193,-0.001835031130,0.060534706686
0.331033798720,0.006702030751,-0.001691520949,0.058030587383
0.328406546350,0.006389055919,-0.001551875158,-0.018238635519
0.325779293980,0.006165534430,-0.001479139928,-0.088877346372
0.323152041610,0.006116124169,-0.001279316376,-0.085958711967
0.320524789240,0.006005265490,-0.000895673042,-0.082802181634
0.317897536870,0.005663771964,-0.000531081439,-0.102651362134
0.315270284500,0.005483510484,-0.000177880838,-0.085790036242
0.312643032100,0.005278160055,0.000127524263,-0.050490628134
0.310015779800,0.005101432743,0.000307412659,-0.025566523385
0.307388527400,0.005060518503,0.000497230042,-0.040476719135
0.304761275000,0.004983731615,0.000757084600,-0.032367801167
0.302134022600,0.004929657642,0.001100833585,-0.026119777992
0.299506770300,0.005019437205,0.001376447972,-0.063481337103
0.296879517900,0.005116180134,0.001487915211,-0.072885844468
0.294252265500,0.005098982419,0.001717770927,-0.055327576152
0.291625013200,0.005224560347,0.002080474055,-0.048873062458
0.288997760800,0.005238640773,0.002234707793,-0.031044424665
0.286370508400,0.005093792069,0.002397604099,0.022901303070
0.283743256000,0.004832983140,0.002467690890,0.080871736393
0.281116003700,0.004562466223,0.002577639170,0.043580747464
0.278488751300,0.004365813121,0.002575704468,0.028872729646
0.275861498900,0.004271978966,0.002547923567,0.026479765460
0.273234246600,0.004179294086,0.002594068900,0.012567539837
0.270606994200,0.004187622414,0.002562219247,0.017873726450
0.267979741800,0.004337310180,0.002573220766,0.017685975113
0.265352489400,0.004664315261,0.002646282558,0.029678012690
0.262725237100,0.004937538643,0.002639586493,0.036900757077
0.260097984700,0.005220382682,0.002553188432,0.008039961729
0.257470732300,0.005597077619,0.002564967189,-0.073093558596
0.254843480000,0.006017244443,0.002713415968,-0.128243656261
0.252216227600,0.006398515528,0.002876237956,-0.110498057546
0.249588975200,0.006573744683,0.002957930478,-0.068306128644
0.246961722900,0.006596272022,0.002806542524,0.047097172549
0.244334470500,0.006745224795,0.002608983435,0.158038349976
0.241707218100,0.006894671487,0.002449581658,0.171114456090
0.239079965700,0.007038425841,0.002369577262,0.117813431745
0.236452713400,0.007098469957,0.002216739505,0.039127514798
0.233825461000,0.007136036070,0.002009576800,-0.030082464320
0.231198208600,0.007001542588,0.001897490630,-0.050476606821
0.228570956300,0.006765972296,0.001761646908,-0.012646353634
0.225943703900,0.006497505116,0.001581175576,0.015537900247
0.223316451500,0.006188524349,0.001559406872,0.050666452655
0.220689199100,0.005925887047,0.001469089355,0.072351618961
0.218061946800,0.005726938211,0.001350362699,0.033534668088
0.215434694400,0.005725741714,0.001237373460,-0.008257109843
0.212807442000,0.005880447347,0.001211363795,-0.034668894533
0.210180189700,0.006065270851,0.001104651819,-0.058584539150
0.207552937300,0.006402098104,0.001003846334,-0.070404626144
0.204925684900,0.006801302436,0.000928030564,-0.065980583079
0.202298432500,0.007044366824,0.000890135786,-0.093730893561
0.199671180200,0.007185249670,0.001047614854,-0.112798178986
0.197043927800,0.007143272915,0.001232143959,-0.076454420147
0.194416675400,0.007052771854,0.001507381735,-0.018745177569
0.191789423100,0.006922163431,0.001701914362,-0.001129889258
0.189162170700,0.006838496757,0.001879231124,-0.002653307234
0.186534918300,0.006820656193,0.002023925023,0.059295348718
0.183907666000,0.006774775266,0.002042768513,0.161796328330
0.181280413600,0.006732161205,0.002078245888,0.256010049035
0.178653161200,0.006633178362,0.002162074953,0.278270731813
0.176025908800,0.006550945113,0.002611047108,0.320497979480
0.173398656500,0.006427192878,0.003109302462,0.356468612090
0.170771404100,0.006202572235,0.003250010759,0.342800048283
0.168144151700,0.006205259942,0.003227048969,0.321356129780
0.165516899400,0.006213646097,0.003198838976,0.279807046737
0.162889647000,0.006325693496,0.003076378082,0.232511886012
0.160262394600,0.006320120333,0.002979506460,0.118192039270
0.157635142200,0.006330447058,0.002944921995,0.056911345089
0.155007889900,0.006570427447,0.002995138784,0.063826323431
0.152380637500,0.006895911163,0.003051959710,0.088230372234
0.149753385100,0.007098264192,0.003000911542,0.052843385517
0.147126132800,0.007212079787,0.002922116280,-0.081713601406
0.144498880400,0.007311204395,0.002959063569,-0.221027518708
0.141871628000,0.007253476387,0.002981615202,-0.278021976458
0.139244375600,0.007191159248,0.003033002507,-0.292433935177
0.136617123300,0.007087467775,0.003111671750,-0.245002977062
0.133989870900,0.006962909283,0.003190054979,-0.210892180456
0.131362618500,0.006864971368,0.003545518388,-0.177991878564
0.128735366200,0.006725754400,0.003869708876,-0.110646183035
0.126108113800,0.006591562403,0.004002166091,-0.061748737068
0.123480861400,0.006602457537,0.004310941548,-0.005676546491
0.120853609000,0.006441179151,0.004659496771,0.062764763135
0.118226356700,0.006139777310,0.004812610512,0.082120706233
0.115599104300,0.005961530951,0.005034830753,0.091066471440
0.112971851900,0.005930265009,0.005255888440,0.127780242658
0.110344599600,0.005858158099,0.005584525303,0.098976284302
0.107717347200,0.005924758601,0.005674053084,0.070708522396
0.105090094800,0.006007581276,0.005758773470,-0.055272616323
0.102462842500,0.006933314399,0.005847204044,-0.001041005117
0.099835590100,0.006723485763,0.006148744370,0.124731618756
0.097208337700,0.006800089106,0.006293638529,-0.008664423938
0.094581085300,0.006920884609,0.006331762855,0.022009294203
0.091953833000,0.007036437571,0.006513155808,-0.002310055226
0.089326580600,0.007000688676,0.006433532368,-0.091805174433
0.086699328200,0.006718274858,0.006366113653,-0.158249841063
0.084072075900,0.006499864036,0.006102897268,-0.229820124768
0.081444823500,0.006387974953,0.005876784784,-0.247716267035
0.078817571100,0.006137946316,0.005612236552,-0.169226132192
0.076190318700,0.006000516243,0.005259436293,-0.033104333293
0.073563066400,0.005880251743,0.005035571075,0.052633340937
0.070935814000,0.006030019293,0.004845497091,0.143366368881
0.068308561600,0.006077698309,0.005076477112,0.343343153351
0.065681309300,0.005879592348,0.005208673097,0.589620684542
0.063054056900,0.005654143685,0.005219123234,0.631163353850
0.060426804500,0.005416193731,0.005116377197,0.513289407262
0.057799552100,0.004835227036,0.004943336450,0.398801312254
0.055172299800,0.004379970696,0.004986541735,0.318666347576
0.052545047400,0.004053079589,0.005119320279,0.327147745460
0.049917795000,0.003966193007,0.005097002708,0.341782864360
0.047290542700,0.003785011232,0.005219213902,0.329036873102
0.044663290300,0.003438570265,0.005279152052,0.259791507802
0.042036037900,0.003246684700,0.005110224996,0.199832911475
0.039408785500,0.003024437000,0.004870896728,0.128935534135
0.036781533200,0.002607696512,0.004655217068,0.085286060311
0.034154280800,0.002137996803,0.004599275961,0.101981405933
0.031527028400,0.001983831667,0.004471779121,0.064996534803
0.028899776100,0.001859364568,0.004228622005,0.071532903048
0.026272523700,0.001529786016,0.003957075116,0.033935124869
0.023645271300,0.000737788739,0.003607808552,-0.253491902868
0.021018019000,0.000302324364,0.003314929696,0.048885052900
0.018390766600,0.000275957598,0.002965923763,0.316669840309
0.015763514200,0.000137703316,0.002684679764,0.043241228417
0.013136261800,0.000098775162,0.002444505587,0.080116424225
0.010509009500,0.000224384004,0.002334573976,0.065322769512
0.007881757100,0.000395555303,0.002106933137,0.024296526218
0.005254504700,0.000607805297,0.001856349931,-0.081881071531
0.002627252400,0.000677758442,0.001605122440,-1.068064015671
0.000000000000,0.000585335673,0.001296233352,-2.020119831161
