0.391460603250,0.054374605961,-0.000115497765,0.772280377812
0.388833350880,0.054049996380,0.000503120906,1.107141930810
0.386206098510,0.054004922470,0.000905862365,0.368431307867
0.383578846140,0.056576553373,0.000993399957,-0.539909829104
0.380951593770,0.057742686214,0.001167026200,-0.240662123584
0.378324341400,0.057019552031,0.000985312406,0.109194256665
0.375697089030,0.055628803682,0.001014369182,0.542464184058
0.373069836660,0.056293428258,0.001003648179,0.530090321076
0.370442584290,0.055506861889,0.000919210120,0.042980861438
0.367815331920,0.059358628203,0.000766873267,-0.372846574354
0.365188079550,0.060258938402,0.000798457875,-0.231085850432
0.362560827170,0.060727991508,0.000704640520,-0.242604036564
0.359933574800,0.061158940235,0.000708186600,-0.164062246709
0.357306322430,0.061313265220,0.000412121068,-0.068126806312
0.354679070060,0.061837136910,-0.000085151498,-0.045577615869
0.352051817690,0.062183281231,-0.000352162847,0.028169148279
0.349424565320,0.062295567126,-0.000617652474,0.424024635576
0.346797312950,0.061012430053,-0.001149751328,0.112416177737
0.344170060580,0.061630707278,-0.001438632474,-0.175290000514
0.341542808210,0.061457343957,-0.001481851784,-0.074897029347
0.338915555840,0.062181666696,-0.001840155744,-0.203914694922
0.336288303460,0.062214938366,-0.001758604827,-0.098111950585
0.333661051090,0.062071812211,-0.001408315113,-0.072436217248
0.331033798720,0.061852706577,-0.001029275209,-0.067420641883
0.328406546350,0.060735454319,-0.000561323285,-0.024621750728
0.325779293980,0.061350115033,-0.000230542082,0.045630818007
0.323152041610,0.061243459342,-0.000132472976,0.047887775771
0.320524789240,0.060978265288,-0.000163276016,0.090970959913
0.317897536870,0.060761415736,-0.000147928815,-0.065627401526
0.315270284500,0.060963838393,-0.000203936992,-0.155565018401
0.312643032100,0.060920569040,0.000019454420,-0.005738206523
0.310015779800,0.060930907532,0.000443403664,-0.010736923089
0.307388527400,0.060903664651,0.000812634897,-0.026830800015
0.304761275000,0.060851214690,0.001241202883,-0.076820768153
0.302134022600,0.060663836295,0.001689473048,-0.098892213440
0.299506770300,0.060434967717,0.002021099739,-0.037867834347
0.296879517900,0.060121009893,0.002231396818,-0.027507650664
0.294252265500,0.059811282329,0.002336008924,-0.069068061470
0.291625013200,0.059572034362,0.002261838276,-0.068102129675
0.288997760800,0.059391711547,0.002119502213,-0.055019741743
0.286370508400,0.059308024872,0.002077731028,-0.039894362221
0.283743256000,0.059290155416,0.001985631407,-0.023936594120
0.281116003700,0.059414378678,0.001845290393,0.021236200825
0.278488751300,0.059499422825,0.001947318268,0.072922316777
0.275861498900,0.059609611116,0.002055594581,0.058471636675
0.273234246600,0.059643548075,0.002323804853,-0.023739734643
0.270606994200,0.059725945214,0.002584148884,-0.084920307220
0.267979741800,0.059917124836,0.002873299143,-0.096789463574
0.265352489400,0.060028125781,0.003050452525,-0.076556703232
0.262725237100,0.060139027433,0.003093398281,-0.069864889982
0.260097984700,0.060124281594,0.003170381733,-0.044901699645
0.257470732300,0.060179271074,0.003165400259,-0.031429329769
0.254843480000,0.060254238649,0.003082992097,-0.012494606146
0.252216227600,0.060211898844,0.002928569210,0.014374950355
0.249588975200,0.060212884238,0.002906151240,0.033745629772
0.246961722900,0.060233280073,0.002849748453,0.100010755664
0.244334470500,0.060112245708,0.002775413634,0.170328993369
0.241707218100,0.059875166049,0.002699539083,0.146149826041
0.239079965700,0.059682248905,0.002799819612,0.073895505606
0.236452713400,0.059645056347,0.002802741622,-0.001181010936
0.233825461000,0.059646955469,0.002714807769,-0.053077122280
0.231198208600,0.059542100114,0.002629230620,-0.084459148114
0.228570956300,0.059557183121,0.002519513845,-0.121111645025
0.225943703900,0.059495951906,0.002353741130,-0.117517334942
0.223316451500,0.059409976209,0.002136712327,-0.087372552062
0.220689199100,0.059216421664,0.001993503667,-0.015795281870
0.218061946800,0.058952988342,0.001922909329,0.034413727053
0.215434694400,0.058756408930,0.001827392149,0.048999465475
0.212807442000,0.058733113094,0.001859532389,0.072049421323
0.210180189700,0.058674423067,0.001856767079,0.063444304922
0.207552937300,0.058628511984,0.001769630425,0.044574605106
0.204925684900,0.058681531117,0.001711744817,0.048081217128
0.202298432500,0.058904260080,0.001641072382,0.059943944130
0.199671180200,0.059002270219,0.001648993152,0.066681037349
0.197043927800,0.059185336893,0.001713959268,0.031836453038
0.194416675400,0.059310360972,0.001747009934,0.033373454349
0.191789423100,0.059199308417,0.001889111777,0.071499578351
0.189162170700,0.059022465891,0.001983252346,0.115981969611
0.186534918300,0.058848889028,0.002114313145,0.160168514923
0.183907666000,0.058687670627,0.002361535615,0.132309474454
0.181280413600,0.058621558660,0.002549371471,0.100899785783
0.178653161200,0.058540397101,0.002742195559,0.088575446554
0.176025908800,0.058533226708,0.002846219840,0.080428154077
0.173398656500,0.058653886398,0.003124398159,0.090535141228
0.170771404100,0.058796886096,0.003286191506,0.084677837368
0.168144151700,0.059001286111,0.003339052636,0.090023769535
0.165516899400,0.059102062918,0.003404159259,0.094379372341
0.162889647000,0.059076019524,0.003393614768,0.133283977703
0.160262394600,0.059044997684,0.003347072518,0.224438123101
0.157635142200,0.059109969243,0.003242880600,0.326183491197
0.155007889900,0.059197545323,0.003316867712,0.372978134052
0.152380637500,0.059434586689,0.003324877921,0.343541410105
0.149753385100,0.059807176100,0.003307654467,0.282542035056
0.147126132800,0.060156130077,0.003335914446,0.236628678342
0.144498880400,0.060570646421,0.003157971021,0.151003208264
0.141871628000,0.060930599542,0.003231506341,0.075601672391
0.139244375600,0.061171004504,0.003203425147,0.063209023167
0.136617123300,0.061092118930,0.002954616733,-0.003512241642
0.133989870900,0.061099622735,0.002748049092,-0.085375867397
0.131362618500,0.061111397458,0.002590307035,-0.099883569371
0.128735366200,0.060988835335,0.002355429557,-0.100205020657
0.126108113800,0.060903191470,0.002410705441,-0.042433366389
0.123480861400,0.060650843679,0.002521842190,0.009259868370
0.120853609000,0.060314935520,0.002645327129,-0.001529312875
0.118226356700,0.059924936464,0.002911446440,-0.011323256446
0.115599104300,0.059325139022,0.003131758672,-0.024706628398
0.112971851900,0.058848580321,0.003263227878,-0.075712100465
0.110344599600,0.058328117850,0.003464858723,-0.136437058616
0.107717347200,0.057958618750,0.003707220032,-0.197623685645
0.105090094800,0.057424837938,0.003709532184,-0.233397257934
0.102462842500,0.057033305609,0.003852645324,-0.190667079687
0.099835590100,0.057015082827,0.004132755488,-0.121404321703
0.097208337700,0.057053733895,0.004429638537,-0.112120597809
0.094581085300,0.057258665443,0.004474915519,-0.083125402981
0.091953833000,0.057430860059,0.004483314781,-0.046475253176
0.089326580600,0.057726847767,0.004709895872,0.011000777156
0.086699328200,0.058052113234,0.004825262251,0.024331778626
0.084072075900,0.058200974504,0.004851691146,0.001512555320
0.081444823500,0.058436165920,0.004958576008,-0.029481704516
0.078817571100,0.058538285597,0.005030704465,-0.069524608417
0.076190318700,0.058414273222,0.005103905874,-0.105568840251
0.073563066400,0.058219181825,0.004971003159,-0.123925186503
0.070935814000,0.058149170481,0.004896194393,-0.115682810359
0.068308561600,0.057915273974,0.004994399327,-0.082262999182
0.065681309300,0.057658059377,0.004977270654,-0.048596516224
0.063054056900,0.057445689427,0.004980100215,0.004596810808
0.060426804500,0.057236166278,0.005030532604,-0.013738490338
0.057799552100,0.057039953993,0.005130801244,-0.071901432879
0.055172299800,0.056805161188,0.005187758084,-0.100629583573
0.052545047400,0.056597391517,0.005076787549,-0.090453537863
0.049917795000,0.056512017158,0.004874954573,-0.071310389064
0.047290542700,0.056395652427,0.004915179832,0.016385486499
0.044663290300,0.056374954009,0.004965320381,0.094050974293
0.042036037900,0.056466828314,0.004967000285,0.139796597395
0.039408785500,0.056436398741,0.004687019028,0.143085065403
0.036781533200,0.056452086376,0.004428045109,0.177591615364
0.034154280800,0.056484642720,0.004050833859,0.234783768968
0.031527028400,0.056636324479,0.003957374017,0.248175308604
0.028899776100,0.056664599032,0.003917749000,0.271230635824
0.026272523700,0.056667206148,0.003763902409,0.348672236368
0.023645271300,0.056458212616,0.003239984109,0.367902906314
0.021018019000,0.056081591733,0.003008069933,0.232930493508
0.018390766600,0.055658928221,0.002854677007,0.166809181689
0.015763514200,0.055205694855,0.002658701118,0.112062255904
0.013136261800,0.054964196794,0.002543313787,0.010074778608
0.010509009500,0.054804247199,0.002337350019,-0.067428811995
0.007881757100,0.054678021637,0.002041596034,-0.126550223802
0.005254504700,0.054628302485,0.001635079297,-0.147039930782
0.002627252400,0.054890483279,0.001206102393,0.054268332695
0.000000000000,0.053141999145,0.000851522124,0.224319742538
