0.391460603250,0.008690939630,-0.000437230650,0.682475001577
0.388833350880,0.009130480820,-0.000160090736,0.698974886150
0.386206098510,0.008614211158,0.000074599555,0.298147183123
0.383578846140,0.007987206207,0.000536948964,-0.267749483361
0.380951593770,0.008069684351,0.000747303887,0.083373770162
0.378324341400,0.007408713358,0.000929216308,0.518336040590
0.375697089030,0.009373328876,0.001138032147,0.268526158032
0.373069836660,0.009097391150,0.001156507380,-0.032801276166
0.370442584290,0.009595726334,0.001171482906,-0.120897301497
0.367815331920,0.009443674574,0.001195999868,-0.164341687213
0.365188079550,0.009948705438,0.001147370915,0.133410542847
0.362560827170,0.010007283476,0.001104151682,0.169858987171
0.359933574800,0.010089413676,0.001002487210,-0.097139211626
0.357306322430,0.010251991891,0.000741906638,-0.062984594284
0.354679070060,0.010450528464,0.000422602705,-0.113230462971
0.352051817690,0.010879671082,0.000263905515,0.133469921955
0.349424565320,0.010676903828,0.000118944594,0.201496205169
0.346797312950,0.010749339671,-0.000194791806,0.051184379410
0.344170060580,0.010608692729,-0.000583229012,0.008734108978
0.341542808210,0.010396062750,-0.000769679825,-0.008897169436
0.338915555840,0.010221645173,-0.000950879454,-0.021007756871
0.336288303460,0.010094881592,-0.001184393876,-0.027788775324
0.333661051090,0.009963439114,-0.001205967863,-0.009578443316
0.331033798720,0.009851111533,-0.001138206207,-0.004309450926
0.328406546350,0.009639686643,-0.000977285877,0.048796222074
0.325779293980,0.009555436657,-0.000857850058,0.113465243732
0.323152041610,0.009494186007,-0.000693196044,0.120438985997
0.320524789240,0.009300604916,-0.000631811296,0.067349342482
0.317897536870,0.009110094209,-0.000488440395,0.028623623680
0.315270284500,0.009113968901,-0.000161642293,-0.003646318100
0.312643032100,0.009052594509,-0.000135548997,-0.036416353500
0.310015779800,0.008910993674,0.000144265360,-0.090322924510
0.307388527400,0.008784713831,0.000468776748,-0.029683451640
0.304761275000,0.008665735137,0.000892252531,0.035271175189
0.302134022600,0.008564330431,0.001245262611,0.062682670795
0.299506770300,0.008527511934,0.001525268216,0.025086952623
0.296879517900,0.008430958564,0.001733840489,0.008246910043
0.294252265500,0.008233653182,0.001785321475,-0.032454310788
0.291625013200,0.007961914059,0.001748729078,-0.073562282535
0.288997760800,0.007608133090,0.001733068755,-0.076374166999
0.286370508400,0.007220857206,0.001506745951,-0.003109127703
0.283743256000,0.007070033664,0.001493194942,0.090021856794
0.281116003700,0.007019863271,0.001598995680,0.152966596917
0.278488751300,0.006953578193,0.001584919050,0.209045362472
0.275861498900,0.006921975197,0.001545228357,0.193305177031
0.273234246600,0.006841220514,0.001616353697,0.125747969964
0.270606994200,0.006810640220,0.001878873767,0.058472939491
0.267979741800,0.006906596239,0.002200038164,-0.035092579491
0.265352489400,0.007103933170,0.002407078000,-0.101836620968
0.262725237100,0.007245374958,0.002611267284,-0.119483770660
0.260097984700,0.007563595954,0.002569509287,-0.138351201879
0.257470732300,0.007881757487,0.002534589692,-0.145111548601
0.254843480000,0.007997541753,0.002512421950,-0.093266501290
0.252216227600,0.008029493334,0.002403624395,0.030635156979
0.249588975200,0.008027636251,0.002262422904,0.125388502168
0.246961722900,0.008096764297,0.002213142646,0.156770604333
0.244334470500,0.008103884593,0.002296686720,0.145605384562
0.241707218100,0.007956056259,0.002488490394,0.107272971931
0.239079965700,0.007846347472,0.002588506061,0.045758750273
0.236452713400,0.007961414644,0.002622210122,-0.009758853886
0.233825461000,0.008165208871,0.002721671193,-0.051465056246
0.231198208600,0.008291910621,0.002893654740,-0.072812380424
0.228570956300,0.008505696650,0.002975745546,-0.077811162000
0.225943703900,0.008658606387,0.002841901186,-0.093902909233
0.223316451500,0.008705238444,0.002592788375,-0.118555882491
0.220689199100,0.008692316400,0.002482554343,-0.124470854167
0.218061946800,0.008786939626,0.002494134021,-0.105765552781
0.215434694400,0.008767702938,0.002257274580,-0.057135251692
0.212807442000,0.008507350670,0.002216021201,-0.031578642161
0.210180189700,0.008360266745,0.002245926258,-0.024075547042
0.207552937300,0.008284694145,0.002250937816,0.024724534001
0.204925684900,0.008246430836,0.002241318121,0.086806152152
0.202298432500,0.008315348736,0.002258312951,0.110744145456
0.199671180200,0.008544189950,0.002513265047,0.119281543444
0.197043927800,0.008801456327,0.002550158867,0.142249505491
0.194416675400,0.009113359729,0.002649791368,0.174129488274
0.191789423100,0.009186849279,0.002840264467,0.156780252643
0.189162170700,0.009216976850,0.003017029954,0.121600829578
0.186534918300,0.009257503261,0.003187659247,0.088353069159
0.183907666000,0.009267835193,0.003357844193,0.122407175425
0.181280413600,0.009285839351,0.003542504371,0.116837659455
0.178653161200,0.009283011889,0.003683764930,0.094695718790
0.176025908800,0.009392352770,0.003946293229,0.103842594305
0.173398656500,0.009450731570,0.004176836243,0.073895268065
0.170771404100,0.009480737131,0.004320498023,0.017202239618
0.168144151700,0.009506094165,0.004473133383,0.020566677722
0.165516899400,0.009404901154,0.004746184123,0.058690572323
0.162889647000,0.009232945261,0.004895038616,0.057114565096
0.160262394600,0.009061031601,0.004897799036,0.057569694837
0.157635142200,0.008932302620,0.004825975103,0.125522581169
0.155007889900,0.008883223030,0.004865799312,0.191540984444
0.152380637500,0.008872315932,0.004971104472,0.215647539362
0.149753385100,0.008958829418,0.004991950414,0.190680760594
0.147126132800,0.009005662474,0.004933121531,0.151624438447
0.144498880400,0.009046141727,0.004894915187,0.153051911207
0.141871628000,0.009155070662,0.004946711425,0.135648846990
0.139244375600,0.009373168560,0.004767576060,0.098585960194
0.136617123300,0.009585526354,0.004400938812,0.055754782693
0.133989870900,0.009761464390,0.004010267151,-0.011117477027
0.131362618500,0.009790938331,0.003628875687,-0.068009795878
0.128735366200,0.009729777281,0.003159873216,-0.150098288375
0.126108113800,0.009589189682,0.002932981390,-0.256489224512
0.123480861400,0.009496384416,0.002748518489,0.134058266054
0.120853609000,0.009219608422,0.002731599679,0.348380540539
0.118226356700,0.009010638742,0.002732397095,0.080898915196
0.115599104300,0.008748311572,0.002909050642,0.014435853571
0.112971851900,0.008420695653,0.003222493683,-0.067048657777
0.110344599600,0.008196151795,0.003542564647,-0.098017072314
0.107717347200,0.007951633362,0.003686382724,-0.100819628934
0.105090094800,0.007590734418,0.003913858970,-0.140054042453
0.102462842500,0.007173239111,0.004152224354,-0.169361380359
0.099835590100,0.006788074655,0.004312567467,-0.165367072179
0.097208337700,0.006541622698,0.004327932784,-0.126432493979
0.094581085300,0.006581316343,0.004372426438,-0.096396091269
0.091953833000,0.006794876766,0.004445961672,-0.087199563332
0.089326580600,0.007111109354,0.004642083234,-0.033362980121
0.086699328200,0.007374245655,0.004827761204,0.019105878147
0.084072075900,0.007863263982,0.005043927960,0.010161904498
0.081444823500,0.008341202064,0.005102542295,-0.053211932239
0.078817571100,0.008433215668,0.005272462461,-0.146461055857
0.076190318700,0.008467165755,0.005495200862,-0.192140099707
0.073563066400,0.008303914606,0.005513499837,-0.198636355637
0.070935814000,0.008070788729,0.005605521651,-0.215757738380
0.068308561600,0.007941840620,0.005474540743,-0.207695327024
0.065681309300,0.008010126589,0.005429427742,-0.183983423169
0.063054056900,0.007873786217,0.005427574484,-0.117642047377
0.060426804500,0.007749216628,0.005435301162,-0.003712419374
0.057799552100,0.007827630497,0.005370329533,0.009970369200
0.055172299800,0.007689331656,0.005266850132,-0.018712296358
0.052545047400,0.007562139023,0.005172451815,-0.032362619798
0.049917795000,0.007300463470,0.005215356348,-0.023902350162
0.047290542700,0.007066394440,0.005115553923,-0.081368338813
0.044663290300,0.006779871222,0.005175487364,-0.152706536221
0.042036037900,0.006351396700,0.005088510715,-0.117433032128
0.039408785500,0.006069210300,0.005038723619,-0.090099426068
0.036781533200,0.005932100397,0.004981270953,-0.001586257113
0.034154280800,0.005849255163,0.004814953243,0.088598761825
0.031527028400,0.005770662359,0.004717150459,0.112335655975
0.028899776100,0.005502543713,0.004567678591,0.138545281730
0.026272523700,0.005237506833,0.004416591751,0.129194515862
0.023645271300,0.003728188444,0.004139353067,-0.022378434784
0.021018019000,0.003572474328,0.003721118736,0.322565213874
0.018390766600,0.004142765308,0.003600227811,0.559531430233
0.015763514200,0.004024882969,0.003438210193,0.296048746027
0.013136261800,0.003690971656,0.003283870437,0.145146623702
0.010509009500,0.003387414145,0.003257292230,0.014244032895
0.007881757100,0.003127599844,0.003161016694,-0.109752109127
0.005254504700,0.002926288993,0.002911350984,-0.323074316195
0.002627252400,0.003207934972,0.002532540635,-2.455284857737
0.000000000000,0.003745251917,0.001764303002,-4.374786400568
