0.391460603250,-0.030389633176,0.000156920287,0.764855228627
0.388833350880,-0.029366849702,0.000490816143,0.603243628445
0.386206098510,-0.029312002906,0.000676028076,0.384858546077
0.383578846140,-0.030070060395,0.000824338326,-0.173098784555
0.380951593770,-0.031694696259,0.001042703172,-0.269118077318
0.378324341400,-0.031962224719,0.001449819670,0.381575412165
0.375697089030,-0.032374731928,0.001326533021,0.280872994727
0.373069836660,-0.032854860610,0.001337918502,0.066856009088
0.370442584290,-0.033528695272,0.001259418693,0.347626166497
0.367815331920,-0.032882248049,0.001325640636,0.104603167192
0.365188079550,-0.033534269088,0.001465302768,-0.069615059975
0.362560827170,-0.034116582665,0.001550489095,-0.110349965441
0.359933574800,-0.034257424553,0.001673560435,-0.079981735795
0.357306322430,-0.034101040617,0.001847865192,-0.026674764150
0.354679070060,-0.033696017638,0.001950352668,-0.055984816295
0.352051817690,-0.033312458867,0.002168031260,-0.056105309334
0.349424565320,-0.032748971812,0.002379794039,0.025637594365
0.346797312950,-0.032542937924,0.002295459545,-0.071082995589
0.344170060580,-0.032443764101,0.002454251184,-0.243702316629
0.341542808210,-0.032451505672,0.002340661841,-0.077069211714
0.338915555840,-0.032508955040,0.002195373052,0.048250602994
0.336288303460,-0.032638681639,0.002037225065,-0.006742561048
0.333661051090,-0.032850813789,0.001836861251,0.065686446169
0.331033798720,-0.033127750830,0.001530019977,0.056359022516
0.328406546350,-0.033392831323,0.001369456434,0.038855023104
0.325779293980,-0.033555634401,0.001349534311,0.111245487387
0.323152041610,-0.033695253823,0.001379635263,0.160660774532
0.320524789240,-0.033865962177,0.001373572425,0.168141321040
0.317897536870,-0.034121772489,0.001471155949,0.082759060503
0.315270284500,-0.034134693562,0.001684501236,0.047238730046
0.312643032100,-0.034156686034,0.001661877527,0.093888717650
0.310015779800,-0.034178352855,0.001648115552,0.072092574294
0.307388527400,-0.034219027805,0.001733150764,0.025249788019
0.304761275000,-0.034376700237,0.001707198654,0.031754165874
0.302134022600,-0.034554568612,0.001594920843,0.059638257884
0.299506770300,-0.034911446040,0.001648452054,0.068741009291
0.296879517900,-0.035038794274,0.001757151805,0.087915192765
0.294252265500,-0.035083558733,0.001790863340,0.129067061883
0.291625013200,-0.035119687278,0.001967664966,0.130653255324
0.288997760800,-0.035203452430,0.002051014294,0.132574409572
0.286370508400,-0.035278002340,0.002259625713,0.119401870713
0.283743256000,-0.035235764803,0.002372341228,-0.157338327061
0.281116003700,-0.035251333693,0.002334509785,0.115034093633
0.278488751300,-0.035281656314,0.002369405921,0.327900750504
0.275861498900,-0.035409977557,0.002554930808,0.068341675963
0.273234246600,-0.035497579058,0.002572267355,0.081016573891
0.270606994200,-0.035588452264,0.002522981799,0.077676398778
0.267979741800,-0.035562674328,0.002546505159,0.103871621335
0.265352489400,-0.035405866335,0.002569437265,0.111986544922
0.262725237100,-0.035138021430,0.002678879805,0.070839310458
0.260097984700,-0.034828064269,0.002698117449,0.009533692972
0.257470732300,-0.034541417892,0.002614218683,-0.049381703770
0.254843480000,-0.034302701070,0.002542554686,-0.071619962243
0.252216227600,-0.034127122261,0.002557902152,-0.059651057889
0.249588975200,-0.034043346579,0.002552993454,-0.020801700620
0.246961722900,-0.034124310737,0.002410323131,0.034416378120
0.244334470500,-0.034259266999,0.002239783656,0.054800364926
0.241707218100,-0.034330383355,0.002009540835,0.049202641980
0.239079965700,-0.034452835564,0.001818642792,0.066328671853
0.236452713400,-0.034713879510,0.001744589444,0.054977789329
0.233825461000,-0.034926691832,0.001655083839,-0.001129016158
0.231198208600,-0.035007272774,0.001549792444,-0.040869725579
0.228570956300,-0.035005736366,0.001365175890,-0.000633110977
0.225943703900,-0.035070670949,0.001221969354,0.035747642911
0.223316451500,-0.035156298793,0.001091422749,0.020330333061
0.220689199100,-0.035128081541,0.000922329858,0.030686794647
0.218061946800,-0.035030783299,0.000602384247,0.093077982433
0.215434694400,-0.035011363601,0.000333447223,0.153950657586
0.212807442000,-0.035001617868,0.000290049297,0.197773833995
0.210180189700,-0.034933435612,0.000399742476,0.202944375322
0.207552937300,-0.034845931481,0.000434257296,0.175981153215
0.204925684900,-0.034749556876,0.000484628517,0.164482607424
0.202298432500,-0.034654939175,0.000647256032,0.144985955651
0.199671180200,-0.034617505141,0.000910480831,0.099800273247
0.197043927800,-0.034539662696,0.001064422410,0.086954790643
0.194416675400,-0.034321565217,0.001258518179,0.073557027110
0.191789423100,-0.034168671902,0.001580190092,0.076350358429
0.189162170700,-0.034009107026,0.001890530322,0.114321524874
0.186534918300,-0.033904501789,0.002166131157,0.086844870890
0.183907666000,-0.033922635771,0.002455506922,0.057117924518
0.181280413600,-0.033922729828,0.002735372861,0.039646001108
0.178653161200,-0.033868977630,0.002916018989,0.056101205788
0.176025908800,-0.033899139261,0.003249786742,0.081754503703
0.173398656500,-0.034007737829,0.003408502707,0.078619787965
0.170771404100,-0.034035105583,0.003558024339,0.073691553022
0.168144151700,-0.033988166586,0.003855019012,0.094381686278
0.165516899400,-0.034000224255,0.004037375387,0.083237595219
0.162889647000,-0.034052740877,0.004062691254,0.076210639278
0.160262394600,-0.034283585170,0.004105992124,0.084238886142
0.157635142200,-0.034435621952,0.004086913724,0.054958363659
0.155007889900,-0.034486879089,0.004030476812,0.033379657610
0.152380637500,-0.034459137856,0.003917294591,0.033911662797
0.149753385100,-0.034485118096,0.003648625669,0.000714009063
0.147126132800,-0.034632149355,0.003382670214,-0.004151503038
0.144498880400,-0.034658246627,0.003239542136,0.023825362741
0.141871628000,-0.034609879581,0.003203551569,0.082093996086
0.139244375600,-0.034467266636,0.003235250243,0.091680635754
0.136617123300,-0.034315427100,0.003169327233,0.027110149093
0.133989870900,-0.034179578271,0.003026061452,-0.062326347727
0.131362618500,-0.033922347168,0.002991415857,-0.080993722917
0.128735366200,-0.033616994786,0.002965872665,-0.091961298997
0.126108113800,-0.033429304452,0.002915777783,-0.089333262632
0.123480861400,-0.033445979091,0.002801553909,-0.058230348667
0.120853609000,-0.033548753296,0.002512399342,-0.054691209881
0.118226356700,-0.033601095304,0.002349297016,-0.080974400817
0.115599104300,-0.033751074357,0.002268278431,-0.070243767384
0.112971851900,-0.033901389862,0.002066035764,-0.059367346730
0.110344599600,-0.034259665188,0.001956084903,-0.056788844698
0.107717347200,-0.034733555497,0.001792242560,-0.017728803542
0.105090094800,-0.034993128356,0.001834293996,0.026042651747
0.102462842500,-0.035357838752,0.001767521096,0.072453919325
0.099835590100,-0.035794690817,0.001743975089,0.065407673628
0.097208337700,-0.036166279865,0.001694279013,0.002229924712
0.094581085300,-0.036503694934,0.001736200519,-0.026560795109
0.091953833000,-0.036850396330,0.001740539120,-0.001545219682
0.089326580600,-0.036993602230,0.001913979114,0.005712899862
0.086699328200,-0.037247160710,0.002070061447,0.016732388764
0.084072075900,-0.037359864512,0.002102286280,0.013705839878
0.081444823500,-0.037293215207,0.002104528002,0.027145651773
0.078817571100,-0.037254403982,0.002040137061,0.096437358189
0.076190318700,-0.037105826524,0.002051511726,0.121250621927
0.073563066400,-0.036906567235,0.002112851105,0.060102831571
0.070935814000,-0.036678554128,0.002155669117,0.040413916690
0.068308561600,-0.036290820913,0.002175648612,0.029163752388
0.065681309300,-0.035963733717,0.002353153185,-0.014290257587
0.063054056900,-0.035597912457,0.002582101501,0.019914647178
0.060426804500,-0.035446241960,0.002677064729,0.029118430329
0.057799552100,-0.035264274119,0.002723162075,0.064088767020
0.055172299800,-0.035336223673,0.002685138322,0.158980462085
0.052545047400,-0.035486093617,0.002699649913,0.213186869395
0.049917795000,-0.035537424346,0.002785667618,0.133743059575
0.047290542700,-0.035679461808,0.002682499615,0.004840193698
0.044663290300,-0.035928646529,0.002765555990,-0.061357912957
0.042036037900,-0.036063992100,0.002863197217,-0.061587321574
0.039408785500,-0.036348385949,0.002914571366,-0.068975273878
0.036781533200,-0.036873222225,0.003136871204,-0.052873947832
0.034154280800,-0.037203896587,0.003103449206,-0.036829985059
0.031527028400,-0.037420398534,0.003011427908,-0.020241615243
0.028899776100,-0.037818175782,0.002961552358,0.013882492039
0.026272523700,-0.038071788838,0.002810747389,-0.420971864837
0.023645271300,-0.038322834633,0.002157357395,-0.878604247004
0.021018019000,-0.038308617669,0.002078596130,0.518620806430
0.018390766600,-0.038268654618,0.002655446643,0.936431034067
0.015763514200,-0.038354991099,0.002768052346,-0.065460851917
0.013136261800,-0.038696022799,0.002636801914,-0.093500903641
0.010509009500,-0.038977219967,0.002693796625,-0.127648184613
0.007881757100,-0.039072471646,0.002599523356,-0.137219929405
0.005254504700,-0.039217578692,0.002420882672,-0.161689948791
0.002627252400,-0.038021474917,0.002212340310,-0.952427267912
0.000000000000,-0.032179097608,0.001794977736,-1.746720158222
