0.391460603250,-0.021440974885,-0.001208261145,0.061388306835
0.388833350880,-0.022286648239,-0.001327861158,-0.144512546159
0.386206098510,-0.022158400071,-0.001031472704,-0.177129153144
0.383578846140,-0.022619649807,-0.000563856151,0.335272308551
0.380951593770,-0.022848378430,-0.000189454910,0.602003854604
0.378324341400,-0.022946982657,0.000067147376,0.271570676468
0.375697089030,-0.022884869403,0.000058584822,-0.255285526013
0.373069836660,-0.021942090438,-0.000105134959,-0.157211077289
0.370442584290,-0.022616771853,-0.000173667358,0.186404330419
0.367815331920,-0.022538524524,-0.000217077171,0.117490376523
0.365188079550,-0.022446005130,-0.000290146160,0.008927650868
0.362560827170,-0.022904151443,-0.000362214491,-0.014925401803
0.359933574800,-0.022796826081,-0.000656424596,-0.013786119680
0.357306322430,-0.022568047288,-0.000969049942,-0.022309723805
0.354679070060,-0.022587383074,-0.001120200557,0.002413306794
0.352051817690,-0.022542323130,-0.001173135290,0.117432077885
0.349424565320,-0.022552364256,-0.001267936586,0.145888498263
0.346797312950,-0.022711077974,-0.001511888742,0.081670011443
0.344170060580,-0.023014757714,-0.001628338870,0.047181854055
0.341542808210,-0.023239496122,-0.001658606052,0.006160900271
0.338915555840,-0.023580734571,-0.001536607682,-0.040782658396
0.336288303460,-0.023942294059,-0.001309097983,-0.084274595819
0.333661051090,-0.024189763115,-0.001110776012,-0.089412697624
0.331033798720,-0.024437799472,-0.000892328919,-0.054830364930
0.328406546350,-0.024685105090,-0.000668364799,0.019704450740
0.325779293980,-0.024865890985,-0.000414394227,0.011648141088
0.323152041610,-0.025009668690,-0.000170399996,0.014222363575
0.320524789240,-0.025106413620,-0.000024217703,0.019252164408
0.317897536870,-0.025351406090,0.000159340348,-0.036582556652
0.315270284500,-0.025537734274,0.000419456366,-0.085348188647
0.312643032100,-0.025678078428,0.000567467169,-0.112772062539
0.310015779800,-0.025832232270,0.000745949285,-0.140030245562
0.307388527400,-0.026006873645,0.000951918784,-0.104820313563
0.304761275000,-0.026216508377,0.001057194261,-0.021119129897
0.302134022600,-0.026262268803,0.001360347135,0.001040704837
0.299506770300,-0.026276583235,0.001699145245,-0.015609136406
0.296879517900,-0.026246849146,0.001948448527,-0.035457356617
0.294252265500,-0.026160242125,0.002303670214,-0.045183373392
0.291625013200,-0.026208054433,0.002535097253,0.038316621637
0.288997760800,-0.026287921992,0.002675727097,0.137624231296
0.286370508400,-0.026246781456,0.002760713223,0.139250982934
0.283743256000,-0.026503855893,0.002720658331,0.113138356087
0.281116003700,-0.026728671916,0.002820739957,0.110116917487
0.278488751300,-0.026821219460,0.002851491506,0.102022393151
0.275861498900,-0.026929929085,0.002744316591,0.095337658566
0.273234246600,-0.026920835262,0.002688110145,0.029054514612
0.270606994200,-0.026908536001,0.002707527955,-0.005534837185
0.267979741800,-0.026789316592,0.002732337486,-0.003646243340
0.265352489400,-0.026578507555,0.002719538690,0.004309172842
0.262725237100,-0.026299098486,0.002755052463,-0.026396685060
0.260097984700,-0.026020513352,0.002761600973,-0.075462001912
0.257470732300,-0.025666033248,0.002804467302,-0.102014220296
0.254843480000,-0.025334829847,0.002958239651,-0.156786757015
0.252216227600,-0.025058695499,0.002967558456,-0.180263663059
0.249588975200,-0.024820544783,0.002897351433,-0.111241634364
0.246961722900,-0.024537717657,0.002850090757,0.003859871303
0.244334470500,-0.024407775159,0.002680299656,0.108215183389
0.241707218100,-0.024296178580,0.002444440590,0.142972744634
0.239079965700,-0.024119750734,0.002240212718,0.076579256962
0.236452713400,-0.024074899447,0.002134950682,0.020889627382
0.233825461000,-0.024098304400,0.001962103586,-0.018972674341
0.231198208600,-0.024166150394,0.001883072540,-0.073385506152
0.228570956300,-0.024484296035,0.001820909743,-0.037895311434
0.225943703900,-0.024785250644,0.001886232702,0.021484780035
0.223316451500,-0.025015431725,0.001852476802,0.037300860112
0.220689199100,-0.025395180732,0.001591241146,0.030478718530
0.218061946800,-0.025513158748,0.001529716211,0.056953691064
0.215434694400,-0.025605389460,0.001376328425,0.036258959958
0.212807442000,-0.025650962332,0.001231641829,-0.017025265669
0.210180189700,-0.025573237291,0.001272755259,-0.020646210315
0.207552937300,-0.025303667309,0.001351887812,-0.015737754082
0.204925684900,-0.024878009934,0.001299501520,0.001300745619
0.202298432500,-0.024463716989,0.001330397149,0.022059889506
0.199671180200,-0.024323936162,0.001803621686,-0.001363276973
0.197043927800,-0.024335908091,0.002303673687,-0.035159154996
0.194416675400,-0.024341726119,0.002585737362,-0.033542745879
0.191789423100,-0.024362934471,0.002703873425,-0.019716400800
0.189162170700,-0.024379614686,0.002741856047,0.034821649414
0.186534918300,-0.024391221387,0.002896997825,0.027085017270
0.183907666000,-0.024595874593,0.002971177255,0.025130406846
0.181280413600,-0.024606553084,0.003028627174,0.116332674510
0.178653161200,-0.024573820478,0.003099607189,0.237266484084
0.176025908800,-0.024534734366,0.003127949349,0.278088930087
0.173398656500,-0.024676379872,0.003468831613,0.263528190022
0.170771404100,-0.024780833754,0.003860113994,0.213078840409
0.168144151700,-0.024856013990,0.004103215581,0.254066233465
0.165516899400,-0.024937302368,0.004207410609,0.373962160530
0.162889647000,-0.024958252589,0.004205571990,0.433930856688
0.160262394600,-0.024920262462,0.004107571317,0.394991424477
0.157635142200,-0.024914714047,0.004064667964,0.224586789725
0.155007889900,-0.024833389284,0.003980327450,0.048316062820
0.152380637500,-0.024537974832,0.003932129554,0.059783921041
0.149753385100,-0.024264924612,0.003965515565,0.076829695809
0.147126132800,-0.024014772807,0.003905620973,0.000972156254
0.144498880400,-0.023893210614,0.003985700108,-0.052564594613
0.141871628000,-0.023965638026,0.004167590511,-0.133516379420
0.139244375600,-0.023931972761,0.004312161915,-0.164498869697
0.136617123300,-0.023951420750,0.004394378928,-0.150051228760
0.133989870900,-0.024236276604,0.004525394909,-0.103435871932
0.131362618500,-0.024413214141,0.004694298234,-0.078389004323
0.128735366200,-0.024469090812,0.004957816173,-0.091902244658
0.126108113800,-0.024658896058,0.005181541701,-0.096272791875
0.123480861400,-0.024775895989,0.005314425911,-0.037481680808
0.120853609000,-0.024904390678,0.005509258984,0.046511277743
0.118226356700,-0.025084267502,0.005647038557,0.075034811225
0.115599104300,-0.025214986419,0.005787273788,0.065170159708
0.112971851900,-0.025375365593,0.005889724630,0.070905784950
0.110344599600,-0.025419811118,0.005918362224,0.016008775157
0.107717347200,-0.025499604636,0.005934518116,-0.030465615951
0.105090094800,-0.025415700630,0.005938613492,-0.004757871063
0.102462842500,-0.025265012224,0.005905605782,0.008865461134
0.099835590100,-0.024904483699,0.005867252799,0.015600908261
0.097208337700,-0.024658504678,0.006059854759,0.016302046815
0.094581085300,-0.024485725253,0.006147364094,-0.023532523445
0.091953833000,-0.024287229108,0.006338008804,-0.077878110546
0.089326580600,-0.024418562781,0.006544973139,-0.120418008398
0.086699328200,-0.024640844676,0.006555382022,-0.175745904894
0.084072075900,-0.024861551089,0.006469865422,-0.239168706628
0.081444823500,-0.025135644123,0.006355464791,-0.228896632957
0.078817571100,-0.025299589074,0.006164120567,-0.185092037651
0.076190318700,-0.025516974564,0.005978479791,-0.125622293384
0.073563066400,-0.025763940946,0.005740842019,-0.001203912997
0.070935814000,-0.025913022391,0.005514250275,0.101290531986
0.068308561600,-0.025733157758,0.005350507253,0.188260627536
0.065681309300,-0.025699727093,0.005415586846,0.244558099383
0.063054056900,-0.025823306075,0.005408702118,0.301074470352
0.060426804500,-0.026189571833,0.005292175158,0.388494303290
0.057799552100,-0.026684456240,0.005335930943,0.371633746483
0.055172299800,-0.027081721804,0.005381798848,0.292683156645
0.052545047400,-0.027355595395,0.005568401874,0.192916593453
0.049917795000,-0.027519245240,0.005628627697,0.140251279443
0.047290542700,-0.027727138694,0.005542683253,0.136238070233
0.044663290300,-0.027881294965,0.005576923973,0.148851657921
0.042036037900,-0.028185887323,0.005535720363,0.161332522944
0.039408785500,-0.028413122377,0.005205188909,0.116237546684
0.036781533200,-0.028683156810,0.005055316992,0.066209323414
0.034154280800,-0.028979897894,0.004942529166,0.018589642889
0.031527028400,-0.029322990689,0.004856964677,-0.017071767926
0.028899776100,-0.029314230392,0.004938461237,-0.116258617217
0.026272523700,-0.029109893660,0.004707690276,0.030349929610
0.023645271300,-0.029988921411,0.004302977523,0.073490188516
0.021018019000,-0.030398021367,0.004198932326,0.021211134496
0.018390766600,-0.030916300125,0.004219285090,0.076482017133
0.015763514200,-0.031363153263,0.004141339151,0.029066433564
0.013136261800,-0.031402990763,0.003982565126,-0.003910706991
0.010509009500,-0.031194609009,0.003908493775,0.034261491514
0.007881757100,-0.031027785180,0.003475065053,0.066966187144
0.005254504700,-0.030685691890,0.003113602693,0.076052910068
0.002627252400,-0.029762123407,0.002943910039,-0.308812689023
0.000000000000,-0.027233021492,0.002383468405,-0.705609788164
