0.391460603250,-0.054437226686,0.000288173828,0.309636093497
0.388833350880,-0.053604099357,0.000321287219,0.360708519004
0.386206098510,-0.053036060474,0.000585960319,0.399932210666
0.383578846140,-0.054756697353,0.000667078618,0.021678372504
0.380951593770,-0.056516649799,0.000970832602,-0.350891322443
0.378324341400,-0.056761322748,0.001036504486,-0.303680062032
0.375697089030,-0.056985365684,0.001124035191,-0.096402898798
0.373069836660,-0.057402197851,0.001344062756,-0.141138363345
0.370442584290,-0.056454383406,0.001533220971,0.006118636902
0.367815331920,-0.056214150380,0.001815234998,0.155132711978
0.365188079550,-0.056185886931,0.002084047608,0.027842352226
0.362560827170,-0.055897694021,0.002370662550,0.020265794893
0.359933574800,-0.055549683846,0.002556652990,0.019495101785
0.357306322430,-0.055161794280,0.002770920554,-0.028643771153
0.354679070060,-0.054790429978,0.002929422774,-0.046475792150
0.352051817690,-0.054431865875,0.003044706014,-0.042795057374
0.349424565320,-0.054125081037,0.003259743763,-0.064121145718
0.346797312950,-0.053815719200,0.003411580534,-0.073143627903
0.344170060580,-0.053577635695,0.003527258786,-0.055392775293
0.341542808210,-0.053596890772,0.003653285713,-0.068728754439
0.338915555840,-0.053668975887,0.003724054559,-0.065384398254
0.336288303460,-0.053783430829,0.003830838360,-0.028791037232
0.333661051090,-0.053826243103,0.003946033379,-0.009686464166
0.331033798720,-0.053916626848,0.003998964647,0.028643335825
0.328406546350,-0.054223071290,0.004073515519,0.075706989868
0.325779293980,-0.054500782294,0.004117121267,0.078788599996
0.323152041610,-0.054670066086,0.004164522209,0.097476256536
0.320524789240,-0.054973872076,0.004190670424,0.174750032984
0.317897536870,-0.055163547852,0.004165983932,0.153444015530
0.315270284500,-0.055316163216,0.004157783748,0.097375308407
0.312643032100,-0.055462648903,0.004344372901,0.058702206919
0.310015779800,-0.055546748328,0.004273883075,0.121139186049
0.307388527400,-0.055684397036,0.004051186100,0.131937852177
0.304761275000,-0.055848026596,0.004010725379,0.061008684833
0.302134022600,-0.056045132344,0.004097587254,-0.015199484392
0.299506770300,-0.056233470971,0.003980622727,-0.027375542804
0.296879517900,-0.056243909520,0.003853505819,-0.034218655899
0.294252265500,-0.056223552457,0.003793700599,-0.062598367994
0.291625013200,-0.056193729078,0.003783605651,-0.002023797875
0.288997760800,-0.054942452531,0.003851586129,0.061525973694
0.286370508400,-0.056222862203,0.004077346780,-0.115677145813
0.283743256000,-0.055390339413,0.003798741515,0.054602721889
0.281116003700,-0.056464823573,0.004026722248,0.378878469413
0.278488751300,-0.056265050905,0.003998758151,0.070048879953
0.275861498900,-0.056000402465,0.004067110755,0.044599963521
0.273234246600,-0.055767182692,0.004164358704,0.034332941963
0.270606994200,-0.055631002684,0.003970595838,0.048126845363
0.267979741800,-0.055682626964,0.003891445102,0.019188559630
0.265352489400,-0.055531873352,0.003835003035,0.004350394377
0.262725237100,-0.055409592277,0.003742966819,0.043004598265
0.260097984700,-0.055520298359,0.003714781345,0.048253236436
0.257470732300,-0.055639589125,0.003561800301,0.056986035767
0.254843480000,-0.055758054335,0.003464332559,0.087850647411
0.252216227600,-0.055810827629,0.003297995604,0.096827090658
0.249588975200,-0.055867219628,0.003107033476,0.098017147892
0.246961722900,-0.055970110428,0.002945459935,0.119312721038
0.244334470500,-0.056190251304,0.002814496635,0.116466366786
0.241707218100,-0.056442858170,0.002671002973,0.068149531538
0.239079965700,-0.056640869699,0.002535709903,0.020804316845
0.236452713400,-0.056704919390,0.002473829659,-0.007121795584
0.233825461000,-0.056818428366,0.002394972751,-0.027415974543
0.231198208600,-0.056984768250,0.002379264576,-0.011593789693
0.228570956300,-0.057091418477,0.002265302592,0.004357731085
0.225943703900,-0.057179450665,0.002266001259,0.017470440077
0.223316451500,-0.057273827355,0.002383202246,0.037416334648
0.220689199100,-0.057536902709,0.002462709504,0.065354031944
0.218061946800,-0.057779060484,0.002513499205,0.105552890186
0.215434694400,-0.057930917308,0.002670360059,0.121714504304
0.212807442000,-0.058237054718,0.002802988519,0.134569699148
0.210180189700,-0.058586322250,0.002661646203,0.182206271509
0.207552937300,-0.058757810328,0.002612900653,0.237260243413
0.204925684900,-0.058793374030,0.002654550407,0.264644851285
0.202298432500,-0.058854270639,0.002776782801,0.230916335819
0.199671180200,-0.058837111101,0.002894916385,0.197556679976
0.197043927800,-0.058732899136,0.003020567221,0.206209694628
0.194416675400,-0.058584796292,0.003178964489,0.191514331631
0.191789423100,-0.058528162574,0.003479486578,0.172539146367
0.189162170700,-0.058520636421,0.003666448113,0.124222053227
0.186534918300,-0.058386892544,0.003763413662,0.069085409038
0.183907666000,-0.058318988103,0.003768173975,0.062008437521
0.181280413600,-0.058402222334,0.003718680311,0.071588352427
0.178653161200,-0.058435539502,0.003729531854,0.102180409696
0.176025908800,-0.058382093543,0.003862876355,0.128012939919
0.173398656500,-0.058419839010,0.003907117446,0.110261303614
0.170771404100,-0.058471173101,0.003967102234,0.061263880098
0.168144151700,-0.058485192367,0.004103789899,0.026529633454
0.165516899400,-0.058468960258,0.004222009856,0.006915908512
0.162889647000,-0.058467095816,0.004247575838,0.013653365782
0.160262394600,-0.058452887022,0.004424834542,0.032330297876
0.157635142200,-0.058433056626,0.004569653588,0.084354963624
0.155007889900,-0.058573981682,0.004593829283,0.142329962785
0.152380637500,-0.058503654618,0.004539660412,0.098066392375
0.149753385100,-0.058136123258,0.004495424432,0.076702167024
0.147126132800,-0.057908441455,0.004479414178,0.099585669833
0.144498880400,-0.057596081608,0.004467444249,0.074576062346
0.141871628000,-0.057200116204,0.004474685852,0.037670978854
0.139244375600,-0.056841858493,0.004410485696,-0.051391898781
0.136617123300,-0.056429709280,0.004268972584,-0.099115808663
0.133989870900,-0.056089766359,0.003953932698,-0.065032306455
0.131362618500,-0.055855553268,0.003697218472,-0.048345908674
0.128735366200,-0.055694888449,0.003420372665,-0.047892269660
0.126108113800,-0.055799619466,0.002917465320,-0.033250764669
0.123480861400,-0.056023480989,0.002484596046,-0.000990113920
0.120853609000,-0.056203920186,0.002142449185,0.044154472490
0.118226356700,-0.056661891109,0.002050007881,0.076886740348
0.115599104300,-0.057139744966,0.001984288392,0.145971499059
0.112971851900,-0.057518761551,0.002101338349,0.212705032609
0.110344599600,-0.057935935360,0.002150286618,0.189449398963
0.107717347200,-0.058271716646,0.002310997673,0.117294203537
0.105090094800,-0.058724610327,0.002260317793,0.071053046571
0.102462842500,-0.059130000685,0.002197569493,0.033293034799
0.099835590100,-0.059646586410,0.002277431940,0.001973044763
0.097208337700,-0.060119322995,0.002159726183,-0.001980646959
0.094581085300,-0.060580451857,0.002209555931,0.027607284469
0.091953833000,-0.061016700192,0.002135425654,0.057534350442
0.089326580600,-0.061255471629,0.001944445297,0.105103182614
0.086699328200,-0.061328972000,0.002053171631,0.192447009483
0.084072075900,-0.061021657924,0.001657498697,0.231603932856
0.081444823500,-0.060806694943,0.001312486125,0.200501302731
0.078817571100,-0.060531942083,0.001123295619,0.108748850631
0.076190318700,-0.060276521941,0.001068520789,-0.014706704507
0.073563066400,-0.060037578085,0.001149058686,-0.046585824227
0.070935814000,-0.059903726568,0.001401753134,0.040293583218
0.068308561600,-0.059797446112,0.001548027831,0.089519413026
0.065681309300,-0.059719432626,0.001586467515,0.039305451998
0.063054056900,-0.059750835203,0.001587159098,0.008293817981
0.060426804500,-0.060048283803,0.001651251713,0.041241325281
0.057799552100,-0.060512324876,0.001769513599,0.042895412092
0.055172299800,-0.060995548295,0.001802943685,0.041590781306
0.052545047400,-0.061460431308,0.001692777364,0.088591648809
0.049917795000,-0.061971046319,0.001845246023,0.104576224213
0.047290542700,-0.062351896716,0.002223530658,0.082171722011
0.044663290300,-0.062738711626,0.002450419665,-0.039044878119
0.042036037900,-0.062887716798,0.002475535961,-0.159510936724
0.039408785500,-0.063023302204,0.002709911641,-0.128294015403
0.036781533200,-0.063229110859,0.003058765282,-0.112049125555
0.034154280800,-0.063348763766,0.003123517939,-0.103367994855
0.031527028400,-0.063199641339,0.002915812052,-0.022524323561
0.028899776100,-0.062865085706,0.002655325394,0.022790794297
0.026272523700,-0.062676338573,0.002406929180,-0.013014791145
0.023645271300,-0.062567089159,0.002159692463,0.043625065381
0.021018019000,-0.062524253267,0.001855894429,0.103638670547
0.018390766600,-0.062461763390,0.001683955682,0.068959409365
0.015763514200,-0.062606543507,0.001581961150,-0.001534408897
0.013136261800,-0.062791868645,0.001525035043,-0.069871689282
0.010509009500,-0.062744642407,0.001475293921,-0.147752860436
0.007881757100,-0.062581002030,0.001373125579,-0.169894638319
0.005254504700,-0.062358077107,0.001369461813,-0.197256452856
0.002627252400,-0.061636378882,0.001394596930,-0.410128661674
0.000000000000,-0.056246300269,0.001580912375,-0.584157362347
