0.391460603250,0.034989358051,-0.000367590977,0.071807626621
0.388833350880,0.034737545803,-0.000085728579,0.152064733657
0.386206098510,0.033612344075,0.000197678298,0.407239744288
0.383578846140,0.033569477772,0.000554426293,0.441396480025
0.380951593770,0.034926233944,0.000775864708,0.247464877178
0.378324341400,0.034998470720,0.000786713477,0.142891706172
0.375697089030,0.035576451923,0.001031438970,0.162763413314
0.373069836660,0.035838716600,0.001002523147,0.466044376241
0.370442584290,0.034802564511,0.001026562575,0.227719620620
0.367815331920,0.036392815425,0.000987105471,-0.175111712853
0.365188079550,0.037280854859,0.000827173765,-0.160796949724
0.362560827170,0.037794750408,0.000699730696,-0.022479014957
0.359933574800,0.037401368941,0.000477034201,-0.141401301239
0.357306322430,0.038092570349,0.000137579131,-0.297390581357
0.354679070060,0.038672285436,-0.000108367739,0.011295591858
0.352051817690,0.038187887703,-0.000413012670,0.249647485319
0.349424565320,0.038323578284,-0.000670240659,0.136327691209
0.346797312950,0.038370230505,-0.000980888232,-0.021421988360
0.344170060580,0.038262069767,-0.001301568894,-0.042005692652
0.341542808210,0.038224774253,-0.001546433255,-0.057627117212
0.338915555840,0.038128977780,-0.001852628830,-0.109317441287
0.336288303460,0.037972812229,-0.002032668801,-0.164307809078
0.333661051090,0.037778873232,-0.001990134462,-0.126610044746
0.331033798720,0.037594456524,-0.001666144646,-0.019055260483
0.328406546350,0.037428934053,-0.001266688692,0.009651080990
0.325779293980,0.037332459048,-0.000869232196,0.004753455013
0.323152041610,0.037198322769,-0.000589060182,-0.009736723439
0.320524789240,0.036989804182,-0.000437193926,0.001541591818
0.317897536870,0.036879709885,-0.000287632955,0.057335760505
0.315270284500,0.036839355750,-0.000029383429,0.043715642428
0.312643032100,0.036761729767,0.000292400745,-0.034665900383
0.310015779800,0.036724338393,0.000542161568,-0.056856552636
0.307388527400,0.036581871667,0.000759465168,-0.052361109681
0.304761275000,0.036468810295,0.001072188825,-0.015902524636
0.302134022600,0.036442050591,0.001467592417,0.029734245346
0.299506770300,0.036276756873,0.001742084168,-0.005183113725
0.296879517900,0.036157944502,0.001905197344,-0.045380716969
0.294252265500,0.035892656588,0.002008339894,-0.040947051820
0.291625013200,0.035521816373,0.002007831386,-0.074955464430
0.288997760800,0.035230335540,0.001752386823,-0.117928020175
0.286370508400,0.034959604500,0.001529487146,-0.090667700958
0.283743256000,0.034826743680,0.001631013085,-0.071196677299
0.281116003700,0.034741915228,0.001644085508,-0.034955473809
0.278488751300,0.034657512476,0.001728509432,0.034258331432
0.275861498900,0.034536442169,0.001797239947,0.018844793390
0.273234246600,0.034532176941,0.001930633055,-0.050289170643
0.270606994200,0.034579584320,0.002121473418,-0.088338206586
0.267979741800,0.034732225824,0.002370748199,-0.106438422388
0.265352489400,0.034944742706,0.002638822102,-0.089286793513
0.262725237100,0.035173647167,0.002783940625,-0.077515801647
0.260097984700,0.035314100581,0.002825722475,-0.086312501780
0.257470732300,0.035329751495,0.002860272741,-0.073536680706
0.254843480000,0.035461755301,0.002841757385,-0.042411805223
0.252216227600,0.035551419023,0.002849471860,0.032309884740
0.249588975200,0.035574490501,0.002693113349,0.141236412364
0.246961722900,0.035515387894,0.002685378123,0.189117370261
0.244334470500,0.035405299318,0.002749003903,0.157728692913
0.241707218100,0.035356005692,0.002762571207,0.095640317610
0.239079965700,0.035399158260,0.002804083772,0.048716475931
0.236452713400,0.035418225582,0.002853032855,0.022570524253
0.233825461000,0.035424014399,0.002789700241,-0.042068915338
0.231198208600,0.035580348070,0.002688410166,-0.071020031965
0.228570956300,0.035823511508,0.002629021521,-0.081532880592
0.225943703900,0.036071612665,0.002422554245,-0.093106571481
0.223316451500,0.036138453016,0.002245466042,-0.101672433236
0.220689199100,0.036209850512,0.002270294431,-0.078471494857
0.218061946800,0.036114144435,0.002114135439,-0.042406523458
0.215434694400,0.035930816580,0.002006469896,-0.000134433869
0.212807442000,0.035672503496,0.002017412190,0.054619902709
0.210180189700,0.035563767990,0.001952951782,0.062525519404
0.207552937300,0.035532601816,0.001959951457,0.059589763944
0.204925684900,0.035534040341,0.001971333876,0.095723826326
0.202298432500,0.035775419093,0.001963643139,0.090786123175
0.199671180200,0.036128183684,0.002036274712,0.033653263986
0.197043927800,0.036429246957,0.002083035916,0.025322542367
0.194416675400,0.036584297977,0.002157535959,0.052156362319
0.191789423100,0.036591319603,0.002234218383,0.072761781316
0.189162170700,0.036541457096,0.002317737671,0.130528189675
0.186534918300,0.036369238447,0.002535832109,0.156803659585
0.183907666000,0.036237667196,0.002745847406,0.167633023320
0.181280413600,0.036136280257,0.002944613773,0.176732493556
0.178653161200,0.036178213557,0.003094418339,0.122655166283
0.176025908800,0.036203183825,0.003221204803,0.084016841463
0.173398656500,0.036232912837,0.003425655239,0.082192179995
0.170771404100,0.036249145254,0.003687472117,0.073296255974
0.168144151700,0.036251135540,0.003866830249,0.056189165786
0.165516899400,0.036197903239,0.003883788977,0.079769175428
0.162889647000,0.036167572546,0.004086008663,0.116747647588
0.160262394600,0.036215290662,0.004170993564,0.135257287624
0.157635142200,0.036143999864,0.004176583307,0.228283650741
0.155007889900,0.036096494143,0.004062545514,0.302113403452
0.152380637500,0.036112281916,0.004040252711,0.311242645543
0.149753385100,0.036218962393,0.004130434711,0.273370877362
0.147126132800,0.036404562652,0.003926504627,0.220661789611
0.144498880400,0.036506611880,0.003817370125,0.216549782665
0.141871628000,0.036633546513,0.003787491737,0.184328946803
0.139244375600,0.036764744515,0.003777900950,0.138830598546
0.136617123300,0.036923906542,0.003653312507,0.097835217929
0.133989870900,0.036954988677,0.003453590981,0.024725769863
0.131362618500,0.036972065084,0.003162093947,-0.055584133880
0.128735366200,0.036863687847,0.002906407350,-0.094228810004
0.126108113800,0.036798307592,0.002794603995,-0.103072579859
0.123480861400,0.036630621751,0.002608088114,-0.062539196366
0.120853609000,0.036505294564,0.002682057682,-0.026282279209
0.118226356700,0.036265277084,0.002834508073,-0.008819471690
0.115599104300,0.035955851764,0.003044419936,-0.050535332413
0.112971851900,0.035686152830,0.003158565505,-0.108012830201
0.110344599600,0.035492527674,0.003295779008,-0.145979767862
0.107717347200,0.035362813817,0.003551910786,-0.177697679781
0.105090094800,0.035011195751,0.003834801869,-0.195837605412
0.102462842500,0.034608978439,0.003851888611,-0.211519081014
0.099835590100,0.034278095019,0.003879804259,-0.212187713452
0.097208337700,0.034153278025,0.004102720069,-0.165097598068
0.094581085300,0.034204398380,0.004427336010,-0.115845365697
0.091953833000,0.034365131316,0.004745281021,-0.097099396739
0.089326580600,0.034728204656,0.004863845124,-0.037496663134
0.086699328200,0.035149553599,0.005093751430,0.038863263109
0.084072075900,0.035456880416,0.005237347945,0.032900980000
0.081444823500,0.035544184317,0.005176314268,0.002962371974
0.078817571100,0.035705234362,0.005310720847,-0.015192617476
0.076190318700,0.035704075025,0.005536298999,-0.021278226540
0.073563066400,0.035489826700,0.005586046312,-0.063041569865
0.070935814000,0.035241426764,0.005492932909,-0.091493987273
0.068308561600,0.035153880878,0.005481055978,-0.099401784681
0.065681309300,0.035116176434,0.005641533125,-0.078309049763
0.063054056900,0.034995180400,0.005549749128,-0.032974411430
0.060426804500,0.034861527195,0.005413441756,0.022955366211
0.057799552100,0.034784132174,0.005553192858,0.038468835583
0.055172299800,0.034739463503,0.005663261458,-0.009546309428
0.052545047400,0.034591734011,0.005585431411,-0.050417710470
0.049917795000,0.034325690350,0.005557699930,-0.034853257169
0.047290542700,0.033967800748,0.005618858564,-0.026706523318
0.044663290300,0.033652794036,0.005659594604,-0.062793101486
0.042036037900,0.033582615649,0.005547492019,-0.092462920072
0.039408785500,0.033492383942,0.005424205034,-0.058659687630
0.036781533200,0.033435529577,0.005252989791,0.040851353261
0.034154280800,0.033336547803,0.004991271747,0.100422526982
0.031527028400,0.033146250516,0.004702413276,0.169058134816
0.028899776100,0.032914849532,0.004501157190,0.203248965707
0.026272523700,0.032734178175,0.004385074333,-0.262096618897
0.023645271300,0.031770679879,0.003696264801,-0.039053548899
0.021018019000,0.031195218899,0.003639120912,0.887422013316
0.018390766600,0.032121851503,0.003542846297,0.787556735349
0.015763514200,0.031737320684,0.003074323511,0.276335129712
0.013136261800,0.031300197029,0.002843015419,0.076955064950
0.010509009500,0.030918955994,0.002793104858,-0.018606671987
0.007881757100,0.030587082653,0.002541544311,-0.095633087158
0.005254504700,0.030474036668,0.002265825603,-0.255225748905
0.002627252400,0.030433732970,0.001882078439,-1.086506437719
0.000000000000,0.028371295704,0.000799004310,-1.867153706596
