0.391460603250,0.053028809561,-0.000038151061,0.930531040155
0.388833350880,0.053343038393,0.000756636036,0.514169182868
0.386206098510,0.053005099414,0.001335624855,-0.158224984414
0.383578846140,0.054182887263,0.001722475244,-0.028346702921
0.380951593770,0.051359455596,0.002054674111,0.274760320107
0.378324341400,0.053193348666,0.002124189453,0.153312990808
0.375697089030,0.053831917322,0.001950940047,0.022423451898
0.373069836660,0.052955263570,0.001631269262,-0.231774026221
0.370442584290,0.054010643333,0.001633229597,-0.283102318652
0.367815331920,0.055018933064,0.001373441459,-0.243282104001
0.365188079550,0.055908563509,0.001044325292,-0.227425188819
0.362560827170,0.055701714361,0.000815789296,-0.032249357107
0.359933574800,0.056650672938,0.000745689649,0.095942495365
0.357306322430,0.057236766036,0.000485948908,-0.100666695446
0.354679070060,0.057656777221,0.000568046800,-0.108170944239
0.352051817690,0.058043107573,0.000538631951,0.124343093749
0.349424565320,0.058441678024,0.000537031450,0.238081411527
0.346797312950,0.058632216057,0.000263474835,0.240686706338
0.344170060580,0.058780813566,-0.000229308197,0.111255185235
0.341542808210,0.058698424362,-0.000446723408,-0.044917247625
0.338915555840,0.058490911464,-0.000668231394,-0.096834817921
0.336288303460,0.058429070578,-0.000643263493,-0.084648444593
0.333661051090,0.058328950800,-0.000669089769,-0.122683903714
0.331033798720,0.058200959354,-0.000791967147,-0.160574886728
0.328406546350,0.058121875688,-0.000871302713,-0.115702961161
0.325779293980,0.058062289081,-0.000786055383,-0.088773418164
0.323152041610,0.057989267922,-0.000689692842,-0.071916398449
0.320524789240,0.057746971621,-0.000557113736,0.001337111288
0.317897536870,0.057663870882,-0.000482653984,0.076798614438
0.315270284500,0.057493070132,-0.000323080192,0.155953086229
0.312643032100,0.057397961420,-0.000103766158,0.175398675463
0.310015779800,0.057225109408,-0.000008658734,0.092401626114
0.307388527400,0.057189141887,0.000028589421,0.061420189932
0.304761275000,0.057087698892,-0.000092936156,0.056889568627
0.302134022600,0.056828882337,-0.000056518259,0.036164928459
0.299506770300,0.056422320384,0.000003134827,0.023607973730
0.296879517900,0.056061737414,0.000030636335,-0.004052516914
0.294252265500,0.055898066436,-0.000056675879,-0.014164102409
0.291625013200,0.055813517789,-0.000096037937,0.016072713261
0.288997760800,0.055778627565,-0.000042531801,0.054849474070
0.286370508400,0.055906227424,0.000010831712,0.082772428030
0.283743256000,0.055910477473,-0.000083866220,0.140350298613
0.281116003700,0.055882572359,-0.000212018394,0.197864442488
0.278488751300,0.055878640085,-0.000230983758,0.228070433661
0.275861498900,0.055839638416,-0.000093660688,0.174554519671
0.273234246600,0.055763710079,-0.000096909162,0.084549154892
0.270606994200,0.055775962786,-0.000138954709,-0.051983402497
0.267979741800,0.055872012350,-0.000276236437,-0.129653605385
0.265352489400,0.056117530983,-0.000404675852,-0.161489343909
0.262725237100,0.056388453871,-0.000298146235,-0.175988632332
0.260097984700,0.056584328321,-0.000198303666,-0.079805766447
0.257470732300,0.056722843199,-0.000043891270,-0.014742465491
0.254843480000,0.056702283034,0.000167319069,0.015155616623
0.252216227600,0.056721660403,0.000260133894,0.039852868978
0.249588975200,0.056728057996,0.000463957318,0.038790340530
0.246961722900,0.056525621777,0.000652412368,0.002690174983
0.244334470500,0.056335127001,0.000741799055,-0.017127115886
0.241707218100,0.056194022293,0.000817371230,-0.019437823281
0.239079965700,0.055982669440,0.000892584307,0.004376933311
0.236452713400,0.055722192156,0.000948769458,0.067910683595
0.233825461000,0.055482889659,0.000945283226,0.074196677793
0.231198208600,0.055413203384,0.001020607263,0.035824230865
0.228570956300,0.055396387499,0.001037625886,-0.023831992456
0.225943703900,0.055376359883,0.000888374825,-0.036499273905
0.223316451500,0.055393656499,0.000850811051,0.002044392129
0.220689199100,0.055400424144,0.000861073911,-0.008583020581
0.218061946800,0.055352884170,0.000899527556,-0.037508285056
0.215434694400,0.055306951115,0.000821810621,-0.030319850952
0.212807442000,0.055176464089,0.000817420989,-0.005754454613
0.210180189700,0.055133975411,0.000898703925,0.043073645872
0.207552937300,0.055175117328,0.000997079681,0.039241457444
0.204925684900,0.055195036071,0.000992956202,-0.027461648812
0.202298432500,0.055238190150,0.001066515311,-0.023469312726
0.199671180200,0.055250191373,0.001275908525,0.045579115765
0.197043927800,0.055341979586,0.001280459627,0.052137151141
0.194416675400,0.055327231547,0.001301506898,0.005383700071
0.191789423100,0.055340617171,0.001388510158,-0.004391217485
0.189162170700,0.055526535279,0.001525154601,0.002057723560
0.186534918300,0.055506707545,0.001545520310,0.024845893149
0.183907666000,0.055466387704,0.001559259473,0.035568589782
0.181280413600,0.055526522076,0.001669350328,0.035534223210
0.178653161200,0.055488151304,0.001850610611,0.030728825597
0.176025908800,0.055382957780,0.002057783471,0.036390537690
0.173398656500,0.055415741034,0.002312536674,0.071469341278
0.170771404100,0.055352640294,0.002350129449,0.089083574806
0.168144151700,0.055293939137,0.002398059290,0.054082025028
0.165516899400,0.055348390077,0.002582350277,0.023188481756
0.162889647000,0.055374697621,0.002690574977,0.050912302574
0.160262394600,0.055333263045,0.002758425973,0.071869950309
0.157635142200,0.055340338604,0.002796172613,0.089038585312
0.155007889900,0.055236726318,0.002878388808,0.095467870923
0.152380637500,0.055173899392,0.002920424592,0.070724774762
0.149753385100,0.055339304850,0.002996648641,0.003077687320
0.147126132800,0.055345472851,0.002912248777,-0.037304988677
0.144498880400,0.055522423610,0.002847577806,-0.041864033958
0.141871628000,0.055704984018,0.002838720618,-0.053918645341
0.139244375600,0.056004408393,0.002745145972,-0.031795285847
0.136617123300,0.056335122249,0.002621674911,0.012849998416
0.133989870900,0.056685651795,0.002444584742,0.010247258643
0.131362618500,0.057082581161,0.002216786987,-0.029200143438
0.128735366200,0.057247766074,0.001989079312,-0.025184355848
0.126108113800,0.057285139457,0.001852763759,0.043485430336
0.123480861400,0.057330793594,0.001703430130,0.061456516787
0.120853609000,0.057276016214,0.001732367123,0.076295302980
0.118226356700,0.057082703854,0.001716114968,0.100881566923
0.115599104300,0.056879526942,0.001740638925,0.080893155478
0.112971851900,0.056585628984,0.001801507181,0.123067302009
0.110344599600,0.056228391786,0.001702049757,0.138476444895
0.107717347200,0.055822160840,0.001624446719,0.100264379781
0.105090094800,0.055381482202,0.001503658274,0.068297017390
0.102462842500,0.054920347202,0.001338804814,0.001006190636
0.099835590100,0.054427295582,0.001236809873,-0.041034904336
0.097208337700,0.053917440239,0.001327638613,-0.059983417466
0.094581085300,0.053693852744,0.001245153872,-0.050030941301
0.091953833000,0.053325508869,0.001207183709,-0.007483391320
0.089326580600,0.053043104140,0.001015920424,-0.037633690578
0.086699328200,0.052891530565,0.001148781660,-0.051580822047
0.084072075900,0.052944855213,0.001305153932,0.017431924459
0.081444823500,0.053010095061,0.001291232809,0.040488758638
0.078817571100,0.053223059215,0.001099516140,-0.020904197867
0.076190318700,0.053502485523,0.000969684953,-0.114882236570
0.073563066400,0.053716043489,0.000988896812,-0.144806552873
0.070935814000,0.054049466693,0.001164650757,-0.144762558625
0.068308561600,0.054358835782,0.001194661010,-0.137411175984
0.065681309300,0.054721536927,0.001245280696,-0.110215938051
0.063054056900,0.054850634415,0.001510014917,-0.038143633072
0.060426804500,0.054892821274,0.001860102959,0.014596778607
0.057799552100,0.054827194559,0.001951988747,0.039709473996
0.055172299800,0.054568780491,0.001963343227,-0.003191926206
0.052545047400,0.054209816292,0.001972111803,-0.081704718874
0.049917795000,0.053823079634,0.001896907039,-0.072442764600
0.047290542700,0.053478338292,0.001787532403,-0.030602648209
0.044663290300,0.053155655484,0.001707040024,-0.027386741920
0.042036037900,0.052631403640,0.001803284408,-0.025866618367
0.039408785500,0.052355787135,0.002046309237,0.017122811255
0.036781533200,0.052017600504,0.002179940489,0.059063819339
0.034154280800,0.051768366838,0.002108620931,0.054710450133
0.031527028400,0.051676401689,0.002106678775,0.034298187833
0.028899776100,0.051719298446,0.002163877480,0.070311875526
0.026272523700,0.051861977900,0.002049223309,0.285220441075
0.023645271300,0.050095635675,0.001724008276,0.217378552920
0.021018019000,0.051086157688,0.001578982241,-0.222688450004
0.018390766600,0.052221197096,0.001599818694,-0.227855876203
0.015763514200,0.052178298783,0.001615755485,-0.056069759256
0.013136261800,0.052063512675,0.001560152462,0.007821191311
0.010509009500,0.051981290254,0.001500629940,0.062955072264
0.007881757100,0.051844448930,0.001479156062,0.088231449571
0.005254504700,0.052099255284,0.001248309592,0.079850834724
0.002627252400,0.052324969773,0.001003182819,0.199763703954
0.000000000000,0.048784720753,0.000518520005,0.326243594424
