0.391460603250,0.054421251361,-0.000482795139,0.509355041863
0.388833350880,0.054079415998,0.000071569462,0.149243198953
0.386206098510,0.055353981775,0.000778540583,-0.297291088352
0.383578846140,0.055989967160,0.001165526235,0.130043054757
0.380951593770,0.054708772542,0.001347025638,0.250408153879
0.378324341400,0.055911997168,0.001183078607,-0.038943767419
0.375697089030,0.055535651100,0.001033722019,0.173079585552
0.373069836660,0.055646537680,0.000858506531,0.314512020696
0.370442584290,0.056924894856,0.000795600509,0.136769877190
0.367815331920,0.058415529501,0.000909143074,-0.010857142274
0.365188079550,0.059377523976,0.001029987863,-0.178962659013
0.362560827170,0.060666891227,0.000923050657,-0.245324458353
0.359933574800,0.061698799464,0.000758521279,-0.211376089748
0.357306322430,0.062321831003,0.000371976136,0.057936521146
0.354679070060,0.062558091707,0.000004826794,-0.085746176805
0.352051817690,0.062689001260,-0.000330468758,-0.187786734064
0.349424565320,0.062937995729,-0.000514884704,0.088296997878
0.346797312950,0.062423667577,-0.000781010813,0.075344965929
0.344170060580,0.062905932786,-0.001135728236,0.019037983417
0.341542808210,0.062900509196,-0.001445709169,-0.028416864872
0.338915555840,0.062941162644,-0.001720195195,-0.003845122692
0.336288303460,0.062915351570,-0.001711180528,-0.046758269952
0.333661051090,0.062769730288,-0.001356111230,-0.059893481329
0.331033798720,0.062562766604,-0.000976758050,-0.050705494174
0.328406546350,0.062298216373,-0.000643235678,-0.023037775219
0.325779293980,0.062073325644,-0.000475640320,0.003669047086
0.323152041610,0.062002487248,-0.000259842137,0.002443120830
0.320524789240,0.061774591940,-0.000155392037,-0.008882167764
0.317897536870,0.061635505827,-0.000145190419,-0.040370303233
0.315270284500,0.061616937183,-0.000093838220,-0.024212438082
0.312643032100,0.061522466180,-0.000010573715,0.007667888379
0.310015779800,0.061445757970,0.000262838438,-0.019850077399
0.307388527400,0.061438770061,0.000825981321,-0.049041785697
0.304761275000,0.061444624518,0.001382958937,-0.049297344820
0.302134022600,0.061271208356,0.001737983121,-0.026886284425
0.299506770300,0.060979434744,0.002056963181,-0.017996545608
0.296879517900,0.060704777916,0.002245952145,-0.052154768212
0.294252265500,0.060354818876,0.002498070909,-0.088057727464
0.291625013200,0.060101977981,0.002459504252,-0.083621472720
0.288997760800,0.059993460872,0.002232654593,-0.075147744639
0.286370508400,0.059913397086,0.002065073876,-0.053857446118
0.283743256000,0.059872919829,0.002118357796,-0.006760830225
0.281116003700,0.059972667553,0.002145512847,0.016663932354
0.278488751300,0.060176607789,0.002145941738,0.032161352294
0.275861498900,0.060309493192,0.002164262895,-0.012341543179
0.273234246600,0.060423802933,0.002462567501,-0.070844432050
0.270606994200,0.060527349067,0.002837630594,-0.065964491101
0.267979741800,0.060618590960,0.003022113672,-0.082881521843
0.265352489400,0.060702134667,0.003165493521,-0.085763367459
0.262725237100,0.060766823750,0.003178703073,-0.051032539774
0.260097984700,0.060725289274,0.003214653300,-0.042634415394
0.257470732300,0.060683474012,0.003221660654,-0.059868637896
0.254843480000,0.060700157290,0.003076863973,-0.056597059054
0.252216227600,0.060810835455,0.003024885640,-0.013154752656
0.249588975200,0.060830152290,0.002897964215,0.060521218376
0.246961722900,0.060762142600,0.002852157984,0.106921208811
0.244334470500,0.060693732283,0.002992092844,0.181490200790
0.241707218100,0.060539116886,0.002886681730,0.132073082095
0.239079965700,0.060449605321,0.002768727194,0.063912735197
0.236452713400,0.060356168680,0.002748679820,0.036061269599
0.233825461000,0.060415127617,0.002658130205,-0.040715533041
0.231198208600,0.060374096514,0.002629751918,-0.101354004528
0.228570956300,0.060264180014,0.002576271798,-0.094727251007
0.225943703900,0.060172196330,0.002369631496,-0.106016924715
0.223316451500,0.060023504898,0.002200364825,-0.099134001875
0.220689199100,0.059877230598,0.002033665823,-0.059762927389
0.218061946800,0.059723365311,0.001952054687,0.024090182474
0.215434694400,0.059565158120,0.001963972699,0.074453362021
0.212807442000,0.059472414412,0.001921719305,0.073325342363
0.210180189700,0.059218192683,0.001885002031,0.063447775841
0.207552937300,0.059161298757,0.001790765857,0.050852425357
0.204925684900,0.059285805546,0.001725423977,0.047495161084
0.202298432500,0.059478688560,0.001644372554,0.054091278703
0.199671180200,0.059645124952,0.001678488723,0.046906908248
0.197043927800,0.059791551963,0.001765787688,0.054803596351
0.194416675400,0.059858065078,0.001890127663,0.049855337615
0.191789423100,0.059697350123,0.001970602244,0.040954932422
0.189162170700,0.059474094594,0.002017046411,0.072506348950
0.186534918300,0.059303091500,0.002111684368,0.138373345246
0.183907666000,0.059140210796,0.002482082408,0.186881193796
0.181280413600,0.059010964628,0.002716054690,0.115209697711
0.178653161200,0.059021025503,0.002887629204,0.081333545560
0.176025908800,0.059116417675,0.003027755824,0.080269024385
0.173398656500,0.059266401338,0.003235646717,0.066035264290
0.170771404100,0.059424035455,0.003348963956,0.106551222357
0.168144151700,0.059519081336,0.003372641743,0.129503685783
0.165516899400,0.059546449696,0.003484073741,0.079488934404
0.162889647000,0.059607210133,0.003450391964,0.136470876466
0.160262394600,0.059656059392,0.003377297694,0.246523326580
0.157635142200,0.059776667093,0.003303250677,0.310758818778
0.155007889900,0.059944911759,0.003207169515,0.357963030072
0.152380637500,0.060215168972,0.003323334937,0.372927783760
0.149753385100,0.060529252856,0.003302780456,0.324308795574
0.147126132800,0.060902367265,0.003363385486,0.223013051940
0.144498880400,0.061285925946,0.003315183282,0.132726093014
0.141871628000,0.061508735478,0.003220417070,0.066367086498
0.139244375600,0.061786420952,0.003051452564,-0.000149195656
0.136617123300,0.061905927218,0.002966641903,-0.021680852343
0.133989870900,0.061847458417,0.002842166756,-0.078273035031
0.131362618500,0.061750637708,0.002733400678,-0.120229343399
0.128735366200,0.061642785253,0.002632533719,-0.084757366855
0.126108113800,0.061336314437,0.002503931020,-0.061141745194
0.123480861400,0.061038883740,0.002462232943,-0.009335444356
0.120853609000,0.060859074121,0.002617087005,0.024359791051
0.118226356700,0.060453099779,0.002744048625,-0.028046945862
0.115599104300,0.059988015129,0.003022225402,-0.056177612627
0.112971851900,0.059590839726,0.003163530014,-0.069582822967
0.110344599600,0.059043145291,0.003352364308,-0.113839476891
0.107717347200,0.058463467375,0.003496800749,-0.196469734006
0.105090094800,0.058086550250,0.003856606133,-0.212629016442
0.102462842500,0.057654052026,0.004127016810,-0.155431038865
0.099835590100,0.057364684345,0.004160168007,-0.136817723506
0.097208337700,0.057283873372,0.004375609480,-0.134195303892
0.094581085300,0.057541683129,0.004411043896,-0.099312788412
0.091953833000,0.057786959752,0.004466352690,0.002820868494
0.089326580600,0.058186813801,0.004702910113,0.054626875236
0.086699328200,0.058582335977,0.004833546720,0.013058348973
0.084072075900,0.058658420764,0.004945060544,0.008539825257
0.081444823500,0.058826486533,0.004898363544,-0.048240824988
0.078817571100,0.058879301861,0.004845813562,-0.136835127649
0.076190318700,0.058829276499,0.004916620188,-0.108854045443
0.073563066400,0.058726817018,0.004833650550,-0.075007698416
0.070935814000,0.058662715264,0.004766079433,-0.074073198932
0.068308561600,0.058432316266,0.004782618182,-0.105832136999
0.065681309300,0.058101938346,0.004819835110,-0.058154931819
0.063054056900,0.057885678973,0.004957365001,-0.034745252139
0.060426804500,0.057801257730,0.005036774789,-0.078668829937
0.057799552100,0.057645165160,0.005043221481,-0.051007590791
0.055172299800,0.057296722695,0.005061124962,-0.053991484153
0.052545047400,0.057156660661,0.005009198721,-0.082797245343
0.049917795000,0.057078203063,0.004950342216,-0.036260960431
0.047290542700,0.056973193223,0.004818341288,-0.016427732408
0.044663290300,0.056844722562,0.004749234770,0.040839365981
0.042036037900,0.056819709934,0.004547463018,0.147638962306
0.039408785500,0.056938721992,0.004413772640,0.179029866289
0.036781533200,0.057123328458,0.004297436205,0.172227201527
0.034154280800,0.057088731167,0.004013728157,0.179194359089
0.031527028400,0.057083961213,0.003883006539,0.216358533950
0.028899776100,0.056880075213,0.003753393026,0.244647829101
0.026272523700,0.057032344671,0.003624736486,0.496798233220
0.023645271300,0.055913487618,0.002922203964,0.494679186627
0.021018019000,0.055689636011,0.002645140361,0.151547210248
0.018390766600,0.056317661462,0.002623820093,0.074638745632
0.015763514200,0.055990911370,0.002775607148,0.047004773222
0.013136261800,0.055696770457,0.002744681874,0.026839674210
0.010509009500,0.055417017759,0.002586062030,-0.022549025940
0.007881757100,0.055341895275,0.002132380112,-0.096073256673
0.005254504700,0.055397875739,0.001693633252,-0.145346216228
0.002627252400,0.055380279730,0.001349785022,0.073677817152
0.000000000000,0.051527662911,0.001417024361,0.245476564540
