0.391460603250,-0.055227705554,-0.000054403685,0.170536313579
0.388833350880,-0.054275720203,0.000220824100,0.128782037160
0.386206098510,-0.054534498304,0.000450180119,0.239710921353
0.383578846140,-0.056692332500,0.000654625294,0.355397053975
0.380951593770,-0.055612592877,0.000777784942,0.248218065025
0.378324341400,-0.057075279156,0.001046336214,0.134369956523
0.375697089030,-0.059115689589,0.001227058072,-0.019832022707
0.373069836660,-0.059353632490,0.001524974269,-0.157088762379
0.370442584290,-0.058909130269,0.001681662614,0.077174133859
0.367815331920,-0.059296908476,0.001956795157,0.335885477583
0.365188079550,-0.058668715846,0.002146902240,0.146397531720
0.362560827170,-0.058496263376,0.002030408789,-0.248012037391
0.359933574800,-0.058361677961,0.002151843669,-0.038763562289
0.357306322430,-0.058100972141,0.002398486308,0.202613858405
0.354679070060,-0.057976094498,0.002717548467,0.057061103021
0.352051817690,-0.057717241145,0.002864241888,-0.064931424062
0.349424565320,-0.057466835469,0.002723000159,-0.075875191583
0.346797312950,-0.057375469528,0.002785931261,-0.075116205391
0.344170060580,-0.057363672312,0.002919651462,-0.023130771922
0.341542808210,-0.057435683657,0.002927312579,-0.012630967533
0.338915555840,-0.057450858940,0.002904553151,0.017313903493
0.336288303460,-0.057516185381,0.002886221128,0.066313585968
0.333661051090,-0.057651999789,0.002823615690,0.028545056223
0.331033798720,-0.057928109503,0.002759393056,0.010124990686
0.328406546350,-0.058065055870,0.002942774300,0.044779944904
0.325779293980,-0.058173601097,0.003004561045,0.071623073607
0.323152041610,-0.058354116782,0.003017679134,0.100037925760
0.320524789240,-0.058455409061,0.003096108084,0.096865575149
0.317897536870,-0.058620590287,0.003168651487,0.062273034746
0.315270284500,-0.058847059799,0.003092529539,0.040362582385
0.312643032100,-0.059052919483,0.003056416865,0.057844241727
0.310015779800,-0.059248968441,0.003072896804,0.091511319225
0.307388527400,-0.059470770819,0.002901793694,0.073093646284
0.304761275000,-0.059549484792,0.002890066618,0.078239808601
0.302134022600,-0.059682842926,0.002862176521,0.047289909033
0.299506770300,-0.059775466198,0.002896314752,0.035036048726
0.296879517900,-0.059857994111,0.002938687981,0.044390594596
0.294252265500,-0.059939053310,0.003016467183,0.046764780206
0.291625013200,-0.060005186692,0.003035674759,0.086555106428
0.288997760800,-0.060226350521,0.003096776528,0.124565819341
0.286370508400,-0.060523060404,0.003172738765,0.097502398494
0.283743256000,-0.060658071455,0.003095251173,0.004611919039
0.281116003700,-0.060656906976,0.003188120810,-0.010684554754
0.278488751300,-0.060595806009,0.003299595269,0.028765351055
0.275861498900,-0.060425351813,0.003421307980,0.037526586298
0.273234246600,-0.060280333770,0.003471824066,0.027747584721
0.270606994200,-0.060140694937,0.003478189309,0.011310193574
0.267979741800,-0.060085916357,0.003460376545,0.003343911035
0.265352489400,-0.060090677357,0.003348829466,0.032393510288
0.262725237100,-0.059997359767,0.003338917590,0.034061048544
0.260097984700,-0.059824498185,0.003245639318,0.014793156576
0.257470732300,-0.059757026520,0.003083927353,0.054114082593
0.254843480000,-0.059696791476,0.003012070629,0.074118876296
0.252216227600,-0.059649542122,0.002888010918,0.084621914524
0.249588975200,-0.059724588417,0.002763206236,0.111506749180
0.246961722900,-0.059821771290,0.002644196593,0.140673855503
0.244334470500,-0.059962966658,0.002399157849,0.142765707067
0.241707218100,-0.060180660392,0.002242548273,0.101457530881
0.239079965700,-0.060251074207,0.002265191525,-0.012602326699
0.236452713400,-0.060416124240,0.002242659260,-0.138974453911
0.233825461000,-0.060610131238,0.002227579281,-0.171912502387
0.231198208600,-0.060756710140,0.002240178545,-0.138012032309
0.228570956300,-0.060886945481,0.002142081717,-0.079268087862
0.225943703900,-0.060886503678,0.001952437727,-0.007975263767
0.223316451500,-0.060969139498,0.001908795032,-0.003543408597
0.220689199100,-0.060994139753,0.001909137090,-0.016232534624
0.218061946800,-0.061134342232,0.001891891877,0.025787271637
0.215434694400,-0.061271687934,0.002023523316,0.082091427099
0.212807442000,-0.061345519195,0.002061688383,0.135278042137
0.210180189700,-0.061426454321,0.002059296850,0.217977214934
0.207552937300,-0.061558629284,0.002174753302,0.275053892166
0.204925684900,-0.061567564263,0.002186004285,0.275366052518
0.202298432500,-0.061360939009,0.002280493112,0.286742571064
0.199671180200,-0.061256413415,0.002409442212,0.288338231799
0.197043927800,-0.061095032761,0.002496702938,0.231904351438
0.194416675400,-0.060934589256,0.002635175279,0.197360148217
0.191789423100,-0.060888576957,0.002811487026,0.173738208899
0.189162170700,-0.060872956800,0.002997009204,0.148146080033
0.186534918300,-0.060828939923,0.003165069525,0.117306381804
0.183907666000,-0.060920626103,0.003233994808,0.082843410835
0.181280413600,-0.061037518987,0.003261655110,0.106536881290
0.178653161200,-0.061106109590,0.003291596879,0.103098347332
0.176025908800,-0.061116634959,0.003309193710,0.087742212129
0.173398656500,-0.061142373734,0.003382694833,0.103788019577
0.170771404100,-0.061110064474,0.003521216917,0.045405078114
0.168144151700,-0.061000318553,0.003619563917,-0.011206905488
0.165516899400,-0.061009893285,0.003917529524,0.009343021347
0.162889647000,-0.061107477861,0.004099291236,0.034416627420
0.160262394600,-0.061068799573,0.004161697113,0.056003318022
0.157635142200,-0.061148732930,0.004247791388,0.091098897725
0.155007889900,-0.061225078681,0.004272722811,0.068576257687
0.152380637500,-0.061135749689,0.004356959542,0.012685419758
0.149753385100,-0.061034141076,0.004435718337,0.026989805902
0.147126132800,-0.060904721336,0.004460035093,0.032834401787
0.144498880400,-0.060542849864,0.004478765616,0.007545074144
0.141871628000,-0.060157009321,0.004410387214,0.008642133153
0.139244375600,-0.059928567162,0.004232115359,0.004831992573
0.136617123300,-0.059756294286,0.003963202005,-0.093451828296
0.133989870900,-0.059419715691,0.003709845884,-0.139578267637
0.131362618500,-0.059293743528,0.003460883319,-0.091976210729
0.128735366200,-0.059227507851,0.003038812391,-0.083465657938
0.126108113800,-0.059261581780,0.002669881809,-0.069960354511
0.123480861400,-0.059456198117,0.002360849485,-0.066502345893
0.120853609000,-0.059766321480,0.002250424014,-0.051823271057
0.118226356700,-0.060165472017,0.002376006134,-0.009173046261
0.115599104300,-0.060628063970,0.002361660467,0.021046644219
0.112971851900,-0.061165769108,0.002550904640,0.055198070616
0.110344599600,-0.061630925823,0.002676741555,0.033040496851
0.107717347200,-0.062140963888,0.002725716609,-0.010905936507
0.105090094800,-0.062569572722,0.002678322446,-0.047372423048
0.102462842500,-0.062992843181,0.002671309604,-0.092516424669
0.099835590100,-0.063417636070,0.002555403218,-0.054555486771
0.097208337700,-0.063683640035,0.002516866688,-0.024180154095
0.094581085300,-0.063828986550,0.002463260140,0.012104358238
0.091953833000,-0.063889330198,0.002494227528,0.015244646544
0.089326580600,-0.063922254453,0.002293996215,0.004727178684
0.086699328200,-0.063794683080,0.001868924191,0.136601089096
0.084072075900,-0.063432988143,0.001599155237,0.212607647364
0.081444823500,-0.063056250331,0.001512246136,0.096083356721
0.078817571100,-0.062790971738,0.001646686784,-0.010149344505
0.076190318700,-0.062577996310,0.001790417861,-0.038965315452
0.073563066400,-0.062361770859,0.001934116045,-0.023625678986
0.070935814000,-0.062228174299,0.002106150413,0.024706066655
0.068308561600,-0.062380395012,0.002326493573,0.012600265240
0.065681309300,-0.062625930131,0.002466483429,0.008400955056
0.063054056900,-0.062815872110,0.002588024418,0.044644104364
0.060426804500,-0.062990900188,0.002654055729,0.063242487936
0.057799552100,-0.063335489073,0.002810689407,0.085450310841
0.055172299800,-0.063684543040,0.002842047117,0.193091095649
0.052545047400,-0.063962322055,0.002822289785,0.186226666796
0.049917795000,-0.064193753748,0.002804511546,0.072374807523
0.047290542700,-0.064353927004,0.003015433497,-0.199738639881
0.044663290300,-0.064511223183,0.003217648784,-0.122095254217
0.042036037900,-0.064780351148,0.003136219485,0.187554646810
0.039408785500,-0.065046977806,0.003293928239,0.016060098443
0.036781533200,-0.065085402991,0.003322370071,-0.125670651087
0.034154280800,-0.064948748244,0.003349633626,-0.143697174284
0.031527028400,-0.064887746698,0.003217872106,-0.119406170708
0.028899776100,-0.064851994521,0.002905803705,-0.102041485260
0.026272523700,-0.064919174979,0.002611055501,-0.525895024132
0.023645271300,-0.064891053288,0.002427807522,0.006166143162
0.021018019000,-0.064938867848,0.002512383135,0.578087674959
0.018390766600,-0.065265257782,0.002395076905,0.075336287237
0.015763514200,-0.065424698847,0.002211663884,-0.099216103763
0.013136261800,-0.065608380320,0.002316977770,-0.158401929404
0.010509009500,-0.065602504426,0.002308506310,-0.148758750554
0.007881757100,-0.065660392531,0.002183450463,-0.124610817750
0.005254504700,-0.065789985320,0.002042631022,-0.234549099819
0.002627252400,-0.065010258867,0.002003331769,-1.979528142520
0.000000000000,-0.059197041160,0.001558570428,-3.596062592126
