0.391460603250,0.008781063536,-0.001300224807,0.794577210082
0.388833350880,0.009555040100,-0.001823507578,0.870309259209
0.386206098510,0.007448082752,-0.001906668064,0.568530994177
0.383578846140,0.008746402790,-0.001695505167,-0.156976737089
0.380951593770,0.009052403955,-0.001405468916,-0.075986686322
0.378324341400,0.009387453965,-0.001254097044,0.114376487792
0.375697089030,0.009680502609,-0.001175722271,-0.303964300247
0.373069836660,0.009241545056,-0.001087354851,-0.033314845206
0.370442584290,0.009986182429,-0.001186497783,0.132330703479
0.367815331920,0.010861364858,-0.001432073673,0.011739758545
0.365188079550,0.011222324140,-0.001360469102,0.091293641577
0.362560827170,0.010125651654,-0.001419805872,0.032500304907
0.359933574800,0.010999169542,-0.001623127096,-0.027941933285
0.357306322430,0.010952647248,-0.001804002666,-0.078611152235
0.354679070060,0.011134701017,-0.001817294530,-0.007241531538
0.352051817690,0.011512034724,-0.001922699059,0.064602637536
0.349424565320,0.011246179783,-0.001991638871,0.046569933341
0.346797312950,0.010787851803,-0.001931553619,0.040502183088
0.344170060580,0.010523828825,-0.001821592029,0.083544695480
0.341542808210,0.010001339101,-0.001942109240,0.035215170189
0.338915555840,0.009676812384,-0.002124036209,0.010532068949
0.336288303460,0.009415181431,-0.001969512697,0.003607550460
0.333661051090,0.009208545709,-0.001757862382,0.009157146795
0.331033798720,0.008934011211,-0.001677760233,-0.008315125272
0.328406546350,0.008693349301,-0.001654171508,-0.014682110210
0.325779293980,0.008501193536,-0.001558935603,-0.085572798291
0.323152041610,0.008239282319,-0.001211937412,-0.120510313899
0.320524789240,0.007953765025,-0.000973188961,-0.083309126578
0.317897536870,0.007718988164,-0.000720094284,-0.051253044225
0.315270284500,0.007436131773,-0.000307435722,-0.061162418623
0.312643032100,0.007192312795,0.000049742408,-0.046735346454
0.310015779800,0.007053717840,0.000256840301,-0.030975906433
0.307388527400,0.006946407180,0.000478668991,-0.015013599377
0.304761275000,0.006961204099,0.000826904919,0.011416736734
0.302134022600,0.006910994868,0.001070597010,-0.038620682311
0.299506770300,0.006893396947,0.001205518830,-0.049113333259
0.296879517900,0.006852242339,0.001591837679,-0.056656702538
0.294252265500,0.006847746154,0.001857531651,-0.092832530697
0.291625013200,0.006935439774,0.001990133719,-0.049597213963
0.288997760800,0.007075791346,0.002226486313,-0.012496052883
0.286370508400,0.006972110626,0.002496431552,-0.010767080429
0.283743256000,0.006753057815,0.002473013671,0.055841241725
0.281116003700,0.006520214156,0.002465924767,0.074337024380
0.278488751300,0.006392636682,0.002569898772,0.055827029211
0.275861498900,0.006268524720,0.002568729812,0.056449039613
0.273234246600,0.006198471060,0.002566644015,0.024686845264
0.270606994200,0.006326359990,0.002612882147,-0.043662705825
0.267979741800,0.006495058306,0.002484351864,-0.000849543318
0.265352489400,0.006710838863,0.002536353563,0.006267159931
0.262725237100,0.007045401265,0.002567651074,0.005436228635
0.260097984700,0.007345947881,0.002552049405,0.025615416951
0.257470732300,0.007765213880,0.002567888463,-0.040953953859
0.254843480000,0.008100658551,0.002726129293,-0.120792008842
0.252216227600,0.008336399259,0.002827601000,-0.143273921830
0.249588975200,0.008601084914,0.002817434802,-0.075635966345
0.246961722900,0.008761400044,0.002802064145,0.066449094736
0.244334470500,0.008846637208,0.002662725634,0.170411191880
0.241707218100,0.008973048688,0.002493507814,0.166702299797
0.239079965700,0.009241122907,0.002187597700,0.069026331829
0.236452713400,0.009436754743,0.001964581304,-0.015024461361
0.233825461000,0.009444648880,0.001880313750,-0.062569086163
0.231198208600,0.009254089608,0.001765961730,-0.094195725928
0.228570956300,0.008921126456,0.001714550597,-0.041630070664
0.225943703900,0.008598617323,0.001652165702,0.031138292350
0.223316451500,0.008323186815,0.001527015195,0.066896041381
0.220689199100,0.008047886554,0.001512409261,0.060897047732
0.218061946800,0.007861046921,0.001434491048,0.024954979139
0.215434694400,0.007899224063,0.001310487162,0.002466933235
0.212807442000,0.007981954080,0.001117271997,0.005617218600
0.210180189700,0.008209171493,0.001040371058,0.003555770955
0.207552937300,0.008568708284,0.000944727005,-0.062829949844
0.204925684900,0.008929276606,0.000808609155,-0.096962319458
0.202298432500,0.009287159971,0.000780354817,-0.079686987058
0.199671180200,0.009335629436,0.000931633762,-0.113661498343
0.197043927800,0.009313266818,0.001165375850,-0.115235829883
0.194416675400,0.009262791503,0.001456214594,-0.044709576575
0.191789423100,0.009134215071,0.001664058621,-0.001721784832
0.189162170700,0.009109879436,0.001910840987,0.023728077606
0.186534918300,0.009069264703,0.002010227675,0.052832386130
0.183907666000,0.008884361241,0.002060936421,0.111499458577
0.181280413600,0.008800473475,0.002144770385,0.245668540558
0.178653161200,0.008813131329,0.002270592711,0.293909659953
0.176025908800,0.008723243651,0.002623923801,0.287789242956
0.173398656500,0.008565139486,0.003069820018,0.298270376799
0.170771404100,0.008426009317,0.003218934759,0.266491500815
0.168144151700,0.008278655566,0.003223895308,0.297908767332
0.165516899400,0.008256527146,0.003244442066,0.314054047488
0.162889647000,0.008279266438,0.003184313273,0.221034874376
0.160262394600,0.008302323050,0.003008184222,0.088188452433
0.157635142200,0.008469921072,0.002958307064,0.039107432720
0.155007889900,0.008597372175,0.003032106147,0.031581764875
0.152380637500,0.009020237338,0.002945713241,0.031451209569
0.149753385100,0.009398436219,0.002950459432,0.027579986769
0.147126132800,0.009469981814,0.003062370468,-0.070673385850
0.144498880400,0.009504216409,0.003092224200,-0.226394684083
0.141871628000,0.009585730908,0.002905503370,-0.328737507774
0.139244375600,0.009449913733,0.002924246143,-0.314675076916
0.136617123300,0.009327470540,0.003008666815,-0.235067807428
0.133989870900,0.009364866068,0.003160410937,-0.206445048638
0.131362618500,0.009189332695,0.003509701967,-0.183805865620
0.128735366200,0.009007114904,0.003773125795,-0.121242452453
0.126108113800,0.008957876872,0.003982579883,-0.067769167559
0.123480861400,0.008810268747,0.004273889682,-0.014246884551
0.120853609000,0.008471392183,0.004522779679,0.063961977184
0.118226356700,0.008192567214,0.004743805501,0.107317817101
0.115599104300,0.008066747105,0.005068569996,0.131071979486
0.112971851900,0.008005751854,0.005279904920,0.121951914820
0.110344599600,0.008016115924,0.005375478244,0.085982363328
0.107717347200,0.008177332966,0.005575700341,0.078107668158
0.105090094800,0.008329105192,0.005889924319,0.074186194730
0.102462842500,0.008406703367,0.005924847253,0.060645792240
0.099835590100,0.008739358034,0.006080298128,0.073066503918
0.097208337700,0.009013836991,0.006240133164,0.032631521766
0.094581085300,0.009330069770,0.006482327630,-0.004996068630
0.091953833000,0.009419515189,0.006488118024,-0.028224988864
0.089326580600,0.009098690753,0.006402120024,-0.062076209167
0.086699328200,0.008898175746,0.006314002962,-0.139550118259
0.084072075900,0.008644333519,0.006150124492,-0.225071495252
0.081444823500,0.008346298449,0.005674407740,-0.218642180241
0.078817571100,0.008250096668,0.005286297412,-0.149893485083
0.076190318700,0.008153873273,0.004952329105,-0.014765102367
0.073563066400,0.008127919700,0.004816776295,0.080406999597
0.070935814000,0.008082453575,0.004934339151,0.167638745492
0.068308561600,0.007989337124,0.005068597710,0.304688480183
0.065681309300,0.007885166036,0.005142109262,0.508240970170
0.063054056900,0.007608653412,0.005134918065,0.641160446091
0.060426804500,0.007170785664,0.004942519120,0.591628577381
0.057799552100,0.006828819551,0.004730791215,0.463022927140
0.055172299800,0.006575309212,0.004823534877,0.381062814606
0.052545047400,0.006240244186,0.004969476958,0.307712484664
0.049917795000,0.006037617080,0.005109955185,0.282533962354
0.047290542700,0.005911104539,0.005098993061,0.344596179567
0.044663290300,0.005782710461,0.005004111312,0.318128814420
0.042036037900,0.005360669960,0.004940934138,0.249671788692
0.039408785500,0.005073219316,0.004901623959,0.212746814504
0.036781533200,0.004764974587,0.004794598313,0.146382458181
0.034154280800,0.004481846871,0.004604485932,0.096654294445
0.031527028400,0.004086153044,0.004206272268,0.074800949551
0.028899776100,0.003879661914,0.003991432133,0.062657005347
0.026272523700,0.003635746110,0.003726695992,0.075461726300
0.023645271300,0.002241950600,0.003375551641,0.123065431336
0.021018019000,0.001699916986,0.002990658487,0.114629781980
0.018390766600,0.002010516954,0.002837552641,-0.204201920069
0.015763514200,0.002013619106,0.002909381417,-0.111611806962
0.013136261800,0.002026296988,0.002502316744,0.263037712505
0.010509009500,0.002181671918,0.002256341643,0.014611616064
0.007881757100,0.002388130768,0.002029349086,0.036836557515
0.005254504700,0.002627482801,0.001892237141,-0.016428498941
0.002627252400,0.002736345615,0.001616606168,-0.633566004488
0.000000000000,0.002386357502,0.001063926341,-1.198983240554
