0.391460603250,0.053878958403,0.000604589433,0.607182674684
0.388833350880,0.053270389609,0.000665455019,0.022864754340
0.386206098510,0.053781249863,0.001049171664,-0.502348213894
0.383578846140,0.054981485050,0.001396258308,-0.102888892008
0.380951593770,0.055394606805,0.001637561596,0.287841664338
0.378324341400,0.053745648984,0.001681159848,0.497357883667
0.375697089030,0.052254265832,0.001674962042,0.448363331053
0.373069836660,0.054717905641,0.001363093558,-0.391768586643
0.370442584290,0.055249934360,0.001340391474,-0.526141857663
0.367815331920,0.054274519329,0.001185493585,-0.106322259489
0.365188079550,0.054474086368,0.001069744341,-0.165473667182
0.362560827170,0.057148289617,0.001051080717,-0.241102523601
0.359933574800,0.058554055505,0.000998447191,-0.246612694602
0.357306322430,0.058992613478,0.000688748596,-0.150316083970
0.354679070060,0.059396572035,0.000463518491,-0.052297147633
0.352051817690,0.059633909269,0.000216754536,0.025513819076
0.349424565320,0.059685738373,-0.000032073171,0.084085969724
0.346797312950,0.060052260633,-0.000376803699,0.133989909049
0.344170060580,0.059757079894,-0.000793389790,0.107114705252
0.341542808210,0.059884720433,-0.000907806255,0.125292447109
0.338915555840,0.059743427884,-0.000983752460,0.233948859051
0.336288303460,0.059416742871,-0.000819726690,0.364020271036
0.333661051090,0.058457274140,-0.000456083950,-0.045291451963
0.331033798720,0.059926018196,-0.000331747564,-0.231750098984
0.328406546350,0.059594377439,-0.000175689418,0.044547253825
0.325779293980,0.059242062554,0.000034580296,0.012209817301
0.323152041610,0.059051634556,-0.000004792964,0.188921408508
0.320524789240,0.058940498851,0.000036567691,0.033720456429
0.317897536870,0.058869157604,0.000062594244,-0.246973437967
0.315270284500,0.058856134595,-0.000009244179,-0.150573295867
0.312643032100,0.058842399649,-0.000033016808,-0.061548936980
0.310015779800,0.058781220322,0.000365007409,-0.007384720825
0.307388527400,0.058664292930,0.000704303682,0.041648668624
0.304761275000,0.058565080721,0.001220939426,0.061601248161
0.302134022600,0.058501515355,0.001723361838,0.029091853346
0.299506770300,0.058185030157,0.002188078728,0.008572321908
0.296879517900,0.057939345643,0.002430192568,-0.025240969784
0.294252265500,0.057785693956,0.002486237748,-0.069381795247
0.291625013200,0.057740113778,0.002416231836,-0.083993999483
0.288997760800,0.057722475686,0.002500083983,-0.074762457659
0.286370508400,0.057740765363,0.002466270022,-0.004397311635
0.283743256000,0.057900687727,0.002492662732,0.075636637816
0.281116003700,0.057964088021,0.002508028783,0.162802688059
0.278488751300,0.058100178568,0.002393060960,0.274122333797
0.275861498900,0.058238353565,0.002385773423,0.257392160791
0.273234246600,0.058358773644,0.002603167097,0.106142003705
0.270606994200,0.058415694216,0.002911871867,0.008373278758
0.267979741800,0.058457845765,0.003130812454,-0.039031653237
0.265352489400,0.058356349480,0.003198845865,-0.035007665636
0.262725237100,0.058256884913,0.003161663490,-0.072919880154
0.260097984700,0.058204500915,0.003145336111,-0.081903978904
0.257470732300,0.058127728509,0.003012663117,-0.077229089561
0.254843480000,0.058005829758,0.002853851476,-0.087576657061
0.252216227600,0.057992419190,0.002791761572,-0.048737553672
0.249588975200,0.057982170610,0.002713101237,0.024026466653
0.246961722900,0.057841752423,0.002579386646,0.087845776147
0.244334470500,0.057732399051,0.002476921582,0.136502735226
0.241707218100,0.057696433822,0.002514907836,0.137403507752
0.239079965700,0.057607499696,0.002471197572,0.091280551378
0.236452713400,0.057476577395,0.002490998929,0.000294469229
0.233825461000,0.057469840036,0.002517027674,-0.050872850684
0.231198208600,0.057361821812,0.002447873449,-0.100289839882
0.228570956300,0.057133018244,0.002314842759,-0.139851614884
0.225943703900,0.056882116698,0.002140161758,-0.130141811122
0.223316451500,0.056720972715,0.002026807471,-0.107725565674
0.220689199100,0.056499360514,0.001835735338,-0.072191808845
0.218061946800,0.056195107962,0.001686814527,-0.021866575326
0.215434694400,0.055940396020,0.001653862114,-0.025635707767
0.212807442000,0.055794483984,0.001579280924,-0.033031561732
0.210180189700,0.055714650087,0.001501584569,0.009188031435
0.207552937300,0.055745193642,0.001524490825,0.047939860840
0.204925684900,0.055822528864,0.001465053502,0.099034525158
0.202298432500,0.055863640729,0.001553839622,0.126691034606
0.199671180200,0.055961734256,0.001633438088,0.111494861982
0.197043927800,0.056059245734,0.001785384673,0.133438907512
0.194416675400,0.056131168186,0.002066225466,0.143314819484
0.191789423100,0.056077603611,0.002311981259,0.117389031057
0.189162170700,0.055988543355,0.002457580415,0.093288713357
0.186534918300,0.055799942046,0.002630421613,0.086279920223
0.183907666000,0.055552605646,0.002837301450,0.058534279981
0.181280413600,0.055406367590,0.002932579609,0.035444924033
0.178653161200,0.055473466678,0.002961116946,0.047689382461
0.176025908800,0.055423014659,0.003063730057,0.045671426739
0.173398656500,0.055498043727,0.003107114193,-0.012476682412
0.170771404100,0.055643987271,0.003168539783,-0.002263775935
0.168144151700,0.055784409005,0.003223777101,0.045240752900
0.165516899400,0.055845215495,0.003255873194,0.077154642242
0.162889647000,0.056061293892,0.003312473140,0.172381058429
0.160262394600,0.056406875705,0.003389818022,0.272034175207
0.157635142200,0.056756105130,0.003361551115,0.318613707489
0.155007889900,0.057069687722,0.003418715151,0.355009436685
0.152380637500,0.057447599744,0.003555047604,0.333378850613
0.149753385100,0.057838627639,0.003565635279,0.240609222656
0.147126132800,0.058174306731,0.003415727309,0.131504361339
0.144498880400,0.058429816852,0.003341131380,0.085348576783
0.141871628000,0.058635220854,0.003336481190,0.067359457590
0.139244375600,0.058779459642,0.003175522796,0.004563530064
0.136617123300,0.058745833642,0.003084713345,-0.089249289351
0.133989870900,0.058652051281,0.003066651429,-0.137661925519
0.131362618500,0.058511393151,0.002780685022,-0.149847022376
0.128735366200,0.058398255351,0.002406650102,-0.107625443944
0.126108113800,0.058145154282,0.002303711860,-0.029326572451
0.123480861400,0.057868921862,0.002341800431,0.065432605415
0.120853609000,0.057662621102,0.002340747237,0.112861392083
0.118226356700,0.057491918816,0.002522580044,0.029246319211
0.115599104300,0.057065503144,0.002813846997,-0.051670100248
0.112971851900,0.056422222166,0.002897684054,-0.075046218481
0.110344599600,0.055868278282,0.003198893178,-0.107826706083
0.107717347200,0.055044399475,0.003484438600,-0.119691723988
0.105090094800,0.054381952969,0.003749409061,-0.111705323065
0.102462842500,0.053947811865,0.003898274615,-0.088241277954
0.099835590100,0.053689596981,0.003953086423,-0.067451902360
0.097208337700,0.053580798685,0.003992185676,-0.014253059173
0.094581085300,0.053736744676,0.004110743139,0.038091989935
0.091953833000,0.053986481704,0.004119057332,0.036394657326
0.089326580600,0.054311356763,0.004242713540,0.056386657204
0.086699328200,0.054626973212,0.004314788894,0.040153670249
0.084072075900,0.054687053661,0.004331634418,-0.051084559528
0.081444823500,0.054837918824,0.004528711601,-0.141348367237
0.078817571100,0.055054065373,0.004527946701,-0.191426321187
0.076190318700,0.055089142969,0.004430344512,-0.157086333950
0.073563066400,0.055199404247,0.004245137113,-0.124842148868
0.070935814000,0.055115041821,0.004127122498,-0.124169105815
0.068308561600,0.054898398174,0.004124204551,-0.160314183777
0.065681309300,0.054656643083,0.004103497437,-0.132416262492
0.063054056900,0.054482260685,0.004062466332,-0.130616574455
0.060426804500,0.054167909201,0.004015792894,-0.137722438174
0.057799552100,0.053821059140,0.003921574094,-0.100169642505
0.055172299800,0.053632385261,0.003746982414,-0.054790444443
0.052545047400,0.053427183225,0.003681428897,0.013319589969
0.049917795000,0.053222190756,0.003589120723,0.053444201769
0.047290542700,0.052976433325,0.003491735405,0.078712168112
0.044663290300,0.052991389362,0.003524326060,0.105765048153
0.042036037900,0.052995200072,0.003459900012,0.155801658688
0.039408785500,0.052963094018,0.003432935591,0.221063005893
0.036781533200,0.053231059737,0.003455189552,0.214302621792
0.034154280800,0.053320231468,0.003362160631,0.176854818216
0.031527028400,0.053363016126,0.003144948146,0.120406609213
0.028899776100,0.053442389370,0.003048627163,0.169630413738
0.026272523700,0.053181206411,0.002943046082,0.453694400580
0.023645271300,0.050200734483,0.002473368192,0.229748867193
0.021018019000,0.051370930538,0.002440696992,-0.021618843743
0.018390766600,0.052885230343,0.002548476240,0.101315436164
0.015763514200,0.052555220924,0.002434538923,0.030923807620
0.013136261800,0.052363381209,0.002446494766,-0.078380681743
0.010509009500,0.052439450352,0.002312906196,-0.145737877613
0.007881757100,0.052621495347,0.001993988851,-0.102215685268
0.005254504700,0.052915748172,0.001647973839,-0.022338412250
0.002627252400,0.051627690965,0.001251425538,1.673370379569
0.000000000000,0.049742108305,0.000957457413,3.286924414433
