0.391460603250,-0.055168668232,0.000110159138,0.230085820776
0.388833350880,-0.055856060027,0.000149665318,0.334983726943
0.386206098510,-0.056107018434,0.000322107429,0.144520782148
0.383578846140,-0.059554283407,0.000640446697,-0.180683381470
0.380951593770,-0.058854152665,0.000880900387,0.126143341717
0.378324341400,-0.059099631992,0.001130326888,0.170107364690
0.375697089030,-0.060360330343,0.001428633432,-0.075542920130
0.373069836660,-0.059646840159,0.001564353799,0.185208714919
0.370442584290,-0.059995083444,0.001667924944,0.048137882299
0.367815331920,-0.060089706846,0.001617279883,-0.012886535543
0.365188079550,-0.059755338111,0.001791960591,0.199435830374
0.362560827170,-0.060395923479,0.002059650211,0.105780343026
0.359933574800,-0.060166555467,0.002262351107,-0.013789790475
0.357306322430,-0.059764859569,0.002204817594,-0.102347388828
0.354679070060,-0.060104883480,0.002184038434,-0.060160876544
0.352051817690,-0.060001054475,0.002063083943,-0.010141418520
0.349424565320,-0.059844077239,0.001946224712,-0.000404234872
0.346797312950,-0.059770496437,0.001980381055,0.051062250218
0.344170060580,-0.059723865537,0.002142736833,0.069650418518
0.341542808210,-0.059753187404,0.002201729416,0.089461177504
0.338915555840,-0.059851752138,0.002280558787,0.048779425291
0.336288303460,-0.059916613104,0.002229987463,0.025770691519
0.333661051090,-0.060006837626,0.002208172829,0.047541364733
0.331033798720,-0.060080882763,0.002193764687,0.081144817307
0.328406546350,-0.060094893188,0.002121571669,0.081659671020
0.325779293980,-0.059394049181,0.002114003009,0.071347365030
0.323152041610,-0.060222214152,0.001960483643,0.047567192852
0.320524789240,-0.060411021386,0.001891971684,0.040330125152
0.317897536870,-0.060673620869,0.001956780842,0.018894682027
0.315270284500,-0.060890224491,0.002167556442,0.015093128603
0.312643032100,-0.061217890401,0.002367976304,-0.009120363963
0.310015779800,-0.061493638275,0.002357094526,-0.013367918324
0.307388527400,-0.061753721376,0.002485022050,0.033969690551
0.304761275000,-0.061999296915,0.002659708602,0.020346655597
0.302134022600,-0.062223653290,0.002882984751,-0.007806784517
0.299506770300,-0.062380417890,0.003219273269,0.018587483998
0.296879517900,-0.062519165909,0.003474884999,0.031575615925
0.294252265500,-0.062672166798,0.003660268384,0.027706308364
0.291625013200,-0.062746578099,0.003954998419,0.017741779579
0.288997760800,-0.062714339518,0.004174973815,0.015878987704
0.286370508400,-0.062590681313,0.004187532066,0.053014071601
0.283743256000,-0.062441657755,0.004252074361,0.052566280556
0.281116003700,-0.062372066703,0.004269562460,0.068107882183
0.278488751300,-0.062275008604,0.004200380942,0.083941216397
0.275861498900,-0.062143830147,0.004185632223,0.058819502759
0.273234246600,-0.062103926950,0.004064928661,0.031966610375
0.270606994200,-0.062151182772,0.003914828470,0.071250256084
0.267979741800,-0.062122663937,0.004050322889,0.079017284230
0.265352489400,-0.061978730914,0.004006753225,0.128663100074
0.262725237100,-0.061940350885,0.003857258791,0.162648707012
0.260097984700,-0.061912024491,0.003820685744,0.157419685144
0.257470732300,-0.061820061478,0.003793534865,0.103733825181
0.254843480000,-0.061820584582,0.003739292094,0.023739639530
0.252216227600,-0.061925860267,0.003715517187,-0.033512989007
0.249588975200,-0.061963595382,0.003701960830,-0.076922835906
0.246961722900,-0.062027532011,0.003610360743,-0.134875516623
0.244334470500,-0.062104147701,0.003471918748,-0.225759772653
0.241707218100,-0.062112774044,0.003183232893,-0.277852282162
0.239079965700,-0.062111279564,0.003186416545,-0.218453403124
0.236452713400,-0.062080524468,0.003098571175,-0.125008779327
0.233825461000,-0.062005997533,0.003084727003,-0.042938948866
0.231198208600,-0.062080334620,0.003138834569,0.087376992783
0.228570956300,-0.062409157764,0.003181651226,0.196713208199
0.225943703900,-0.062611126327,0.003230019033,0.247119389145
0.223316451500,-0.062800290427,0.003242162904,0.245112566660
0.220689199100,-0.063032015624,0.003180014631,0.205194040580
0.218061946800,-0.063295139066,0.003039478297,0.183703692992
0.215434694400,-0.063366115629,0.002959737549,0.147987508910
0.212807442000,-0.063406386643,0.002876330713,0.108703636617
0.210180189700,-0.063424669722,0.002863520545,0.116290934881
0.207552937300,-0.063245719407,0.002905504853,0.128754619410
0.204925684900,-0.062945293998,0.002948516351,0.120853946759
0.202298432500,-0.062745324861,0.002956040265,0.131393837935
0.199671180200,-0.062623182399,0.003025047640,0.099724116022
0.197043927800,-0.062652648176,0.003165822248,0.056376787814
0.194416675400,-0.062748704838,0.003305503613,0.030421260463
0.191789423100,-0.062822066024,0.003481073256,0.032306848515
0.189162170700,-0.062910928385,0.003772518671,0.099578566342
0.186534918300,-0.063186023797,0.003994789128,0.136222937549
0.183907666000,-0.063549194887,0.004303407897,0.109032118887
0.181280413600,-0.063683627871,0.004612940143,0.110382903561
0.178653161200,-0.063729414194,0.004826510726,0.117890178511
0.176025908800,-0.063706387463,0.005066193542,0.073829210098
0.173398656500,-0.063589396776,0.005235662563,0.075802850589
0.170771404100,-0.063501015220,0.005567120223,0.048333550725
0.168144151700,-0.063282773248,0.005958075844,0.034702190498
0.165516899400,-0.063080181273,0.006097621803,0.086541068667
0.162889647000,-0.062867259902,0.006252211873,0.139109536107
0.160262394600,-0.062698281326,0.006438688872,0.171265840037
0.157635142200,-0.062604577316,0.006561228776,0.193161320217
0.155007889900,-0.062447741664,0.006516040896,0.156503418030
0.152380637500,-0.062208627375,0.006409799617,0.053134053118
0.149753385100,-0.061880987862,0.006240532274,-0.011418301178
0.147126132800,-0.061551317321,0.006215221570,-0.015487375905
0.144498880400,-0.061373240882,0.006220839884,-0.022882141741
0.141871628000,-0.061320455606,0.006232195015,-0.018094268703
0.139244375600,-0.061414635040,0.006433714325,-0.001651538196
0.136617123300,-0.061552289582,0.006489654244,0.013161503123
0.133989870900,-0.061721977368,0.006544967556,0.052558519906
0.131362618500,-0.062026394374,0.006630690900,0.051779404251
0.128735366200,-0.062275969340,0.006584338500,0.042539439940
0.126108113800,-0.062498850819,0.006497449486,0.026459128073
0.123480861400,-0.062828506909,0.006406262951,0.009949845314
0.120853609000,-0.063101964342,0.006171169026,0.015120526289
0.118226356700,-0.063409772975,0.005894471668,0.010744533972
0.115599104300,-0.063812520986,0.005689609798,0.029452303532
0.112971851900,-0.064141211497,0.005451335213,0.096746141302
0.110344599600,-0.064389920265,0.005158739645,0.103030386994
0.107717347200,-0.064574547768,0.004638644584,0.086324575342
0.105090094800,-0.064792346941,0.004233268048,0.008452496062
0.102462842500,-0.064908618564,0.003747465159,-0.078655275884
0.099835590100,-0.064767080935,0.003415004574,-0.060290838576
0.097208337700,-0.064499064740,0.002913333708,-0.046263044795
0.094581085300,-0.064239653396,0.002582741649,-0.052982435524
0.091953833000,-0.064139815710,0.002300278252,-0.047859960413
0.089326580600,-0.064182829664,0.002290341234,-0.115615663938
0.086699328200,-0.064099325418,0.002401933461,-0.211024907745
0.084072075900,-0.064268711606,0.002705087893,-0.210617756219
0.081444823500,-0.064404774678,0.002793751218,-0.179403338798
0.078817571100,-0.064608820076,0.002895048571,-0.147027077125
0.076190318700,-0.064773666890,0.002957367817,-0.068260348928
0.073563066400,-0.065032423189,0.002997099718,-0.020464653958
0.070935814000,-0.065072321531,0.002919119733,-0.001487605646
0.068308561600,-0.065213515005,0.002794744860,0.031506866714
0.065681309300,-0.065450617734,0.002761604956,0.035069995043
0.063054056900,-0.065562985922,0.002881288051,0.115179252652
0.060426804500,-0.065739774405,0.002829921469,0.178965548042
0.057799552100,-0.065805435578,0.002846771095,0.169553371474
0.055172299800,-0.065926256876,0.002982748581,0.125454201839
0.052545047400,-0.066052676867,0.003036965518,0.038998964508
0.049917795000,-0.066148445333,0.003123230803,0.009340027797
0.047290542700,-0.066280171891,0.003221338071,0.051703148815
0.044663290300,-0.066449866046,0.003091778538,0.076089814297
0.042036037900,-0.066546496650,0.003051112565,0.043999440948
0.039408785500,-0.066580617930,0.003129478621,0.022924470927
0.036781533200,-0.066386364470,0.003144630777,0.059007874369
0.034154280800,-0.066341502178,0.002966472657,0.048481256130
0.031527028400,-0.066575203566,0.002855934481,0.001102380471
0.028899776100,-0.066814369359,0.003128740873,-0.058820289436
0.026272523700,-0.067215719866,0.003206270132,-0.034719816705
0.023645271300,-0.067398930308,0.003294895773,-0.006713841257
0.021018019000,-0.067697400402,0.003290744545,-0.041472036669
0.018390766600,-0.068300310398,0.003452606141,-0.139797426735
0.015763514200,-0.069072900392,0.003592000507,-0.213100196068
0.013136261800,-0.069573293423,0.003657744524,-0.179275053415
0.010509009500,-0.069644445588,0.003445320482,-0.074680669758
0.007881757100,-0.069564641983,0.003170236054,-0.035749935089
0.005254504700,-0.069087481841,0.002857310634,-0.026995288471
0.002627252400,-0.068148310220,0.002654161055,-1.225476771109
0.000000000000,-0.064203803296,0.002235481455,-2.449758839705
