0.391460603250,0.051060563720,0.000151795151,0.546907359924
0.388833350880,0.050969832519,0.000941650258,0.330483097815
0.386206098510,0.050271367803,0.000906802449,-0.561267210382
0.383578846140,0.053652761330,0.000971516658,-0.814503842684
0.380951593770,0.053920609067,0.001352005893,-0.304859317362
0.378324341400,0.053728532571,0.001418236953,0.183408727520
0.375697089030,0.053552266337,0.001100647003,0.382937070624
0.373069836660,0.052614603793,0.001303856262,-0.025014424226
0.370442584290,0.052987961358,0.001306862047,-0.338820304580
0.367815331920,0.053268275807,0.001120188544,-0.262411413763
0.365188079550,0.053887491362,0.001249587758,-0.292854626216
0.362560827170,0.055506448361,0.001068192913,-0.093929244465
0.359933574800,0.055965490187,0.000834552404,-0.080432608788
0.357306322430,0.056560325796,0.000647384475,-0.215360761496
0.354679070060,0.057232237414,0.000728280951,-0.200118693883
0.352051817690,0.057624008739,0.000584938136,-0.030770661363
0.349424565320,0.057783072853,0.000078283741,0.145445986465
0.346797312950,0.057871836152,-0.000342056654,0.137886163207
0.344170060580,0.057974456899,-0.000703541502,0.077257516666
0.341542808210,0.057954352616,-0.000727707215,0.360601145172
0.338915555840,0.056414466501,-0.000843103169,0.124028552363
0.336288303460,0.057343606992,-0.000583366912,-0.218549877660
0.333661051090,0.057861696549,-0.000307513439,-0.054066136374
0.331033798720,0.057728405052,-0.000141711799,0.087324678389
0.328406546350,0.057546204532,-0.000035149618,0.100376128640
0.325779293980,0.057319883199,0.000115764100,0.052512040904
0.323152041610,0.057158263921,0.000147424098,0.034669873692
0.320524789240,0.057092279995,0.000113362603,0.026724726230
0.317897536870,0.057006741623,0.000165393667,-0.015843516220
0.315270284500,0.056885764952,0.000016425775,-0.050180878944
0.312643032100,0.056778101380,-0.000100120105,-0.067046252491
0.310015779800,0.056799920030,0.000217012320,-0.054036467946
0.307388527400,0.056579987337,0.000840961028,-0.036291922568
0.304761275000,0.056337113544,0.001364202919,-0.022468890392
0.302134022600,0.056220580976,0.001924945412,-0.015073189811
0.299506770300,0.056188354202,0.002338538925,-0.033135959012
0.296879517900,0.056012823229,0.002475368515,-0.029277572333
0.294252265500,0.055904119304,0.002729440824,-0.019118753049
0.291625013200,0.055845426947,0.002825216682,0.001163772148
0.288997760800,0.055830567089,0.002700882941,-0.017794614896
0.286370508400,0.055919670600,0.002628360963,0.001787009997
0.283743256000,0.056003089692,0.002662941103,0.084992104267
0.281116003700,0.056147894160,0.002572498775,0.201720565899
0.278488751300,0.056291125385,0.002524854269,0.273633004831
0.275861498900,0.056465478757,0.002654651955,0.198682723462
0.273234246600,0.056551383168,0.002827743383,0.129769850923
0.270606994200,0.056581115427,0.003111566441,0.052931605937
0.267979741800,0.056613359561,0.003223157708,0.007905009184
0.265352489400,0.056551635013,0.003201183895,0.005730609850
0.262725237100,0.056470834998,0.003226403252,-0.050459597595
0.260097984700,0.056416869057,0.003158758271,-0.103010550908
0.257470732300,0.056472430427,0.003022204578,-0.099193920611
0.254843480000,0.056442966652,0.002796854405,-0.133082725016
0.252216227600,0.056342627661,0.002708202311,-0.109774993245
0.249588975200,0.056255187729,0.002664056833,-0.022904258062
0.246961722900,0.056099387667,0.002463061433,0.059087543158
0.244334470500,0.056007628098,0.002344506253,0.112483983263
0.241707218100,0.055938536037,0.002353212630,0.110135668102
0.239079965700,0.055837740275,0.002363595012,0.084873401542
0.236452713400,0.055746038837,0.002404383011,0.029832615390
0.233825461000,0.055611197930,0.002414785170,-0.030502322104
0.231198208600,0.055392610664,0.002264348813,-0.102621353484
0.228570956300,0.055162608556,0.002045036272,-0.147383510956
0.225943703900,0.054911502671,0.001901812682,-0.131230735429
0.223316451500,0.054502707441,0.001687302505,-0.097810369062
0.220689199100,0.054088302783,0.001440502361,-0.074038034472
0.218061946800,0.053776042117,0.001379106687,-0.040045530172
0.215434694400,0.053530594142,0.001403845365,-0.006743890024
0.212807442000,0.053398059807,0.001420367096,-0.008251635993
0.210180189700,0.053348628721,0.001325618022,0.001487406661
0.207552937300,0.053365348337,0.001293663693,0.078163167257
0.204925684900,0.053599466138,0.001390492812,0.135981190248
0.202298432500,0.053817780516,0.001495061189,0.140031181323
0.199671180200,0.053979592850,0.001665402619,0.155274638835
0.197043927800,0.054048890094,0.001827707672,0.158352200966
0.194416675400,0.054149705007,0.001980399557,0.121419060129
0.191789423100,0.054087479308,0.002173506490,0.118026526791
0.189162170700,0.053865219149,0.002326302446,0.084937976889
0.186534918300,0.053673210332,0.002578537607,0.094924822334
0.183907666000,0.053412809443,0.002761631344,0.105652191874
0.181280413600,0.053213535478,0.002893837384,0.027219128111
0.178653161200,0.053337744733,0.002959159924,-0.002619661863
0.176025908800,0.053389758860,0.003025018986,0.014370306864
0.173398656500,0.053420258509,0.003110540392,0.015430233364
0.170771404100,0.053531560385,0.003077613202,0.038380184210
0.168144151700,0.053644148354,0.003153041047,0.080457529235
0.165516899400,0.053724132231,0.003225592069,0.122324349213
0.162889647000,0.053866357234,0.003221410540,0.175887417440
0.160262394600,0.054191545612,0.003346609944,0.254985241401
0.157635142200,0.054484634491,0.003543559561,0.330709305854
0.155007889900,0.054833626926,0.003689569615,0.351673122924
0.152380637500,0.055287065607,0.003774211831,0.331346049958
0.149753385100,0.055776718167,0.003717702726,0.227716719035
0.147126132800,0.056236269523,0.003493639018,0.139871466051
0.144498880400,0.056628442052,0.003441951787,0.068808377988
0.141871628000,0.056862804763,0.003375309431,0.003671646812
0.139244375600,0.056959449820,0.003240290859,-0.054864219868
0.136617123300,0.057050726824,0.002975371458,-0.121887153586
0.133989870900,0.056874636709,0.002937203322,-0.166755444589
0.131362618500,0.056621713273,0.002715132022,-0.156210815403
0.128735366200,0.056531816430,0.002388471427,-0.063704911000
0.126108113800,0.056322403558,0.002342535064,0.020345928596
0.123480861400,0.056000967492,0.002229544753,0.071817629213
0.120853609000,0.055739183082,0.002245193596,0.105457157734
0.118226356700,0.055337648654,0.002460050761,0.045701278102
0.115599104300,0.054963908676,0.002624213673,-0.043142218557
0.112971851900,0.054577480896,0.002894836870,-0.079243721295
0.110344599600,0.053776161204,0.003262765777,-0.100020956472
0.107717347200,0.052856860046,0.003587833302,-0.124497169909
0.105090094800,0.052294350065,0.003815887719,-0.121230526561
0.102462842500,0.051866421702,0.003798844292,-0.080733408263
0.099835590100,0.051499178827,0.003731721841,-0.057971633286
0.097208337700,0.051486206601,0.003759753538,-0.029653002045
0.094581085300,0.051809628568,0.003880738850,0.028468390051
0.091953833000,0.052060348299,0.003919280119,0.065932824810
0.089326580600,0.052357082993,0.003933603431,0.060162830227
0.086699328200,0.052599370130,0.003963965408,-0.015041468983
0.084072075900,0.052839333118,0.004008288658,-0.083749558339
0.081444823500,0.053169609047,0.004178132459,-0.184120371136
0.078817571100,0.053198921406,0.004250726829,-0.271320853020
0.076190318700,0.053200264121,0.004025584921,-0.216160780610
0.073563066400,0.053202674976,0.003718484678,-0.151934393471
0.070935814000,0.053208662462,0.003692665263,-0.192666466348
0.068308561600,0.053083849469,0.003739647756,-0.167592569842
0.065681309300,0.052818684153,0.003712861691,-0.115264318813
0.063054056900,0.052644359354,0.003666251549,-0.157655895510
0.060426804500,0.052364455620,0.003588542423,-0.137286318143
0.057799552100,0.051998313161,0.003520043122,-0.048157927966
0.055172299800,0.051667435886,0.003524168152,-0.037974562024
0.052545047400,0.051466491726,0.003368933239,-0.052898248515
0.049917795000,0.051329187612,0.003113218667,0.039400837942
0.047290542700,0.050941967786,0.003093338651,0.132286853169
0.044663290300,0.050831224980,0.003036000859,0.169697098180
0.042036037900,0.050895724137,0.003025008364,0.477995902693
0.039408785500,0.049771022961,0.003356133445,0.562105309035
0.036781533200,0.049851241745,0.003126790495,-0.042061218976
0.034154280800,0.051312919370,0.002981481877,-0.134470083122
0.031527028400,0.051417132414,0.003063174041,0.098602438843
0.028899776100,0.051542551241,0.002950723578,0.105375808873
0.026272523700,0.051474384721,0.002772472283,0.190704739490
0.023645271300,0.051348109246,0.002273402798,0.444427831596
0.021018019000,0.051248439093,0.001892870348,0.268858129865
0.018390766600,0.051009754553,0.002272628833,-0.148734891210
0.015763514200,0.050812089354,0.002208130034,-0.040708373884
0.013136261800,0.050676242481,0.002181251368,-0.024849392792
0.010509009500,0.050524876146,0.002197430831,-0.066470319204
0.007881757100,0.050712658669,0.002018279402,-0.129459761428
0.005254504700,0.051036143038,0.001726833421,-0.149219808755
0.002627252400,0.051480590039,0.001419500350,1.253002875886
0.000000000000,0.049023242083,0.001107153446,2.663369076871
