0.391460603250,-0.029155695897,-0.000886788791,0.487667655123
0.388833350880,-0.030068300567,-0.000888527056,0.134070528128
0.386206098510,-0.030753572785,-0.000778099097,-0.059091122241
0.383578846140,-0.030678762056,-0.000458847319,0.228211121308
0.380951593770,-0.031083619103,-0.000069627967,0.307430440553
0.378324341400,-0.031946406625,0.000289037391,0.351947549341
0.375697089030,-0.032549320941,0.000330500187,0.161250178184
0.373069836660,-0.032252719917,0.000223474017,-0.121147530144
0.370442584290,-0.032026332580,0.000155888570,0.209121146403
0.367815331920,-0.032205930437,0.000139862219,0.370874011918
0.365188079550,-0.031792057322,0.000088031047,0.090741718092
0.362560827170,-0.032204127749,-0.000082263608,-0.052454431223
0.359933574800,-0.032397730281,-0.000285852670,-0.098071517603
0.357306322430,-0.032175820030,-0.000564849852,-0.121434229807
0.354679070060,-0.032134038965,-0.000708716987,-0.062207286411
0.352051817690,-0.032147326069,-0.000770216481,0.024175603829
0.349424565320,-0.032173479347,-0.000790065177,0.106015295292
0.346797312950,-0.032363671485,-0.000824861563,0.120225386802
0.344170060580,-0.032572424456,-0.001032568925,0.074556744420
0.341542808210,-0.032878894236,-0.001222382715,0.032687053819
0.338915555840,-0.033127158488,-0.001116639171,0.024235175885
0.336288303460,-0.033401690594,-0.001011190844,0.057684210022
0.333661051090,-0.033708235212,-0.000937862833,0.021816117319
0.331033798720,-0.033859300755,-0.000689720297,-0.003696712480
0.328406546350,-0.034132318439,-0.000389860789,-0.007928085893
0.325779293980,-0.034356872032,-0.000062222994,0.044785569120
0.323152041610,-0.034447912416,0.000060900475,0.077207360831
0.320524789240,-0.034610570405,0.000237854460,0.036680455148
0.317897536870,-0.034880697521,0.000477980882,-0.008025189014
0.315270284500,-0.035082499118,0.000636414502,-0.070696004974
0.312643032100,-0.035225935366,0.000761872008,-0.069262356658
0.310015779800,-0.035427613123,0.000940293644,-0.046034670509
0.307388527400,-0.035665235151,0.001194123808,-0.068312255837
0.304761275000,-0.035835147831,0.001374057105,-0.027405615991
0.302134022600,-0.035878648958,0.001642165151,0.003916638052
0.299506770300,-0.035889130067,0.001931859878,0.014990201801
0.296879517900,-0.036018208220,0.002268460206,0.036815428289
0.294252265500,-0.036025494309,0.002585775619,0.020853293906
0.291625013200,-0.035892085983,0.002947399099,0.022307906823
0.288997760800,-0.035904976019,0.003103968237,0.073148842451
0.286370508400,-0.035893116019,0.003223267051,0.129160497781
0.283743256000,-0.035995560558,0.003200221090,0.194721750535
0.281116003700,-0.036232469344,0.003089808237,0.227388033647
0.278488751300,-0.036310802656,0.002972016419,0.207555172016
0.275861498900,-0.036315815625,0.003061848170,0.157044043833
0.273234246600,-0.036298077514,0.002988144597,0.095128578700
0.270606994200,-0.036324351321,0.002842144469,0.062671623827
0.267979741800,-0.036323596446,0.002785747214,0.062800748890
0.265352489400,-0.036206322249,0.002752077366,0.073459978144
0.262725237100,-0.035950609827,0.002650995481,0.004007781268
0.260097984700,-0.035596974157,0.002655612265,-0.059359508961
0.257470732300,-0.035325119780,0.002759715494,-0.101693371161
0.254843480000,-0.035083652594,0.002840246521,-0.146226594439
0.252216227600,-0.034705688980,0.002908514826,-0.157672491060
0.249588975200,-0.034483241193,0.003026704323,-0.088600591949
0.246961722900,-0.034352419191,0.003140739155,0.010324800052
0.244334470500,-0.034183551840,0.002910597729,0.095795306009
0.241707218100,-0.034099529113,0.002721894779,0.168250880592
0.239079965700,-0.033998452766,0.002508164807,0.135972876609
0.236452713400,-0.033841655577,0.002188154559,0.083495582011
0.233825461000,-0.033794546261,0.002017876085,0.036513820490
0.231198208600,-0.033947804044,0.001926573337,-0.025035978914
0.228570956300,-0.034206789591,0.001794784979,-0.010740742534
0.225943703900,-0.034502983356,0.001608373761,0.024853696968
0.223316451500,-0.034905468720,0.001582769262,0.058413490219
0.220689199100,-0.035136087075,0.001359810799,0.072747760622
0.218061946800,-0.035306874867,0.001243922774,0.048080365981
0.215434694400,-0.035427375985,0.001111442547,0.025217557590
0.212807442000,-0.035400473198,0.001097184721,0.009026970081
0.210180189700,-0.035276432729,0.001131254872,-0.031589692512
0.207552937300,-0.034953556786,0.001261572854,-0.036385212646
0.204925684900,-0.034605037566,0.001309914253,0.004958295461
0.202298432500,-0.034246088590,0.001529168696,-0.023919576775
0.199671180200,-0.034011307885,0.001782201011,-0.066431037170
0.197043927800,-0.033879214871,0.002161543277,-0.090824127710
0.194416675400,-0.033957044793,0.002461893917,-0.089877109622
0.191789423100,-0.034137308784,0.002638288366,-0.070369947230
0.189162170700,-0.034239835835,0.002776038492,-0.076868004290
0.186534918300,-0.034301592394,0.002837820172,-0.033628373019
0.183907666000,-0.034391880135,0.003002909639,0.055821817828
0.181280413600,-0.034493087307,0.003214627766,0.118766858878
0.178653161200,-0.034432505337,0.003447420316,0.175325063195
0.176025908800,-0.034460046566,0.003632734983,0.238373253735
0.173398656500,-0.034567647667,0.003745943297,0.247208746894
0.170771404100,-0.034549859248,0.003953739722,0.251922946741
0.168144151700,-0.034584546945,0.004261877315,0.326088908362
0.165516899400,-0.034752874461,0.004450331100,0.376300233532
0.162889647000,-0.034715602556,0.004645906239,0.424760245618
0.160262394600,-0.034667214576,0.004672716923,0.392020827225
0.157635142200,-0.034702174512,0.004543355932,0.257903849511
0.155007889900,-0.034532512614,0.004486764969,0.138306291659
0.152380637500,-0.034199706399,0.004464589405,0.108467660448
0.149753385100,-0.033894535009,0.004433676192,0.076545481636
0.147126132800,-0.033533758517,0.004450687986,0.035973678026
0.144498880400,-0.033404564822,0.004589279553,-0.029270567300
0.141871628000,-0.033532443240,0.004707927243,-0.128726131273
0.139244375600,-0.033690297209,0.004693533055,-0.141088456190
0.136617123300,-0.033757457531,0.004639034613,-0.128159724931
0.133989870900,-0.033890522794,0.004748816675,-0.109065022387
0.131362618500,-0.034107937194,0.004946943648,-0.053118314353
0.128735366200,-0.034185308368,0.005088923456,-0.064286386131
0.126108113800,-0.034345063585,0.005139619751,-0.083435215690
0.123480861400,-0.034538374350,0.005228722159,-0.034114312497
0.120853609000,-0.034680842701,0.005393191775,0.016910311421
0.118226356700,-0.034816763694,0.005740122174,0.025066034223
0.115599104300,-0.035044003681,0.005898492747,0.059620644611
0.112971851900,-0.035212723677,0.005998918585,0.056653756329
0.110344599600,-0.035270785653,0.005926786644,-0.023211858691
0.107717347200,-0.035425913827,0.006066247824,0.004217041894
0.105090094800,-0.035322875686,0.006133554798,0.073931964676
0.102462842500,-0.035143714180,0.006117858121,0.095253714400
0.099835590100,-0.034876368756,0.006102661109,0.068796217377
0.097208337700,-0.034624318809,0.005955001399,0.031220956400
0.094581085300,-0.034538662272,0.006089290481,-0.053400440694
0.091953833000,-0.034417637513,0.006123498295,-0.122674733913
0.089326580600,-0.034462726580,0.006024436761,-0.117495164992
0.086699328200,-0.034659975279,0.006271488703,-0.148389771081
0.084072075900,-0.034895866120,0.006449500118,-0.237379897109
0.081444823500,-0.035069793855,0.006370825549,-0.262271547693
0.078817571100,-0.035430261436,0.006156895907,-0.211729873429
0.076190318700,-0.035548534783,0.005975282816,-0.191126761238
0.073563066400,-0.035643991872,0.005752983793,-0.089695436116
0.070935814000,-0.035760931616,0.005527351885,0.095915773875
0.068308561600,-0.035652655796,0.005371744708,0.181400845189
0.065681309300,-0.035627893311,0.005290880428,0.191584941783
0.063054056900,-0.035761106097,0.005303571937,0.230926820784
0.060426804500,-0.036099790117,0.005494658403,0.306159387766
0.057799552100,-0.036549982233,0.005532434940,0.384495466551
0.055172299800,-0.036949867201,0.005427383526,0.339780749799
0.052545047400,-0.037230161386,0.005257224234,0.233642720298
0.049917795000,-0.037527853955,0.005347377543,0.160156300138
0.047290542700,-0.037711648755,0.005403352877,0.102865061012
0.044663290300,-0.037883953552,0.005575689508,0.145675305299
0.042036037900,-0.038068820850,0.005501672514,0.152748431595
0.039408785500,-0.038177961720,0.005163216971,0.089492181158
0.036781533200,-0.038459359738,0.004929819637,0.069593693499
0.034154280800,-0.038754278614,0.004639625943,0.047354166311
0.031527028400,-0.039046575658,0.004519465378,-0.001136810461
0.028899776100,-0.039304999387,0.004524263168,-0.052780719138
0.026272523700,-0.039517282138,0.004549142447,-0.371437610919
0.023645271300,-0.039916086668,0.004180177525,-0.434182835023
0.021018019000,-0.040369278672,0.004084890461,0.296013874006
0.018390766600,-0.040793002567,0.004357425195,0.377075157529
0.015763514200,-0.041157650739,0.004346117540,-0.018909302299
0.013136261800,-0.041407328620,0.004336068899,-0.000551559701
0.010509009500,-0.041462675036,0.004146562662,0.000947074405
0.007881757100,-0.041136949655,0.003853982899,0.008300749158
0.005254504700,-0.040706677177,0.003548837854,0.079175523114
0.002627252400,-0.040277693806,0.003182494804,0.052152219013
0.000000000000,-0.037140921685,0.002276236342,-0.039540885005
