0.391460603250,-0.041473801103,0.000572608006,0.041407867992
0.388833350880,-0.041285532318,0.000739092942,-0.330354215017
0.386206098510,-0.040960893261,0.000920064792,-0.095367717596
0.383578846140,-0.041020569401,0.001120435115,0.187958384027
0.380951593770,-0.042397784010,0.001367290384,-0.108364159939
0.378324341400,-0.043105848110,0.001514775510,-0.120564816378
0.375697089030,-0.043418862938,0.001674114137,0.013040675201
0.373069836660,-0.043016536029,0.001928808419,-0.004335885690
0.370442584290,-0.042832506976,0.002060421417,-0.087972992847
0.367815331920,-0.042346394341,0.002237470597,-0.042842677014
0.365188079550,-0.042322127359,0.002330707500,-0.031659602044
0.362560827170,-0.042743698343,0.002504899442,-0.097881802131
0.359933574800,-0.042357717845,0.002700984551,-0.192648757028
0.357306322430,-0.041910482925,0.002756539815,-0.139567982740
0.354679070060,-0.041586870246,0.002957847581,-0.053206152514
0.352051817690,-0.041274868263,0.002964140120,-0.044824603666
0.349424565320,-0.040966716900,0.003053957520,-0.024755760930
0.346797312950,-0.040833281610,0.003141978398,-0.011425628218
0.344170060580,-0.040750282194,0.003121904902,0.017455213291
0.341542808210,-0.040819945168,0.003110609442,0.059647195161
0.338915555840,-0.040870502681,0.003003050435,0.099453966421
0.336288303460,-0.040778263927,0.002970185182,0.098334715333
0.333661051090,-0.040765362326,0.002842612968,0.098637130622
0.331033798720,-0.040856575044,0.002891199273,0.067512382837
0.328406546350,-0.040942132866,0.002906234969,0.050392407683
0.325779293980,-0.041069113898,0.002792003238,0.073536633341
0.323152041610,-0.041280219892,0.002810099939,0.033414358831
0.320524789240,-0.041439596264,0.002821456338,-0.002392737015
0.317897536870,-0.041482028796,0.002761594690,0.013698642046
0.315270284500,-0.041511861801,0.002731686694,-0.015460740933
0.312643032100,-0.041609590976,0.002772337725,-0.029831976556
0.310015779800,-0.041868173828,0.002844353747,-0.039208634678
0.307388527400,-0.042273175876,0.003023708403,0.015717576242
0.304761275000,-0.042622512306,0.003186767200,0.029072114287
0.302134022600,-0.042832984018,0.003349514348,0.018971062881
0.299506770300,-0.042906276414,0.003654184127,0.048148505529
0.296879517900,-0.042893307283,0.003927650891,0.055297940591
0.294252265500,-0.042872935056,0.004120392449,0.013892955320
0.291625013200,-0.042845841220,0.004215545880,0.015126018689
0.288997760800,-0.042825400064,0.004296449220,0.038376169563
0.286370508400,-0.042859064141,0.004326287926,0.019331323100
0.283743256000,-0.042655437377,0.004368992122,0.012509920530
0.281116003700,-0.042346535806,0.004374389858,0.026892314494
0.278488751300,-0.042227610317,0.004335396165,0.057916197639
0.275861498900,-0.042167203720,0.004204411235,0.086914945523
0.273234246600,-0.042162753598,0.003987299700,0.087309328331
0.270606994200,-0.042187837509,0.003890176402,0.064102243915
0.267979741800,-0.042173032935,0.003825134307,0.087789405948
0.265352489400,-0.042294493291,0.003679240814,0.160664930623
0.262725237100,-0.042363313774,0.003610994075,0.172083396374
0.260097984700,-0.042399224719,0.003581724154,0.134825035773
0.257470732300,-0.042512957570,0.003526455067,0.090169872394
0.254843480000,-0.042648500087,0.003549438053,0.072248237397
0.252216227600,-0.042752528555,0.003633555586,0.050498875451
0.249588975200,-0.042790945422,0.003527431916,-0.020661186532
0.246961722900,-0.042823715067,0.003410286670,-0.063043433543
0.244334470500,-0.042913800298,0.003338638837,-0.119734447552
0.241707218100,-0.042985165820,0.003226599121,-0.176796066004
0.239079965700,-0.043037505263,0.003083437080,-0.212899279993
0.236452713400,-0.043117980339,0.002939442407,-0.217829646433
0.233825461000,-0.043352413182,0.002812785901,-0.165426194953
0.231198208600,-0.043654286932,0.002792594922,-0.075721607525
0.228570956300,-0.044080450476,0.002822345686,0.059814857592
0.225943703900,-0.044600922781,0.002780450298,0.192493352910
0.223316451500,-0.045029309491,0.002890616412,0.232619097624
0.220689199100,-0.045390159666,0.003016291003,0.224319210486
0.218061946800,-0.045762702321,0.003057238206,0.173820483398
0.215434694400,-0.046013840966,0.002952486979,0.103765808884
0.212807442000,-0.046054069591,0.002955218547,0.089764638312
0.210180189700,-0.046040662623,0.002872068547,0.100501184885
0.207552937300,-0.045974275611,0.002875949598,0.142547911283
0.204925684900,-0.045702740744,0.002921115581,0.161837341976
0.202298432500,-0.045452633044,0.002851872619,0.142555314465
0.199671180200,-0.045288779442,0.002847931772,0.112956942459
0.197043927800,-0.045314387368,0.002932274222,0.078713065649
0.194416675400,-0.045429707529,0.003167460312,0.100792618281
0.191789423100,-0.045546216616,0.003347647025,0.117902139881
0.189162170700,-0.045678984661,0.003518430706,0.121056966339
0.186534918300,-0.045816432109,0.003737983707,0.161653868003
0.183907666000,-0.046024843756,0.004002991303,0.153612112934
0.181280413600,-0.046093563229,0.004251324220,0.126980164203
0.178653161200,-0.046088877052,0.004537513592,0.096849367014
0.176025908800,-0.046048497518,0.004785038050,0.056396963290
0.173398656500,-0.045912811380,0.004867751398,0.037141207393
0.170771404100,-0.045777909517,0.005115908731,0.032532509129
0.168144151700,-0.045490844894,0.005317025084,0.011413090751
0.165516899400,-0.045128873512,0.005480710449,0.045263455521
0.162889647000,-0.044764128103,0.005685808788,0.070972896044
0.160262394600,-0.044334250508,0.005793851935,0.104545495005
0.157635142200,-0.043905844096,0.005989445900,0.134740342853
0.155007889900,-0.043437903936,0.006103535229,0.091512545690
0.152380637500,-0.043048855708,0.005996068828,0.076896576744
0.149753385100,-0.042773668588,0.006068485916,0.058149766405
0.147126132800,-0.042495662268,0.006069613215,0.030953948572
0.144498880400,-0.042343172606,0.005988146115,-0.004431407424
0.141871628000,-0.042298773178,0.005907593400,0.002451858856
0.139244375600,-0.042424037408,0.005762754688,0.023995571404
0.136617123300,-0.042648385517,0.005631692254,-0.020623584693
0.133989870900,-0.042778664164,0.005479988970,-0.064989749582
0.131362618500,-0.042891888728,0.005336358867,-0.044780590756
0.128735366200,-0.043102868883,0.005321822605,-0.034439987872
0.126108113800,-0.043439553469,0.005253102223,-0.030099300880
0.123480861400,-0.043698315510,0.005079846691,-0.015001495547
0.120853609000,-0.044125105990,0.004973218009,-0.010420483269
0.118226356700,-0.044620370446,0.004709530841,-0.021692225610
0.115599104300,-0.045282193150,0.004397785002,-0.033470452913
0.112971851900,-0.046153976662,0.004161202293,-0.028711085145
0.110344599600,-0.046915732226,0.003882543411,0.013722945499
0.107717347200,-0.047497247948,0.003366807592,0.080041082482
0.105090094800,-0.047770569908,0.002866445321,0.089556289062
0.102462842500,-0.047888896526,0.002275015481,0.045103585256
0.099835590100,-0.047744454933,0.001742066183,0.050114121456
0.097208337700,-0.047604236850,0.001246000959,0.051228072848
0.094581085300,-0.047410666808,0.000751788030,0.031221883037
0.091953833000,-0.047210212789,0.000496270497,0.048812849709
0.089326580600,-0.046946179773,0.000519762498,0.006516640019
0.086699328200,-0.046697941112,0.000715797641,-0.107926446197
0.084072075900,-0.046658860042,0.000969649522,-0.184712908107
0.081444823500,-0.046525223475,0.001244171605,-0.154918860594
0.078817571100,-0.046505839663,0.001627108109,-0.134543522164
0.076190318700,-0.046555968998,0.001825004660,-0.069602048057
0.073563066400,-0.046588030832,0.001681587010,0.018129634302
0.070935814000,-0.046690394046,0.001784431754,0.044779663175
0.068308561600,-0.046941302730,0.001789469176,0.058587891051
0.065681309300,-0.047089836871,0.001806539173,0.089053681328
0.063054056900,-0.047273600098,0.001694963138,0.135373154660
0.060426804500,-0.047516788226,0.001570282867,0.160561502973
0.057799552100,-0.047677860402,0.001494240139,0.166983418006
0.055172299800,-0.048070465593,0.001516984567,0.166893595943
0.052545047400,-0.048533765532,0.001509293299,0.143048911700
0.049917795000,-0.048548870053,0.001450709104,0.087022496532
0.047290542700,-0.048634589441,0.001480876499,-0.004036655443
0.044663290300,-0.048807649791,0.001592269488,-0.034058404389
0.042036037900,-0.048790683129,0.001736215008,-0.044662549233
0.039408785500,-0.048718331254,0.001764733487,-0.037457657668
0.036781533200,-0.048795790550,0.001804628816,-0.001051498390
0.034154280800,-0.048766248774,0.001782520342,-0.016886700874
0.031527028400,-0.048644798299,0.001806949487,-0.017397146331
0.028899776100,-0.048681916485,0.002134756720,-0.014961636987
0.026272523700,-0.048750909987,0.002061819012,0.251648279807
0.023645271300,-0.048976158938,0.001825619934,0.278779353688
0.021018019000,-0.049329634296,0.001751748659,-0.235265857650
0.018390766600,-0.049658030587,0.001876805755,-0.378947600649
0.015763514200,-0.049925902074,0.002005454100,-0.220668913499
0.013136261800,-0.050134829603,0.002069030924,-0.245618083584
0.010509009500,-0.050073446385,0.002170566777,-0.240836709818
0.007881757100,-0.049767044266,0.002090958980,-0.101860651157
0.005254504700,-0.049241708829,0.001928657443,0.081231261510
0.002627252400,-0.048618601210,0.001633048303,0.238821700491
0.000000000000,-0.046145090826,0.001128866215,0.360150975278
