0.391460603250,0.035909488389,0.000286777524,0.151387968004
0.388833350880,0.036064274926,0.000363348011,-0.721857278592
0.386206098510,0.037477241814,0.000774096074,-0.884140469953
0.383578846140,0.034986403097,0.001146378801,-0.428507738355
0.380951593770,0.034289786631,0.001364612523,-0.085171884819
0.378324341400,0.035349511256,0.001578332721,0.355437620175
0.375697089030,0.035018322054,0.001750020196,0.185535086434
0.373069836660,0.034230150528,0.001517034403,0.068216727528
0.370442584290,0.034245140890,0.001332052127,-0.092969423750
0.367815331920,0.036686739972,0.001214611750,-0.493860900359
0.365188079550,0.036722962192,0.000976632058,-0.513863671866
0.362560827170,0.037599049662,0.000874829392,-0.244937377976
0.359933574800,0.037233008150,0.000706988817,-0.215172592848
0.357306322430,0.038407889196,0.000654897071,-0.130107927340
0.354679070060,0.039467832066,0.000651429932,-0.106987137362
0.352051817690,0.039604808165,0.000731349230,-0.123268478671
0.349424565320,0.039878527934,0.000580109919,-0.004901803507
0.346797312950,0.040128475573,0.000496334240,0.099237378816
0.344170060580,0.040106445682,0.000457033468,0.116688187309
0.341542808210,0.040185357193,0.000362284075,0.098881096349
0.338915555840,0.040234046337,0.000441507937,0.126805697372
0.336288303460,0.040290302746,0.000589309612,0.381598916254
0.333661051090,0.038893156757,0.000705340374,0.077346125501
0.331033798720,0.040045504845,0.000795935259,-0.164876441648
0.328406546350,0.039864427267,0.000886394690,0.068730197443
0.325779293980,0.039752680567,0.001034866078,0.086487009290
0.323152041610,0.039614911209,0.001079925292,0.064538943698
0.320524789240,0.039493952894,0.001004965520,0.027600373884
0.317897536870,0.039488106055,0.001000097122,0.003586135022
0.315270284500,0.039413277859,0.000914175326,-0.025606228886
0.312643032100,0.039301008310,0.000928487517,-0.026473185799
0.310015779800,0.039297457539,0.000953881762,0.037841538250
0.307388527400,0.039239010952,0.001275638476,0.036933151435
0.304761275000,0.039133491325,0.001679625437,0.003907817314
0.302134022600,0.038946398018,0.002199121179,0.017221685922
0.299506770300,0.038742383496,0.002698712770,-0.001981159384
0.296879517900,0.038605600958,0.003032552315,-0.074486610062
0.294252265500,0.038555294951,0.003180265071,-0.073923685628
0.291625013200,0.038533401250,0.003367371001,-0.000451439164
0.288997760800,0.038500406348,0.003576564889,0.015229580667
0.286370508400,0.038663622223,0.003776930664,0.009511697782
0.283743256000,0.038830651169,0.003824210102,0.030328436345
0.281116003700,0.039073599953,0.003812584343,0.112577496084
0.278488751300,0.039205383956,0.003856332754,0.158154986116
0.275861498900,0.039250223273,0.003812217854,0.138018641821
0.273234246600,0.039391242104,0.003823652482,0.127566228889
0.270606994200,0.039374707152,0.003823227615,0.126098137256
0.267979741800,0.039237870206,0.003637983298,0.076704421444
0.265352489400,0.039119788559,0.003463147143,0.019872823584
0.262725237100,0.038994696628,0.003095263448,0.019813710421
0.260097984700,0.038751760739,0.002807214310,0.008519938104
0.257470732300,0.038602759666,0.002606912945,-0.037445808170
0.254843480000,0.038473451232,0.002538055734,-0.070037022588
0.252216227600,0.038419444193,0.002514541581,-0.070322496809
0.249588975200,0.038411463835,0.002541696817,-0.011196446473
0.246961722900,0.038279537162,0.002356729533,0.087887255894
0.244334470500,0.038180869625,0.002300228681,0.124091728599
0.241707218100,0.038162177031,0.002328051490,0.086251013104
0.239079965700,0.038129169761,0.002274953688,0.036209297670
0.236452713400,0.037932104936,0.002271501755,-0.060759484923
0.233825461000,0.037756702405,0.002068453775,-0.119924865250
0.231198208600,0.037457582810,0.001917997162,-0.152960490616
0.228570956300,0.037140333176,0.001642485105,-0.142550835172
0.225943703900,0.036767384303,0.001369586522,-0.066655870754
0.223316451500,0.036351578194,0.001083408935,0.002771355183
0.220689199100,0.035969837951,0.000759068914,0.055166214712
0.218061946800,0.035571662380,0.000622201178,0.083901853965
0.215434694400,0.035409330888,0.000700606731,0.060135377240
0.212807442000,0.035049793385,0.000678958157,0.069025215822
0.210180189700,0.034960612571,0.000655274717,0.137852896424
0.207552937300,0.034873284338,0.000770147425,0.196184302342
0.204925684900,0.035040411181,0.000765779693,0.167484427234
0.202298432500,0.035198540340,0.000796858682,0.156219626703
0.199671180200,0.035338031189,0.001126295172,0.152536379294
0.197043927800,0.035460536636,0.001347036680,0.106002139166
0.194416675400,0.035484108418,0.001625067493,0.070197550401
0.191789423100,0.035552816388,0.001863195742,0.071150123633
0.189162170700,0.035547027508,0.001967960067,0.055577270019
0.186534918300,0.035471246438,0.002225784511,0.024246398984
0.183907666000,0.035414799405,0.002472205562,-0.015539346495
0.181280413600,0.035328648053,0.002653097236,-0.029646569771
0.178653161200,0.035305723220,0.002939114719,-0.012881453546
0.176025908800,0.035260243953,0.003032018588,-0.030576882724
0.173398656500,0.035408945394,0.003178909607,0.001659840854
0.170771404100,0.035597160466,0.003341940255,0.047577694763
0.168144151700,0.035802846674,0.003481157910,0.050919912429
0.165516899400,0.036037387498,0.003668672087,0.067294140161
0.162889647000,0.036217935360,0.003907094799,0.146526561100
0.160262394600,0.036555821185,0.004157753782,0.222193353941
0.157635142200,0.036875140934,0.004471907396,0.252051326990
0.155007889900,0.037315361767,0.004511465868,0.281134482998
0.152380637500,0.037784518764,0.004478702280,0.262367575891
0.149753385100,0.038286015007,0.004247818794,0.147816787426
0.147126132800,0.038692934966,0.004086848803,0.047762486282
0.144498880400,0.038893113462,0.004041535781,0.015291232497
0.141871628000,0.039004765988,0.003879997563,0.058532528843
0.139244375600,0.039024870298,0.003711684637,0.087608245738
0.136617123300,0.038944967382,0.003485111733,0.050449020685
0.133989870900,0.038765244631,0.003354667755,0.018057839328
0.131362618500,0.038536672101,0.003322994169,-0.055146863669
0.128735366200,0.038357485707,0.003176209075,-0.057888524491
0.126108113800,0.038209098868,0.003002990073,0.017255038572
0.123480861400,0.037933583431,0.002732517722,0.112468749154
0.120853609000,0.037576920184,0.002643870790,0.116018399166
0.118226356700,0.037244724646,0.002614211863,0.060579200806
0.115599104300,0.036723703070,0.002673628328,-0.015074740206
0.112971851900,0.036338572511,0.002789730344,-0.049169360217
0.110344599600,0.035764978022,0.002898655328,-0.081594021918
0.107717347200,0.034909468914,0.003031622320,-0.070551733640
0.105090094800,0.034243066604,0.003177650446,-0.023820671146
0.102462842500,0.033908346548,0.003149520740,-0.024294422324
0.099835590100,0.033809086420,0.003067978000,-0.045111965683
0.097208337700,0.033747674787,0.002976213874,-0.011373889478
0.094581085300,0.033954094422,0.002693640376,0.045666935213
0.091953833000,0.034226403249,0.002475554422,0.046821778560
0.089326580600,0.034363663506,0.002334079963,-0.008282118601
0.086699328200,0.034538287880,0.002487518617,-0.083991258271
0.084072075900,0.034873514859,0.002579201531,-0.170177866838
0.081444823500,0.034988069052,0.002510421033,-0.242393625869
0.078817571100,0.034990387703,0.002603430051,-0.249383962551
0.076190318700,0.035158814469,0.002522492030,-0.233100908629
0.073563066400,0.035204460294,0.002275641827,-0.211554881470
0.070935814000,0.035211030007,0.002267055615,-0.181359650707
0.068308561600,0.035193229474,0.002196279674,-0.142887253456
0.065681309300,0.035043761906,0.002044016276,-0.135822658323
0.063054056900,0.034822721096,0.002062248595,-0.169291508990
0.060426804500,0.034570307767,0.002020196572,-0.112529490056
0.057799552100,0.034246617141,0.002068604913,-0.021083842091
0.055172299800,0.033767086700,0.002060624663,-0.007571852264
0.052545047400,0.033495260214,0.002104212977,0.032943788393
0.049917795000,0.033259014351,0.002162706550,0.112672438169
0.047290542700,0.032958490764,0.002218328628,0.126592561759
0.044663290300,0.032836516757,0.001982692005,0.120191909266
0.042036037900,0.032772653535,0.002050504936,0.123030751099
0.039408785500,0.032732142129,0.002154030147,0.149053031523
0.036781533200,0.032731375400,0.002105942780,0.165526675251
0.034154280800,0.032624075777,0.002196236572,0.118711449791
0.031527028400,0.032757161261,0.002274809691,0.153487001081
0.028899776100,0.032891044644,0.002198611504,0.160680945831
0.026272523700,0.032975730037,0.002105393349,0.311722488123
0.023645271300,0.032827661333,0.001835645873,0.289188420174
0.021018019000,0.032455732191,0.001799339000,-0.081169175817
0.018390766600,0.032346462525,0.002037048936,-0.164119098018
0.015763514200,0.032354596040,0.002056958692,-0.053465175400
0.013136261800,0.032286813157,0.002127168586,-0.053649852960
0.010509009500,0.032415580049,0.002250281856,-0.127161595981
0.007881757100,0.032844528179,0.002064541104,-0.189222484849
0.005254504700,0.033335034560,0.001862888990,-0.016791570206
0.002627252400,0.033623576592,0.001432964278,1.984045892080
0.000000000000,0.032361600454,0.001071602032,3.811151536876
