0.391460603250,0.055680695031,-0.000051240399,1.161196320917
0.388833350880,0.056806754934,-0.000703434195,1.224626169983
0.386206098510,0.056730029544,-0.000452328257,0.412875426522
0.383578846140,0.053234681227,-0.000568077012,-0.346363591907
0.380951593770,0.054084644264,-0.000623139408,-0.263596516391
0.378324341400,0.055011465112,-0.000620257546,-0.196819687987
0.375697089030,0.055417797366,-0.000799350041,-0.202764402524
0.373069836660,0.054926887375,-0.000807800374,-0.109336879860
0.370442584290,0.055880305445,-0.000936870711,-0.260349884899
0.367815331920,0.057251678997,-0.001253619788,-0.399543623312
0.365188079550,0.058241466714,-0.001271687906,-0.309947548731
0.362560827170,0.058751763415,-0.001230892854,-0.194270198521
0.359933574800,0.059084551846,-0.001272056041,-0.152246458200
0.357306322430,0.059384356026,-0.001512965921,-0.123174469970
0.354679070060,0.059492754910,-0.001526657153,-0.022196063567
0.352051817690,0.059421385158,-0.001432299300,-0.017711664654
0.349424565320,0.059943843993,-0.001391330710,-0.031628587924
0.346797312950,0.060209895269,-0.001640640836,0.044006449509
0.344170060580,0.060407950692,-0.001801671061,0.126900224508
0.341542808210,0.060429461836,-0.001917442564,0.137835108899
0.338915555840,0.060561809881,-0.001956560585,0.061937000246
0.336288303460,0.060692354388,-0.001915252442,-0.017543605392
0.333661051090,0.060654204812,-0.001696202974,-0.100792795062
0.331033798720,0.060530493269,-0.001664492901,-0.174868694437
0.328406546350,0.060293438213,-0.001626666242,-0.185263077490
0.325779293980,0.059863228431,-0.001174597235,-0.100284291285
0.323152041610,0.059425410604,-0.000877268082,-0.056498739290
0.320524789240,0.058995895310,-0.000755080436,-0.058301980142
0.317897536870,0.058716548269,-0.000502115098,-0.009814598261
0.315270284500,0.058455572312,-0.000410873158,0.026836489131
0.312643032100,0.058286594934,-0.000382138522,0.022712348314
0.310015779800,0.058063549102,-0.000225054171,-0.040465036714
0.307388527400,0.057855258982,0.000150354754,-0.121503050511
0.304761275000,0.057710873737,0.000550182399,-0.154877065434
0.302134022600,0.057670056517,0.000879266444,-0.182316596793
0.299506770300,0.057800114738,0.001219032879,-0.160695233093
0.296879517900,0.057857229687,0.001533455772,-0.129997197300
0.294252265500,0.058029201871,0.001854918239,-0.092121979676
0.291625013200,0.058293621994,0.002107724058,0.017962022872
0.288997760800,0.058451692800,0.002126961887,0.080076468999
0.286370508400,0.058539594491,0.002299123714,0.105788082161
0.283743256000,0.058532146009,0.002280970506,0.092747398636
0.281116003700,0.058530483857,0.002097102978,0.018318182249
0.278488751300,0.058572259973,0.001962872552,-0.051188296429
0.275861498900,0.058580352823,0.001942309849,-0.040408953872
0.273234246600,0.058533449120,0.001925954527,-0.008707850025
0.270606994200,0.058548764320,0.001773828715,0.002037900509
0.267979741800,0.058536616624,0.001792284677,0.042110004041
0.265352489400,0.058492095446,0.001859017678,0.015070969544
0.262725237100,0.058552874624,0.001868344171,-0.116093058842
0.260097984700,0.058561669596,0.001956670410,-0.228714418780
0.257470732300,0.058475011926,0.002025843444,-0.233647259697
0.254843480000,0.058404757822,0.002078566741,-0.107430785990
0.252216227600,0.058329951337,0.002163165305,0.065308700995
0.249588975200,0.058337434400,0.002109568099,0.147939490148
0.246961722900,0.058396140774,0.002012217933,0.160830973850
0.244334470500,0.058404611661,0.001776514813,0.133347209398
0.241707218100,0.058478748299,0.001624254976,0.071362765201
0.239079965700,0.058495489732,0.001405135463,0.000680232799
0.236452713400,0.058334120288,0.001305957080,-0.012847621560
0.233825461000,0.058060138017,0.001288007337,0.020374738306
0.231198208600,0.057753598371,0.001187738027,0.020951045416
0.228570956300,0.057541073440,0.000971084138,-0.017473118940
0.225943703900,0.057381605417,0.000692473385,-0.032711438162
0.223316451500,0.057279628816,0.000388608300,-0.001999761180
0.220689199100,0.057273989394,0.000172226036,0.018684741961
0.218061946800,0.057213371310,-0.000019964135,0.015332813709
0.215434694400,0.057242264083,-0.000049436000,-0.052482084960
0.212807442000,0.057434517519,-0.000035293920,-0.083266770068
0.210180189700,0.057643662449,0.000010705922,-0.139532145394
0.207552937300,0.057695876712,0.000072673411,-0.214369655550
0.204925684900,0.057522911021,-0.000014946825,-0.144869287965
0.202298432500,0.057135907685,0.000111617751,-0.044300037506
0.199671180200,0.057804920333,0.000268322497,-0.002588968961
0.197043927800,0.057642006926,0.000497635157,0.005239225938
0.194416675400,0.057533836724,0.000677536743,0.021637625325
0.191789423100,0.057343217098,0.000787168104,0.003329203413
0.189162170700,0.057214815636,0.000897529470,0.015384880178
0.186534918300,0.057215415581,0.000985389619,0.090489630079
0.183907666000,0.057126001626,0.001102899830,0.180583807548
0.181280413600,0.057031688618,0.001221470104,0.289719994014
0.178653161200,0.057002482369,0.001253073629,0.409698251732
0.176025908800,0.057091507636,0.001554279045,0.401622407689
0.173398656500,0.057222962319,0.001954367222,0.307840957594
0.170771404100,0.057506257955,0.002206823519,0.254958468322
0.168144151700,0.057740214279,0.002018907874,0.171264426754
0.165516899400,0.058077679257,0.001889063543,0.036789993220
0.162889647000,0.058379752514,0.001717103300,0.012253303760
0.160262394600,0.058736622160,0.001689388368,0.072943063967
0.157635142200,0.059095219665,0.001503341962,0.095788450413
0.155007889900,0.059313503807,0.001324756380,0.010919459834
0.152380637500,0.059518265170,0.001334202380,-0.113546849122
0.149753385100,0.059647189601,0.001463921307,-0.187146655315
0.147126132800,0.059534207085,0.001457328593,-0.201363659121
0.144498880400,0.059310359437,0.001636165544,-0.223287310012
0.141871628000,0.058995130566,0.001678788920,-0.209874775321
0.139244375600,0.058618436791,0.001666066965,-0.186252590700
0.136617123300,0.058336375621,0.001620940740,-0.142953239228
0.133989870900,0.058133570333,0.001666008210,-0.090661372485
0.131362618500,0.058032030982,0.001891447636,-0.043793834130
0.128735366200,0.057638134487,0.002231787384,-0.041390899133
0.126108113800,0.057079101333,0.002527651125,-0.023205228990
0.123480861400,0.056713800609,0.002588993365,0.038153980366
0.120853609000,0.056239852022,0.002709929325,0.030468667353
0.118226356700,0.056038487406,0.002648253716,0.041897481711
0.115599104300,0.055817639790,0.002781049675,0.068627159030
0.112971851900,0.055763084551,0.002828393016,0.053168495818
0.110344599600,0.055767504392,0.003005603491,0.076039333076
0.107717347200,0.055946824774,0.003049053478,0.065830299807
0.105090094800,0.056039900639,0.003140973983,0.043294281583
0.102462842500,0.056084960256,0.003200456735,0.040373821677
0.099835590100,0.056206478013,0.003479338891,0.058289162545
0.097208337700,0.056366040348,0.003675349593,0.065426162700
0.094581085300,0.056529177040,0.003586941773,0.052850782215
0.091953833000,0.056642393487,0.003446247838,0.016565700493
0.089326580600,0.056674164322,0.003304878688,0.007205818814
0.086699328200,0.056487022289,0.002977476238,0.054941803779
0.084072075900,0.056297844874,0.002872128428,0.104144559873
0.081444823500,0.056194501943,0.002677828916,0.137811642901
0.078817571100,0.056155838509,0.002363934245,0.192901956307
0.076190318700,0.056044616306,0.002469904525,0.278378502192
0.073563066400,0.055827854176,0.002719638487,0.351651742169
0.070935814000,0.055637660428,0.002780015899,0.440974087340
0.068308561600,0.055552567106,0.002781035168,0.428842686133
0.065681309300,0.055427291466,0.002746291627,0.341959779742
0.063054056900,0.055427628719,0.002677078114,0.311030136241
0.060426804500,0.055475426589,0.002702198217,0.318227240886
0.057799552100,0.055444856445,0.002825813160,0.330101788201
0.055172299800,0.055471366714,0.002910988186,0.326618320825
0.052545047400,0.055398523244,0.002972184734,0.360166023611
0.049917795000,0.055498955458,0.002850364590,0.373560636589
0.047290542700,0.055628473393,0.002760327688,0.283464822470
0.044663290300,0.055547503016,0.002692160990,0.153914941909
0.042036037900,0.055539692634,0.002679378093,0.093212081325
0.039408785500,0.055560484367,0.002607418250,0.050553606739
0.036781533200,0.055274936785,0.002441661731,0.079529970257
0.034154280800,0.054958623128,0.002206100524,0.177280733100
0.031527028400,0.054600700686,0.001932648230,0.266186502641
0.028899776100,0.054212964793,0.001699056260,0.422274992448
0.026272523700,0.052655130615,0.001476145039,0.299309971112
0.023645271300,0.050939655322,0.001175578292,-0.066881072632
0.021018019000,0.050357312313,0.001157207788,0.034450642763
0.018390766600,0.051500006392,0.001036257963,0.159750666020
0.015763514200,0.051566366067,0.000943327977,0.069355907285
0.013136261800,0.051726354410,0.000999989673,-0.035788752578
0.010509009500,0.052061347930,0.000904547051,-0.096201424224
0.007881757100,0.052427743846,0.000615281127,-0.107236679337
0.005254504700,0.052886750365,0.000241765378,-0.181266214038
0.002627252400,0.053098337618,-0.000211314300,1.394005748140
0.000000000000,0.049089582572,-0.000344107631,3.011001472686
