0.391460603250,-0.031967421836,0.000139093925,-0.177305792453
0.388833350880,-0.032925819617,0.000379213259,-0.493984074287
0.386206098510,-0.033013943094,0.000799236941,0.007955546386
0.383578846140,-0.032762901464,0.000840625803,0.464778256446
0.380951593770,-0.033246329168,0.001050198807,0.299006902489
0.378324341400,-0.034438557211,0.001283287884,0.046465042165
0.375697089030,-0.034959297084,0.001271333726,-0.315226812649
0.373069836660,-0.033838771988,0.001459021360,-0.134190729359
0.370442584290,-0.033891489895,0.001710091111,-0.150747642132
0.367815331920,-0.033109587073,0.001850442288,0.173305721263
0.365188079550,-0.032575627531,0.002174719885,-0.106325796472
0.362560827170,-0.031959434836,0.002417276573,-0.438441464682
0.359933574800,-0.031520053803,0.002674540986,-0.046608768038
0.357306322430,-0.031574084811,0.002923122221,-0.038617955290
0.354679070060,-0.032208273055,0.003077275420,-0.029546939930
0.352051817690,-0.031818114165,0.003167013038,-0.058907780970
0.349424565320,-0.031506238332,0.003335229441,-0.049786030307
0.346797312950,-0.031335850598,0.003403786159,-0.030308487808
0.344170060580,-0.031082732916,0.003462863084,-0.049949568111
0.341542808210,-0.030931584529,0.003587322154,-0.062610462234
0.338915555840,-0.030870194492,0.003692798347,-0.066770018265
0.336288303460,-0.030926218086,0.003720595052,-0.022461750201
0.333661051090,-0.031013747623,0.003935922269,0.011665206716
0.331033798720,-0.031091032358,0.004039436029,0.044359823620
0.328406546350,-0.031257133275,0.004020569139,0.069811796008
0.325779293980,-0.031436096579,0.004058622039,0.112190341624
0.323152041610,-0.031653136018,0.004078211740,0.132707979613
0.320524789240,-0.031722923139,0.004105951081,0.101428668873
0.317897536870,-0.031872028856,0.004027563010,0.088760246168
0.315270284500,-0.032109864232,0.004005606234,0.075094733452
0.312643032100,-0.032241250832,0.004105026163,0.074605663683
0.310015779800,-0.032277329422,0.004063732559,0.104575777627
0.307388527400,-0.032403468656,0.004001633221,0.090570974805
0.304761275000,-0.032561083600,0.003885166357,0.016552088552
0.302134022600,-0.032706563368,0.003765846174,-0.015272112523
0.299506770300,-0.032753857600,0.003748903985,0.032726084883
0.296879517900,-0.032756684176,0.003648371925,-0.015896720318
0.294252265500,-0.032793974094,0.003550928060,-0.026542034089
0.291625013200,-0.032629370404,0.003458212242,0.007852390580
0.288997760800,-0.032375611805,0.003489878847,-0.008829579383
0.286370508400,-0.032274567713,0.003661831691,0.002862881536
0.283743256000,-0.032266235413,0.003799796131,0.076835353278
0.281116003700,-0.032298385476,0.003721716728,0.142598590219
0.278488751300,-0.032142938764,0.003680924970,0.110692352869
0.275861498900,-0.031969064338,0.003596798592,0.067756515432
0.273234246600,-0.031897582169,0.003640599691,0.042678066516
0.270606994200,-0.031974281456,0.003642150213,0.017746546635
0.267979741800,-0.031939185489,0.003562927616,-0.012115714117
0.265352489400,-0.031854233861,0.003529937292,0.006899944912
0.262725237100,-0.031825346923,0.003383477761,0.033600280339
0.260097984700,-0.031883423352,0.003201410834,0.051521868995
0.257470732300,-0.032027839933,0.003093793645,0.078300669916
0.254843480000,-0.032212401177,0.002930459434,0.087842662168
0.252216227600,-0.032416493484,0.002673194469,0.061750591915
0.249588975200,-0.032600982196,0.002520889808,0.071848580238
0.246961722900,-0.032797426088,0.002398803404,0.099216439414
0.244334470500,-0.032982983437,0.002282862672,0.101924986726
0.241707218100,-0.033137374747,0.002149724006,0.074996766172
0.239079965700,-0.033341083868,0.001944801140,0.045523687515
0.236452713400,-0.033468544851,0.001823489021,0.009034103941
0.233825461000,-0.033656256508,0.001775089906,-0.008150956411
0.231198208600,-0.033814185602,0.001609763646,0.006698370777
0.228570956300,-0.033908999237,0.001503278957,-0.007460468425
0.225943703900,-0.034097156983,0.001513335171,0.010542370671
0.223316451500,-0.034350668269,0.001579362361,0.053202602091
0.220689199100,-0.034758530808,0.001805640070,0.088284278427
0.218061946800,-0.035224271260,0.001781820006,0.125186506161
0.215434694400,-0.035607856724,0.001763132881,0.166429143563
0.212807442000,-0.036011184691,0.001848475731,0.196709922158
0.210180189700,-0.036365940543,0.001886647681,0.210896311418
0.207552937300,-0.036704965953,0.001888686521,0.198795574081
0.204925684900,-0.036878942691,0.001953444390,0.203625251394
0.202298432500,-0.036978909026,0.001973442784,0.217263818497
0.199671180200,-0.036999478759,0.001989977090,0.194198710943
0.197043927800,-0.036874130782,0.002123119342,0.194305800525
0.194416675400,-0.036793633716,0.002287763908,0.204467480561
0.191789423100,-0.036651717509,0.002523841576,0.171738555719
0.189162170700,-0.036490871399,0.002820597118,0.123154671179
0.186534918300,-0.036323385477,0.003014067345,0.063394012363
0.183907666000,-0.036205819447,0.003135455894,0.053274658723
0.181280413600,-0.036151421539,0.003176302758,0.068258607191
0.178653161200,-0.036087698638,0.003162732178,0.106291798682
0.176025908800,-0.036088220604,0.003227480818,0.128346934771
0.173398656500,-0.036102848381,0.003324814396,0.096275726352
0.170771404100,-0.036101585688,0.003331778773,0.085576903090
0.168144151700,-0.036147753153,0.003393832937,0.061129011875
0.165516899400,-0.036138606304,0.003450739833,0.018565581628
0.162889647000,-0.036116435377,0.003534052475,0.012365742035
0.160262394600,-0.036064269259,0.003716685348,0.032668844162
0.157635142200,-0.036038501854,0.003760862947,0.061979424125
0.155007889900,-0.036025089743,0.003672072002,0.087133084777
0.152380637500,-0.036043825275,0.003677758093,0.110231740880
0.149753385100,-0.035855165139,0.003702445473,0.122508578456
0.147126132800,-0.035495293208,0.003695254493,0.133155073687
0.144498880400,-0.035173999006,0.003738050253,0.105899003699
0.141871628000,-0.034794087554,0.003738666573,0.020576522902
0.139244375600,-0.034285845863,0.003630567487,-0.029539482317
0.136617123300,-0.033728808746,0.003390362699,-0.012232796963
0.133989870900,-0.033282126810,0.003061471463,-0.031067695429
0.131362618500,-0.032953863823,0.002809184132,-0.055322885086
0.128735366200,-0.032643302106,0.002637255028,-0.079954762093
0.126108113800,-0.032656525338,0.002259481834,-0.095511595274
0.123480861400,-0.032721453784,0.001722027241,-0.057922303439
0.120853609000,-0.032915677747,0.001489116874,0.003003528578
0.118226356700,-0.033199564826,0.001179284074,0.059249906582
0.115599104300,-0.033430293930,0.001090795883,0.134242452865
0.112971851900,-0.033845541549,0.000883445645,0.177450041607
0.110344599600,-0.034270757307,0.000954452907,0.207974656336
0.107717347200,-0.034632754733,0.001027946926,0.216925415817
0.105090094800,-0.034993190469,0.001049620798,0.127198389460
0.102462842500,-0.035395465025,0.001155910472,0.031317605507
0.099835590100,-0.035894605811,0.001214977979,-0.009473411172
0.097208337700,-0.036417665430,0.001205160761,0.007825691472
0.094581085300,-0.036868520958,0.001244386595,0.023264008033
0.091953833000,-0.037211494209,0.001307166843,0.046135425001
0.089326580600,-0.037542661589,0.001319925224,0.058005746400
0.086699328200,-0.037703233802,0.001126708041,0.076352715116
0.084072075900,-0.037648800305,0.000895637787,0.218991610099
0.081444823500,-0.037532211736,0.000573284678,0.244035746223
0.078817571100,-0.037415873526,0.000306394792,0.152448809816
0.076190318700,-0.037124473760,0.000211977802,0.010794521736
0.073563066400,-0.036870925825,0.000209163453,-0.070004001360
0.070935814000,-0.036721080884,0.000184187877,0.020389522252
0.068308561600,-0.036589137273,0.000476127859,0.113446381972
0.065681309300,-0.036476776946,0.000621718511,0.063777070366
0.063054056900,-0.036578028479,0.000745878922,0.032761074188
0.060426804500,-0.036763483365,0.000808446675,0.040544063955
0.057799552100,-0.037092761454,0.000734932612,0.079358142132
0.055172299800,-0.037416402733,0.000736566120,0.097082305225
0.052545047400,-0.037741590959,0.000686864145,0.094719611488
0.049917795000,-0.038253936144,0.000788465337,0.130446729074
0.047290542700,-0.038678422670,0.001161125356,0.300279477449
0.044663290300,-0.039029400753,0.001763232681,0.045755841132
0.042036037900,-0.039360358843,0.001704886365,-0.237768170288
0.039408785500,-0.039607363650,0.002097238417,-0.158988594762
0.036781533200,-0.039883566639,0.002323801664,-0.177962742223
0.034154280800,-0.040133516770,0.002094376575,-0.115528131649
0.031527028400,-0.040092566252,0.002016589957,-0.021645078410
0.028899776100,-0.040020731250,0.002016366458,0.001100015279
0.026272523700,-0.039999550562,0.001786861710,0.058673335260
0.023645271300,-0.039849279967,0.001474426501,0.070606002447
0.021018019000,-0.039741834481,0.001285272459,-0.074520911724
0.018390766600,-0.039817985721,0.001178359792,-0.138358473548
0.015763514200,-0.039970552510,0.001093605518,-0.032796214316
0.013136261800,-0.040170338766,0.000888285452,0.001867526699
0.010509009500,-0.040144864068,0.000816968127,-0.084319943845
0.007881757100,-0.039876976357,0.000851925220,-0.140550482691
0.005254504700,-0.039616136002,0.000761272620,-0.107658744509
0.002627252400,-0.038983138439,0.000745395051,0.142607741093
0.000000000000,-0.033601253048,0.000789615156,0.374417723451
