0.391460603250,0.027956799220,0.001013139052,-0.809505824761
0.388833350880,0.028854657065,0.000548780927,-0.653055100136
0.386206098510,0.029799028105,0.000436543968,-0.325062606024
0.383578846140,0.029180998200,0.000826261433,-0.349936648029
0.380951593770,0.030188153059,0.001027625618,-0.170929895228
0.378324341400,0.030598609828,0.001221534087,-0.080461505514
0.375697089030,0.029749920434,0.001485874113,0.336285812887
0.373069836660,0.028815187825,0.001265675562,0.422708703401
0.370442584290,0.026857012843,0.000942756480,-0.351228227926
0.367815331920,0.029591558237,0.000786338335,-0.481939424978
0.365188079550,0.031981576887,0.000767847150,-0.326673176324
0.362560827170,0.032319376291,0.000876684458,-0.224575544094
0.359933574800,0.032793380565,0.000753101363,-0.146408792454
0.357306322430,0.033160351778,0.000795655970,-0.138394048723
0.354679070060,0.033402683629,0.000779457990,-0.119383505280
0.352051817690,0.033701175099,0.000632587245,-0.105885395116
0.349424565320,0.033841052287,0.000702448649,-0.058328440741
0.346797312950,0.034010184610,0.000825361649,-0.003224360519
0.344170060580,0.034112272539,0.000819139014,0.064590462874
0.341542808210,0.034171294038,0.000660954615,0.126856046394
0.338915555840,0.034234394544,0.000727559282,0.144231583629
0.336288303460,0.034218673285,0.000854954318,0.112136686679
0.333661051090,0.034210208011,0.000920534562,0.092059619176
0.331033798720,0.034100916210,0.000936564540,0.099528975403
0.328406546350,0.034017055888,0.000974218024,0.090728110332
0.325779293980,0.033876646311,0.001003646841,0.074505282891
0.323152041610,0.033708836888,0.001038974403,0.072235054675
0.320524789240,0.033575047470,0.000992847309,0.061957607388
0.317897536870,0.033576244537,0.000940952031,0.019101079167
0.315270284500,0.033592392318,0.000930261713,-0.035465599328
0.312643032100,0.033571661083,0.000913302846,-0.031331241473
0.310015779800,0.033418365104,0.001004310487,-0.012599150869
0.307388527400,0.033307060213,0.001228352572,-0.014859558583
0.304761275000,0.033184329671,0.001672926968,-0.010853863600
0.302134022600,0.032989037775,0.002107957789,0.009296654101
0.299506770300,0.032799471330,0.002668446360,0.009393294891
0.296879517900,0.032731179306,0.003051752280,-0.040204419436
0.294252265500,0.032737431698,0.003309772606,-0.041520396232
0.291625013200,0.032665420344,0.003571794087,-0.041719638761
0.288997760800,0.032640896595,0.003762120402,-0.020235106399
0.286370508400,0.032780346533,0.003880865569,-0.018479880621
0.283743256000,0.032953677253,0.003920886627,-0.004628444439
0.281116003700,0.033116641032,0.003987016108,0.071910620542
0.278488751300,0.033212728824,0.003975100840,0.121992880419
0.275861498900,0.033355873969,0.003861373918,0.155294683940
0.273234246600,0.033501015294,0.003878212571,0.178535070945
0.270606994200,0.033512066868,0.003835973308,0.178492359391
0.267979741800,0.033476925153,0.003687953549,0.140062472886
0.265352489400,0.033313818963,0.003529136742,0.072557601777
0.262725237100,0.033079652843,0.003160064837,0.021997191667
0.260097984700,0.032866050991,0.002938794408,0.027624964949
0.257470732300,0.032702615760,0.002767081564,0.009177849749
0.254843480000,0.032637868136,0.002580304734,0.007185085388
0.252216227600,0.032557068362,0.002454178795,0.000078793414
0.249588975200,0.032426895036,0.002370180406,0.027053842023
0.246961722900,0.032347416969,0.002267261371,0.103545201284
0.244334470500,0.032274875018,0.002318937254,0.104296729761
0.241707218100,0.032170023048,0.002367284927,0.059963720761
0.239079965700,0.032091934263,0.002290977093,-0.038040807702
0.236452713400,0.031996211388,0.002114334724,-0.112470080595
0.233825461000,0.031912780911,0.001962006870,-0.151598879499
0.231198208600,0.031673736545,0.001825960381,-0.185698960851
0.228570956300,0.031231782406,0.001599217853,-0.115088190644
0.225943703900,0.030823500644,0.001210655623,-0.032519539376
0.223316451500,0.030342366806,0.001045913289,0.053962492563
0.220689199100,0.029724739429,0.000813867540,0.141266506487
0.218061946800,0.029266702416,0.000815392411,0.172549488079
0.215434694400,0.028998215435,0.000785790836,0.159684646686
0.212807442000,0.028783052799,0.000697677432,0.180349067170
0.210180189700,0.028679722360,0.000723241880,0.200986686812
0.207552937300,0.028746429610,0.000674130109,0.178999031668
0.204925684900,0.028842327508,0.000735130279,0.174698446730
0.202298432500,0.028997383653,0.000932640664,0.165454170767
0.199671180200,0.029247492983,0.001187525555,0.138689584341
0.197043927800,0.029445541950,0.001261214210,0.135544707830
0.194416675400,0.029485776228,0.001499979568,0.137608187839
0.191789423100,0.029451409129,0.001649288378,0.101069455689
0.189162170700,0.029419725983,0.001768270090,0.069563076794
0.186534918300,0.029288596426,0.002162435582,0.056315572065
0.183907666000,0.029193095717,0.002472740041,-0.001729640979
0.181280413600,0.029166931337,0.002592416027,-0.019285230518
0.178653161200,0.029100828374,0.002818757807,0.035512506245
0.176025908800,0.029248639969,0.003023946395,0.009130240659
0.173398656500,0.029389872629,0.003295874449,-0.027234385152
0.170771404100,0.029520870556,0.003414995260,-0.010370556883
0.168144151700,0.029625894727,0.003568988146,0.006639886609
0.165516899400,0.029751384826,0.003826874589,0.054611318631
0.162889647000,0.029999347025,0.004015780558,0.151152317636
0.160262394600,0.030429155986,0.004311062396,0.206276964057
0.157635142200,0.030871630624,0.004484710627,0.244949228234
0.155007889900,0.031259124982,0.004483437582,0.265410538008
0.152380637500,0.031725881818,0.004495702924,0.229855633637
0.149753385100,0.032252589640,0.004443829177,0.123871642141
0.147126132800,0.032654225795,0.004307334593,0.044010465825
0.144498880400,0.032975220778,0.004122450699,0.045584901612
0.141871628000,0.033047222862,0.004039188302,0.095898775107
0.139244375600,0.033023874920,0.004090041066,0.109227543738
0.136617123300,0.032942395017,0.003819324175,0.042158782476
0.133989870900,0.032771375035,0.003578013100,0.000336527182
0.131362618500,0.032554113642,0.003463952368,0.017638478446
0.128735366200,0.031564301861,0.003179275132,0.053456338273
0.126108113800,0.032255757574,0.002965030232,0.111747629153
0.123480861400,0.031949193340,0.002876094801,0.124729154687
0.120853609000,0.031651066299,0.002740808591,0.069168535728
0.118226356700,0.031327145154,0.002615484922,0.038504310434
0.115599104300,0.030960595377,0.002660533865,0.010394427140
0.112971851900,0.030542626451,0.002854811532,-0.013113798393
0.110344599600,0.029764223508,0.003005006185,-0.019671463903
0.107717347200,0.029598690485,0.003027307938,-0.016358047733
0.105090094800,0.029146478882,0.003059733522,-0.005594261037
0.102462842500,0.028011091279,0.002876496662,-0.024493329930
0.099835590100,0.027676904773,0.002662785024,-0.030995855759
0.097208337700,0.027672073587,0.002530735542,-0.011775512673
0.094581085300,0.027881287764,0.002200247343,-0.004900312584
0.091953833000,0.028128263685,0.001952638239,0.018585960759
0.089326580600,0.028331915302,0.001894972389,0.022592405982
0.086699328200,0.028456664860,0.001903379973,-0.046488242684
0.084072075900,0.028660269504,0.001964325947,-0.166859311456
0.081444823500,0.028883131586,0.002072217152,-0.236114001667
0.078817571100,0.029101768231,0.001956899155,-0.261347402634
0.076190318700,0.029295943315,0.001927217596,-0.241007069936
0.073563066400,0.029332771436,0.002082655293,-0.224871587002
0.070935814000,0.029422317610,0.001979569812,-0.238514640858
0.068308561600,0.029476233218,0.001935389865,-0.215349055037
0.065681309300,0.029200861963,0.001960570989,-0.141066524764
0.063054056900,0.028887340306,0.001879530823,-0.069084178091
0.060426804500,0.028569484450,0.001722314557,-0.033620828098
0.057799552100,0.028188134206,0.001815747172,-0.001432106970
0.055172299800,0.027805680268,0.001940806892,0.075675668434
0.052545047400,0.027469710740,0.002010584473,0.082841658784
0.049917795000,0.027269195203,0.001882467709,0.027796294712
0.047290542700,0.027054727044,0.001828148188,0.054045862949
0.044663290300,0.026903081851,0.001820830991,0.147331403018
0.042036037900,0.026759141042,0.001762552268,0.143641751913
0.039408785500,0.026722797267,0.001888142044,0.089779090942
0.036781533200,0.026647390118,0.001985364192,0.109576590287
0.034154280800,0.026692680521,0.002122226622,0.154902255498
0.031527028400,0.026651521062,0.002140033518,0.222215445441
0.028899776100,0.026803446710,0.002154120946,0.203933953251
0.026272523700,0.026724759380,0.002081978926,0.088696280144
0.023645271300,0.026422521038,0.001843743046,0.043107529195
0.021018019000,0.026301552323,0.001835060151,0.002498105245
0.018390766600,0.026315634264,0.002076665132,-0.066019042594
0.015763514200,0.026098431957,0.002162889360,-0.030722242789
0.013136261800,0.026093224926,0.002079348310,-0.053739646622
0.010509009500,0.026370332047,0.002000503574,-0.115210373273
0.007881757100,0.026783965033,0.001920437866,-0.157785197149
0.005254504700,0.027178916505,0.001802483221,0.023885097525
0.002627252400,0.027559488704,0.001538301830,2.245185024208
0.000000000000,0.025129784431,0.001358292225,4.262227118412
