0.391460603250,0.049316927839,-0.000050592407,0.750713807223
0.388833350880,0.047490316789,0.000357397908,0.353902330596
0.386206098510,0.047545246935,0.000475446738,0.091766015438
0.383578846140,0.048045061183,0.000848828890,0.129872060757
0.380951593770,0.047751056260,0.000980472794,0.106498175706
0.378324341400,0.046704107792,0.000933847176,0.243162561154
0.375697089030,0.047022744002,0.000945358847,0.454889540194
0.373069836660,0.045953515784,0.000894015250,0.383348380533
0.370442584290,0.047870578871,0.000947139775,0.082486598688
0.367815331920,0.050561841498,0.000906156913,-0.005511759874
0.365188079550,0.050195751196,0.000856135129,-0.148666470906
0.362560827170,0.051423469194,0.000714412868,-0.208415866466
0.359933574800,0.051622858610,0.000537704567,-0.199015412925
0.357306322430,0.052149329090,0.000233768172,-0.158391895982
0.354679070060,0.052750355316,-0.000055572937,-0.014699836472
0.352051817690,0.052845781166,-0.000349546026,0.112687744749
0.349424565320,0.052889764108,-0.000693466402,0.093589371646
0.346797312950,0.052866933078,-0.000970923173,0.028570162747
0.344170060580,0.052734561090,-0.001062497787,-0.083263109015
0.341542808210,0.052737003487,-0.001315302152,-0.153941079959
0.338915555840,0.052646459309,-0.001744194154,-0.159032076089
0.336288303460,0.052610332026,-0.001739955041,-0.144238998818
0.333661051090,0.052532528237,-0.001510576129,-0.102606763028
0.331033798720,0.052336845332,-0.001273279229,-0.072691019772
0.328406546350,0.052201044191,-0.000830034291,-0.039330518524
0.325779293980,0.052071745141,-0.000460820672,0.093275486475
0.323152041610,0.051877951443,-0.000181290949,0.104371121666
0.320524789240,0.051749999750,0.000021043601,0.051453191960
0.317897536870,0.051641498292,0.000146182346,0.035741393875
0.315270284500,0.051491047040,0.000199142229,0.043304396908
0.312643032100,0.051291881662,0.000356711909,0.033927085397
0.310015779800,0.051184338083,0.000479752217,-0.011043824230
0.307388527400,0.051217423067,0.000848483380,-0.016424901299
0.304761275000,0.051166142881,0.001432694563,-0.047508669350
0.302134022600,0.051045417868,0.001881761930,-0.046858124605
0.299506770300,0.050851481518,0.002062699010,-0.002815266189
0.296879517900,0.050527327232,0.002054451789,-0.005809740064
0.294252265500,0.050275065736,0.002090464162,-0.051481437755
0.291625013200,0.049956139024,0.002098414821,-0.081377912204
0.288997760800,0.049642492427,0.001902771707,-0.107732433699
0.286370508400,0.049483801238,0.001815196699,-0.083899333593
0.283743256000,0.049310549504,0.001930633688,-0.008691708083
0.281116003700,0.049328193750,0.001921871954,0.020712565645
0.278488751300,0.049371520722,0.001909920273,0.044737549767
0.275861498900,0.049338775529,0.001984327673,0.062629254563
0.273234246600,0.049332753704,0.002195080017,0.021742641148
0.270606994200,0.049392673356,0.002455665290,-0.066287968503
0.267979741800,0.049518503249,0.002673376493,-0.111584709884
0.265352489400,0.049819616404,0.002777497976,-0.114647045496
0.262725237100,0.050049916972,0.002899444847,-0.106283437778
0.260097984700,0.050148240484,0.003000351317,-0.071333162442
0.257470732300,0.050231336399,0.003028933283,-0.032444099022
0.254843480000,0.050249737764,0.003008125764,-0.032483427885
0.252216227600,0.050206548654,0.002948006221,0.010293359604
0.249588975200,0.050219042347,0.002960489930,0.094916727540
0.246961722900,0.050165901900,0.002897479367,0.191535755759
0.244334470500,0.050075029700,0.002798645278,0.196123772017
0.241707218100,0.050055628938,0.002791831244,-0.034733297252
0.239079965700,0.050888214185,0.002848766255,0.054269366272
0.236452713400,0.050025102686,0.002874158829,0.179823568650
0.233825461000,0.050046499085,0.002899916669,-0.047812526324
0.231198208600,0.050136519325,0.002795757240,-0.096546841049
0.228570956300,0.050215903379,0.002600275514,-0.112991010558
0.225943703900,0.050326853481,0.002436240835,-0.111106274930
0.223316451500,0.050309310151,0.002349125445,-0.090704486235
0.220689199100,0.050234537117,0.002059632577,-0.050611889064
0.218061946800,0.050147532866,0.001892761654,-0.027054813030
0.215434694400,0.050096733459,0.001824757348,0.000920066355
0.212807442000,0.049928224968,0.001820574528,0.057833717895
0.210180189700,0.049746838285,0.001609469849,0.051538704823
0.207552937300,0.049730319100,0.001755973579,0.064952094864
0.204925684900,0.049846991192,0.001741217201,0.088810242942
0.202298432500,0.050064907481,0.001682603681,0.074029630625
0.199671180200,0.050402268746,0.001764369277,0.037104789698
0.197043927800,0.050627188295,0.001834780852,0.013293606056
0.194416675400,0.050710596009,0.001801800923,0.053524676265
0.191789423100,0.050684179315,0.001873234120,0.057156138467
0.189162170700,0.050550553017,0.002027002860,0.025484727114
0.186534918300,0.050456793999,0.002157735116,0.105119243581
0.183907666000,0.050208839741,0.002373475682,0.181728318202
0.181280413600,0.050026585668,0.002555265217,0.183211540500
0.178653161200,0.050035830379,0.002863327327,0.159003006644
0.176025908800,0.050110619572,0.003108506767,0.095920756942
0.173398656500,0.050116702714,0.003166201319,0.078300094608
0.170771404100,0.050223894400,0.003275606786,0.087607770860
0.168144151700,0.050324826443,0.003394174962,0.072550913453
0.165516899400,0.050267585972,0.003585516208,0.106876679923
0.162889647000,0.050244915354,0.003622509256,0.159493541723
0.160262394600,0.050192310096,0.003576326165,0.240051490199
0.157635142200,0.050231591555,0.003520478582,0.305941934296
0.155007889900,0.050361235913,0.003544493738,0.322008611390
0.152380637500,0.050437951469,0.003617722214,0.339874166639
0.149753385100,0.050485512438,0.003591576705,0.340626207489
0.147126132800,0.050683640987,0.003490367083,0.248147493540
0.144498880400,0.050921724552,0.003484043970,0.169963252131
0.141871628000,0.051205379728,0.003473918336,0.124319163658
0.139244375600,0.051416271582,0.003463586262,0.082183499122
0.136617123300,0.051546977736,0.003339614565,0.039695392159
0.133989870900,0.051527573260,0.003144020558,-0.020698436785
0.131362618500,0.051575029832,0.002918029977,-0.091399367532
0.128735366200,0.051544390461,0.002634144782,-0.109002574961
0.126108113800,0.051382501513,0.002560046564,-0.045622851058
0.123480861400,0.051092084334,0.002528742417,-0.038919682862
0.120853609000,0.050805719110,0.002550876603,-0.050414937711
0.118226356700,0.050669898320,0.002790809642,-0.032943714256
0.115599104300,0.050287511684,0.003033212245,-0.085459930871
0.112971851900,0.049925210778,0.003238137648,-0.123739028357
0.110344599600,0.049721341469,0.003575452365,-0.113975041623
0.107717347200,0.049400002307,0.003685607993,-0.162794192266
0.105090094800,0.049159729830,0.003868950164,-0.208701221409
0.102462842500,0.048917882319,0.004029133205,-0.197095721442
0.099835590100,0.048502775842,0.004060479175,-0.183367729061
0.097208337700,0.048334514921,0.004280885718,-0.182329450121
0.094581085300,0.048464862781,0.004566609790,-0.148466971956
0.091953833000,0.048534433654,0.004804360465,-0.065781859487
0.089326580600,0.048877426266,0.004890103251,-0.035044293637
0.086699328200,0.049355365070,0.004971122884,0.001785236210
0.084072075900,0.049582951727,0.005083134519,-0.019263415868
0.081444823500,0.049744618052,0.005328712893,-0.059847169131
0.078817571100,0.049826822951,0.005364737420,-0.051363581447
0.076190318700,0.049749340374,0.005269771333,-0.055658690864
0.073563066400,0.049481080927,0.005364011518,-0.089533410015
0.070935814000,0.049312835399,0.005386174440,-0.099934983811
0.068308561600,0.049279212717,0.005432909795,-0.110201585580
0.065681309300,0.049111151484,0.005420252987,-0.079734302131
0.063054056900,0.049011663289,0.005343677087,0.008735321009
0.060426804500,0.049006684402,0.005405147875,0.040382663117
0.057799552100,0.048846891414,0.005533917451,-0.001673537216
0.055172299800,0.048586975297,0.005526486865,-0.020467218455
0.052545047400,0.048234031300,0.005570436486,-0.061816044428
0.049917795000,0.048074200777,0.005637321297,-0.061349868554
0.047290542700,0.047928935663,0.005628075625,-0.026306270102
0.044663290300,0.047822552972,0.005454128920,-0.016468989128
0.042036037900,0.047864523572,0.005310388221,0.014539974376
0.039408785500,0.047630445199,0.005225837131,0.073408853846
0.036781533200,0.047535484993,0.005056486435,0.104200036672
0.034154280800,0.047491567331,0.004794774001,0.176425838075
0.031527028400,0.047369838405,0.004523349453,0.200203955829
0.028899776100,0.047366455030,0.004386857412,0.159738795187
0.026272523700,0.047292524148,0.004190819760,0.139375684836
0.023645271300,0.047030581192,0.003667735086,0.254928797812
0.021018019000,0.046966151262,0.003320111496,0.434847953564
0.018390766600,0.046738515375,0.003264574472,0.384549327374
0.015763514200,0.046193728843,0.003005450982,0.220033490246
0.013136261800,0.045511432706,0.002858983488,0.118834581378
0.010509009500,0.045208158464,0.002702356480,0.016897913387
0.007881757100,0.045077486456,0.002433184699,-0.080121233723
0.005254504700,0.045005695134,0.002127056532,-0.233376746025
0.002627252400,0.044974924736,0.001520187056,-0.665496081603
0.000000000000,0.037540595986,0.000899626273,-0.993326384944
