0.391460603250,-0.045680591515,0.000497703922,-0.270615357157
0.388833350880,-0.046038394290,0.000545544196,-0.096209021719
0.386206098510,-0.046948817639,0.000938486050,0.004785938309
0.383578846140,-0.046552942737,0.001163198492,-0.072147234195
0.380951593770,-0.046770878661,0.001349619568,-0.053781731879
0.378324341400,-0.048716619345,0.001521924080,-0.074444361372
0.375697089030,-0.048538682987,0.001766900984,-0.057199339322
0.373069836660,-0.048818141589,0.002071207029,-0.022946943559
0.370442584290,-0.049041356831,0.002131298143,-0.056302809396
0.367815331920,-0.048824817126,0.002230426606,-0.086822305118
0.365188079550,-0.048719448056,0.002379919257,-0.048557987951
0.362560827170,-0.048320263214,0.002538466716,-0.087658396205
0.359933574800,-0.047891077011,0.002882339044,-0.072100417992
0.357306322430,-0.047605579333,0.003028415672,-0.046605945688
0.354679070060,-0.047252657081,0.003111013603,-0.019009262442
0.352051817690,-0.046833366658,0.003060472660,-0.012561567274
0.349424565320,-0.046592253838,0.003100553531,-0.037195713040
0.346797312950,-0.046500329742,0.003065080684,-0.001631746495
0.344170060580,-0.046450650379,0.003089259103,0.023342835087
0.341542808210,-0.046459373755,0.003075974798,0.047659224059
0.338915555840,-0.046342211077,0.003107216503,0.077423566843
0.336288303460,-0.046322026591,0.003103630276,0.105213335262
0.333661051090,-0.046421815920,0.003021557735,0.117682650288
0.331033798720,-0.046540574490,0.002932827101,0.089407143545
0.328406546350,-0.046699659257,0.002898301436,0.067098327178
0.325779293980,-0.046834852645,0.002933030811,0.063439835047
0.323152041610,-0.046843956412,0.002913147386,0.036390131985
0.320524789240,-0.046969695971,0.002890912040,-0.022822462956
0.317897536870,-0.047083632885,0.002635121094,-0.033998333135
0.315270284500,-0.047274123414,0.002645763222,-0.020268810420
0.312643032100,-0.047577389571,0.002711234789,0.010335652407
0.310015779800,-0.047933086595,0.002811452396,-0.074444703647
0.307388527400,-0.048166764043,0.003098319859,-0.050259019901
0.304761275000,-0.048402727598,0.003391618703,0.039541189378
0.302134022600,-0.048589285997,0.003547391520,0.029629606648
0.299506770300,-0.048765577739,0.003832363088,0.013418781434
0.296879517900,-0.048899158474,0.003943400454,0.039918182906
0.294252265500,-0.048966025873,0.004090231296,0.074065971057
0.291625013200,-0.048893274768,0.004196906684,0.058767549465
0.288997760800,-0.048752264832,0.004342347868,0.028099279680
0.286370508400,-0.048546244487,0.004461414274,0.029461321457
0.283743256000,-0.048324915741,0.004440696364,0.027789905093
0.281116003700,-0.048118112885,0.004338752857,0.016282081569
0.278488751300,-0.048018175447,0.004289909765,0.026555627019
0.275861498900,-0.047946348036,0.004143832588,0.066650516644
0.273234246600,-0.047895427549,0.003957963162,0.073014458000
0.270606994200,-0.047934023381,0.003898849899,0.084274600543
0.267979741800,-0.047993926149,0.003842273780,0.107148173008
0.265352489400,-0.048020814045,0.003788457599,0.161097843753
0.262725237100,-0.048080256906,0.003721735569,0.196900799868
0.260097984700,-0.048201300415,0.003657115597,0.126530710067
0.257470732300,-0.048334950805,0.003696579186,0.061091741695
0.254843480000,-0.048340933557,0.003679588734,0.076339188933
0.252216227600,-0.048439590623,0.003687637256,0.025730143778
0.249588975200,-0.048593686662,0.003630012035,-0.059283733396
0.246961722900,-0.048592591193,0.003519728827,-0.090203115528
0.244334470500,-0.048540155298,0.003294746418,-0.114221103210
0.241707218100,-0.048638785310,0.003244069051,-0.166371073893
0.239079965700,-0.048754031812,0.003189968553,-0.227571456066
0.236452713400,-0.048828400781,0.003050851569,-0.218687357876
0.233825461000,-0.049045233676,0.002942993515,-0.129590934049
0.231198208600,-0.049350485888,0.002883447968,-0.037768715399
0.228570956300,-0.049744269564,0.002885000456,0.069078257726
0.225943703900,-0.050235378912,0.002954577313,0.190261952125
0.223316451500,-0.050716009563,0.003073689932,0.253280112228
0.220689199100,-0.051083588526,0.003078747906,0.225899085518
0.218061946800,-0.051375141348,0.003048133609,0.156424579185
0.215434694400,-0.051518560824,0.002979285797,0.114509661439
0.212807442000,-0.051523527542,0.002989825603,0.087365949911
0.210180189700,-0.051455420846,0.002972725955,0.066880485755
0.207552937300,-0.051232607068,0.002937234803,0.117728181303
0.204925684900,-0.050943479884,0.002980786653,0.150088975309
0.202298432500,-0.050781951455,0.003032222606,0.131140721457
0.199671180200,-0.050658043289,0.003049523634,0.120447151577
0.197043927800,-0.050667645587,0.003151432616,0.089450428016
0.194416675400,-0.050817918904,0.003182642759,0.123287148850
0.191789423100,-0.051002465415,0.003372813493,0.152102850807
0.189162170700,-0.051094340667,0.003662785914,0.134495539403
0.186534918300,-0.051368412520,0.003929612472,0.110303978631
0.183907666000,-0.051582567325,0.004174154810,0.108386406795
0.181280413600,-0.051649793892,0.004360787495,0.147740202350
0.178653161200,-0.051596587640,0.004690861150,0.125045892631
0.176025908800,-0.051465543872,0.004987701791,0.046247484495
0.173398656500,-0.051467548590,0.005097831953,0.021144236143
0.170771404100,-0.051296620903,0.005192988705,0.026162157093
0.168144151700,-0.050934121944,0.005368659433,0.056195127056
0.165516899400,-0.050696556035,0.005560006603,0.043262842260
0.162889647000,-0.050420238234,0.005785981625,0.023585404078
0.160262394600,-0.049996693929,0.006067430905,0.084833535982
0.157635142200,-0.049486513336,0.006332092237,0.135287480207
0.155007889900,-0.049148179253,0.006329451597,0.158706364150
0.152380637500,-0.048795496643,0.006137270553,0.107293346139
0.149753385100,-0.048382680893,0.006145721867,0.032526016632
0.147126132800,-0.048125707253,0.006029341522,0.016193968318
0.144498880400,-0.047877471816,0.005967005210,0.021990640635
0.141871628000,-0.047814627383,0.005887516412,0.007300523071
0.139244375600,-0.047954845053,0.005846372953,-0.049059377045
0.136617123300,-0.048162536774,0.005773943175,-0.031720295285
0.133989870900,-0.048328031808,0.005663062094,-0.002636293975
0.131362618500,-0.048599680018,0.005544259818,-0.038270162950
0.128735366200,-0.048754068564,0.005525637139,-0.033928427226
0.126108113800,-0.049124028017,0.005508256614,-0.016388287524
0.123480861400,-0.049468852653,0.005286679431,-0.000585939136
0.120853609000,-0.049786592826,0.005138771202,-0.009449148718
0.118226356700,-0.050416535963,0.004901741960,-0.036016602223
0.115599104300,-0.051217855418,0.004565601877,-0.033893883072
0.112971851900,-0.052062237150,0.004359152095,-0.016114714960
0.110344599600,-0.052842149030,0.004019402522,0.011653299593
0.107717347200,-0.053230080132,0.003629733459,0.050075164889
0.105090094800,-0.053392141757,0.003036940749,0.063888702405
0.102462842500,-0.053324942097,0.002417023502,0.075433240903
0.099835590100,-0.053271612613,0.001976354435,0.055044345093
0.097208337700,-0.053203311312,0.001297788957,0.005275708460
0.094581085300,-0.052925323382,0.000920659123,0.055900133678
0.091953833000,-0.052752957919,0.000694296894,0.058227485310
0.089326580600,-0.052546501605,0.000830480438,-0.034355882181
0.086699328200,-0.052381984739,0.000989258242,-0.128202313980
0.084072075900,-0.052435783297,0.001321199595,-0.142484840013
0.081444823500,-0.052299540100,0.001489576747,-0.129209959723
0.078817571100,-0.052214637317,0.001608206444,-0.139658083027
0.076190318700,-0.052314846924,0.001926699457,-0.082890050614
0.073563066400,-0.052376676335,0.002123603193,-0.009345245700
0.070935814000,-0.052559354962,0.002070518934,0.047753404077
0.068308561600,-0.052652346900,0.001882231509,0.060261301219
0.065681309300,-0.052729287401,0.001827102726,0.090661952299
0.063054056900,-0.052945466037,0.001686531656,0.167671908446
0.060426804500,-0.053103994762,0.001580169359,0.190627096246
0.057799552100,-0.053447743809,0.001475726417,0.153924497951
0.055172299800,-0.053913983687,0.001427332080,0.152476523982
0.052545047400,-0.054160115527,0.001494703143,0.158168449275
0.049917795000,-0.054267598859,0.001655129269,0.093127580229
0.047290542700,-0.054400699166,0.001919436465,0.000430577796
0.044663290300,-0.054494669758,0.001961794143,-0.016283015998
0.042036037900,-0.054519326294,0.001879313598,0.017321313721
0.039408785500,-0.054417858957,0.001894958341,-0.020599746594
0.036781533200,-0.054353949791,0.001988362052,-0.008069339470
0.034154280800,-0.054226612884,0.002076533423,-0.034226028140
0.031527028400,-0.054096384272,0.002116528423,-0.082852926059
0.028899776100,-0.054102060727,0.002173376404,-0.045591286730
0.026272523700,-0.054236100814,0.001989890235,-0.052083993451
0.023645271300,-0.054616790959,0.001659595075,-0.078388849154
0.021018019000,-0.055181662929,0.001634825602,-0.034115673296
0.018390766600,-0.055355846712,0.002057059891,-0.047827589545
0.015763514200,-0.055623511501,0.002278455192,-0.106787418453
0.013136261800,-0.055675485300,0.002329631601,-0.136519403594
0.010509009500,-0.055720134442,0.002186454365,-0.135211745347
0.007881757100,-0.055477969560,0.002101993303,-0.103408145295
0.005254504700,-0.054950570354,0.002016464985,-0.038707054263
0.002627252400,-0.054295173367,0.001660275960,-0.009239438856
0.000000000000,-0.052261483726,0.001175202062,0.017437467422
