0.391460603250,0.057819325649,-0.000326207327,0.269242816296
0.388833350880,0.057207473734,0.000130970936,0.623571574921
0.386206098510,0.057588427017,0.000534988812,-0.160847310900
0.383578846140,0.058283592949,0.000905376859,-0.768908501502
0.380951593770,0.057641078887,0.001223543875,-0.009992293718
0.378324341400,0.057024221072,0.001200240901,0.299212247494
0.375697089030,0.056003119392,0.001107675297,0.347165243413
0.373069836660,0.056550519337,0.001076419042,0.394732900197
0.370442584290,0.056937370982,0.000935484327,0.375027429160
0.367815331920,0.057187348038,0.000838419520,-0.100234784220
0.365188079550,0.058542695417,0.000866721063,-0.436263431149
0.362560827170,0.058750742148,0.000876776272,-0.236680170992
0.359933574800,0.059068339874,0.000590477185,-0.157322345416
0.357306322430,0.060151412018,0.000241630304,-0.134901223994
0.354679070060,0.060441314439,0.000015863347,-0.053803313660
0.352051817690,0.060081797452,-0.000329625427,0.045568196750
0.349424565320,0.061403881134,-0.000678449981,0.070101180365
0.346797312950,0.062273231109,-0.001038913256,0.044476799173
0.344170060580,0.062408288659,-0.001450910832,-0.076926874680
0.341542808210,0.062543141489,-0.001811473666,-0.075398414103
0.338915555840,0.062294915047,-0.001918338024,-0.020771822151
0.336288303460,0.062175286991,-0.001689657175,-0.023569455884
0.333661051090,0.061645924271,-0.001291443171,-0.064536537064
0.331033798720,0.060556278707,-0.000960641882,-0.045603118510
0.328406546350,0.061860892652,-0.000691301368,0.019939511652
0.325779293980,0.061665798286,-0.000434876390,0.035577263533
0.323152041610,0.061552058388,-0.000278092716,-0.020176604942
0.320524789240,0.061400098844,-0.000095871582,-0.043529964551
0.317897536870,0.061230692440,0.000013502506,-0.023589781867
0.315270284500,0.061051894243,0.000078099522,0.018305131912
0.312643032100,0.060904442376,0.000266938723,0.021745396980
0.310015779800,0.060918181010,0.000459403426,-0.058270338337
0.307388527400,0.060896984362,0.000877006437,-0.080592035284
0.304761275000,0.060868751992,0.001354450229,-0.009243145935
0.302134022600,0.060739754032,0.001789039801,0.004565432721
0.299506770300,0.060502770949,0.002123161511,-0.031673759553
0.296879517900,0.060221384173,0.002127101480,-0.080406051760
0.294252265500,0.060014002348,0.002203040571,-0.091489042334
0.291625013200,0.059849289301,0.002269417018,-0.050770981303
0.288997760800,0.059674276508,0.002152118819,-0.067990731187
0.286370508400,0.059758176436,0.001930236749,-0.102996989761
0.283743256000,0.059755737935,0.001955713859,-0.022133062396
0.281116003700,0.059780749452,0.002005473936,0.025436534705
0.278488751300,0.059787873886,0.002086715766,0.051081232631
0.275861498900,0.059839716828,0.002212416333,0.035736535130
0.273234246600,0.059908680032,0.002404094573,-0.029566549862
0.270606994200,0.059986932014,0.002645108963,-0.078197110097
0.267979741800,0.060120697723,0.002752547992,-0.102765482389
0.265352489400,0.060288117547,0.003057117289,-0.086606180589
0.262725237100,0.060280852802,0.003238602717,-0.077047327779
0.260097984700,0.060253234558,0.003159329134,-0.070807865026
0.257470732300,0.060340862340,0.003246890056,-0.068448188758
0.254843480000,0.060343635163,0.003185825154,-0.080039791123
0.252216227600,0.060327052818,0.003046585432,-0.017908622463
0.249588975200,0.060265546888,0.002888882277,0.043695256208
0.246961722900,0.060189426549,0.002735317880,0.108600186381
0.244334470500,0.060145272862,0.002718808290,0.176982894807
0.241707218100,0.060086684140,0.002608502009,0.148344162127
0.239079965700,0.060025422130,0.002733884657,0.094722105670
0.236452713400,0.059884404224,0.002751074230,0.040745124610
0.233825461000,0.059820178642,0.002659344324,-0.031773417944
0.231198208600,0.059796142985,0.002550804863,-0.085741432574
0.228570956300,0.059717844461,0.002386745085,-0.102767078514
0.225943703900,0.059585085572,0.002269666707,-0.056507962151
0.223316451500,0.059471254917,0.002162364186,-0.040159062800
0.220689199100,0.059289254960,0.002018894845,-0.053989867473
0.218061946800,0.059198086775,0.001868190178,-0.017987307590
0.215434694400,0.059043306573,0.001844545421,0.044388841230
0.212807442000,0.058798742697,0.001781468669,0.060516984077
0.210180189700,0.058712319829,0.001674558670,0.080317865019
0.207552937300,0.058801471207,0.001612071015,0.051780843143
0.204925684900,0.058857574148,0.001629473181,0.029180111548
0.202298432500,0.059019556430,0.001669828416,0.057150992881
0.199671180200,0.059327242859,0.001707273249,0.033397883655
0.197043927800,0.059391623364,0.001841245344,0.021663443863
0.194416675400,0.059314450256,0.001926856181,0.087780911578
0.191789423100,0.059225223838,0.001847056998,0.108525656355
0.189162170700,0.059034342170,0.001962916457,0.109990049571
0.186534918300,0.058907763906,0.002218048634,0.101990247421
0.183907666000,0.058796356998,0.002389662980,0.132056374323
0.181280413600,0.058676468907,0.002532689127,0.142865804277
0.178653161200,0.058662307026,0.002725757798,0.104762019805
0.176025908800,0.058805752074,0.002897929689,0.077996120086
0.173398656500,0.058817525777,0.003050958276,0.103392386180
0.170771404100,0.058851702730,0.003087855234,0.097862522469
0.168144151700,0.058946906703,0.003227240670,0.052138415621
0.165516899400,0.059091590827,0.003317277032,0.087949383988
0.162889647000,0.059168426888,0.003432634573,0.133907946512
0.160262394600,0.059196197049,0.003344490743,0.174185470245
0.157635142200,0.059314153041,0.003128600868,0.274230710130
0.155007889900,0.059487935333,0.003163410578,0.363248966384
0.152380637500,0.059695206372,0.003204657669,0.374838026133
0.149753385100,0.059973972680,0.003337313983,0.321345604994
0.147126132800,0.060306461860,0.003331227601,0.198255814604
0.144498880400,0.060752624500,0.003138949651,0.098238878751
0.141871628000,0.061022110881,0.003121036574,0.066136595831
0.139244375600,0.061263228159,0.003003879975,0.078965204291
0.136617123300,0.061292855052,0.002836355886,0.008684099640
0.133989870900,0.061395485137,0.002779991161,-0.063616394224
0.131362618500,0.061242784611,0.002577270244,-0.105656980107
0.128735366200,0.061194171042,0.002444110796,-0.107776347698
0.126108113800,0.061047771020,0.002369425151,-0.044995978162
0.123480861400,0.060752166293,0.002261906560,-0.003868213499
0.120853609000,0.060241650361,0.002481948417,0.016602060594
0.118226356700,0.059806521203,0.002589002899,0.001293877373
0.115599104300,0.059402228923,0.002849893900,-0.052614611187
0.112971851900,0.058810299270,0.003110754315,-0.119455999118
0.110344599600,0.058301533045,0.003225974636,-0.123717557401
0.107717347200,0.057869048680,0.003448576824,-0.136581368440
0.105090094800,0.057527048652,0.003618339352,-0.176092758695
0.102462842500,0.057178019472,0.003906332495,-0.184951400982
0.099835590100,0.056965688848,0.004036409445,-0.136328906024
0.097208337700,0.056895186873,0.004029066728,-0.121642732543
0.094581085300,0.056991983238,0.004345032974,-0.101764152415
0.091953833000,0.057446431078,0.004510424866,-0.041983568411
0.089326580600,0.057796578854,0.004548027242,0.010323012115
0.086699328200,0.058048670299,0.004609435543,0.033224919203
0.084072075900,0.058398993975,0.004673975398,0.002881094391
0.081444823500,0.058469707360,0.004865774838,-0.041681884887
0.078817571100,0.058378368491,0.004752508898,-0.075737308755
0.076190318700,0.058376395296,0.004780253792,-0.094539846919
0.073563066400,0.058432560317,0.004914724996,-0.103621668143
0.070935814000,0.058344312429,0.004866545442,-0.098808361822
0.068308561600,0.058002323376,0.004751025219,-0.038786206238
0.065681309300,0.057817843045,0.004816738466,-0.019700917005
0.063054056900,0.057442897854,0.004882049479,-0.037075327836
0.060426804500,0.057299440864,0.005053933763,-0.073540968570
0.057799552100,0.057251565139,0.005063941178,-0.088789682088
0.055172299800,0.057077364032,0.005007435620,-0.068447462346
0.052545047400,0.056814975940,0.004902160036,-0.048520617790
0.049917795000,0.056430542822,0.004876503229,-0.041160671330
0.047290542700,0.056519563522,0.004763975776,-0.008320126912
0.044663290300,0.056378627391,0.004808770846,0.048160826544
0.042036037900,0.056329519462,0.004502663506,0.114352524337
0.039408785500,0.056417828406,0.004357462369,0.198634023376
0.036781533200,0.056532850227,0.004309121718,0.242150497337
0.034154280800,0.056640421631,0.004247889016,0.223998026453
0.031527028400,0.056677224103,0.003951007707,0.218345448923
0.028899776100,0.056785009656,0.003700724140,0.224760896948
0.026272523700,0.056696454288,0.003530278969,0.587351016167
0.023645271300,0.056567224622,0.002752513381,0.776739697066
0.021018019000,0.056361629169,0.002545148053,0.018239532671
0.018390766600,0.055895922908,0.002659386679,-0.226283151468
0.015763514200,0.055468675091,0.002680608886,0.047119238993
0.013136261800,0.055261123778,0.002640740365,-0.026145864334
0.010509009500,0.054961158110,0.002325003888,-0.027325076725
0.007881757100,0.054799246587,0.001975554056,-0.058698236634
0.005254504700,0.054862481781,0.001621105673,-0.156001071739
0.002627252400,0.055192187752,0.001254478630,-0.039369315477
0.000000000000,0.051034545633,0.000969774235,0.079393574109
