0.391460603250,-0.049183326698,-0.000271086224,-0.202609101787
0.388833350880,-0.050165737447,-0.000153895565,0.260873131781
0.386206098510,-0.053462506773,0.000108230777,0.489681584141
0.383578846140,-0.054795008452,0.000372316295,0.416482999909
0.380951593770,-0.055518830574,0.000358579714,0.485318318096
0.378324341400,-0.055787299955,0.000292692648,0.224526912192
0.375697089030,-0.055906095610,0.000365280830,0.087908371553
0.373069836660,-0.054229602860,0.000497451886,0.117776678495
0.370442584290,-0.055001290360,0.000766071075,-0.059828203019
0.367815331920,-0.054347957582,0.000862979724,0.061961959593
0.365188079550,-0.055321862117,0.000876565578,0.189280346842
0.362560827170,-0.055028889493,0.000912986195,-0.084019584272
0.359933574800,-0.054646358906,0.000950839554,-0.106904071034
0.357306322430,-0.054296602289,0.000977352085,-0.119780312973
0.354679070060,-0.054156520522,0.001057131890,-0.087031147463
0.352051817690,-0.054111491728,0.000884612266,-0.025209778280
0.349424565320,-0.054105792467,0.000689303330,-0.012748126401
0.346797312950,-0.054180219832,0.000734683564,-0.003985571375
0.344170060580,-0.054225637591,0.000739784131,0.019280676894
0.341542808210,-0.054415867865,0.000842064175,0.054021206361
0.338915555840,-0.054649902381,0.000894215987,0.047549712700
0.336288303460,-0.054847443978,0.000820728623,0.046441433054
0.333661051090,-0.055007045934,0.000870263384,0.092495071924
0.331033798720,-0.055245265731,0.000939686198,0.143199169648
0.328406546350,-0.055388230871,0.001012125170,0.132555847673
0.325779293980,-0.055433674523,0.001091523486,0.065320940903
0.323152041610,-0.055517715880,0.001125905766,0.033285160769
0.320524789240,-0.055679088819,0.001156122078,0.037435505698
0.317897536870,-0.055957828812,0.001224893459,0.019354218350
0.315270284500,-0.056227839142,0.001404696533,-0.013294568628
0.312643032100,-0.056576496934,0.001586902565,-0.052198644912
0.310015779800,-0.056876710505,0.001770463586,-0.054735483024
0.307388527400,-0.057044027616,0.001781432334,-0.016171182686
0.304761275000,-0.057270157314,0.001882168372,-0.021465224334
0.302134022600,-0.057497188818,0.002129962523,-0.017894752306
0.299506770300,-0.057667424199,0.002529156320,-0.038258682288
0.296879517900,-0.057770711499,0.002902295940,-0.042649187591
0.294252265500,-0.057839261938,0.003297409306,-0.008718082526
0.291625013200,-0.057814013227,0.003496480791,0.024767799526
0.288997760800,-0.057702248395,0.003572378441,0.029201585245
0.286370508400,-0.057559754662,0.003675235044,0.038106367972
0.283743256000,-0.057511228304,0.003871556875,0.052039305847
0.281116003700,-0.057474919086,0.003895502788,0.051807268649
0.278488751300,-0.057435287554,0.003777560591,0.076650751347
0.275861498900,-0.057507681017,0.003707365907,0.134557741543
0.273234246600,-0.057552904039,0.003720288938,0.169274295680
0.270606994200,-0.057493235211,0.003719256650,0.163364834601
0.267979741800,-0.057480301808,0.003614574873,0.073979730098
0.265352489400,-0.057424048597,0.003454172838,-0.087306606972
0.262725237100,-0.057339908842,0.003394460891,0.109597389324
0.260097984700,-0.057216025638,0.003128599806,0.239940157089
0.257470732300,-0.057034173347,0.003078716011,0.003175227552
0.254843480000,-0.056856026857,0.003058219314,-0.073591460084
0.252216227600,-0.056798660380,0.003143156413,-0.148889753937
0.249588975200,-0.056773065546,0.003297284654,-0.097714100525
0.246961722900,-0.056807056756,0.003340270129,-0.057240272832
0.244334470500,-0.056734492646,0.003217856240,-0.086099443859
0.241707218100,-0.056648991722,0.003033258607,-0.090597241875
0.239079965700,-0.056629030235,0.002897032201,-0.088129780935
0.236452713400,-0.056505790158,0.002686377625,-0.016289435563
0.233825461000,-0.056499509855,0.002527945697,0.047281236306
0.231198208600,-0.056643537581,0.002413372421,0.068883931189
0.228570956300,-0.056863082484,0.002331650445,0.167160707838
0.225943703900,-0.057065673092,0.002411923056,0.231464566214
0.223316451500,-0.057387986575,0.002378082746,0.234902140373
0.220689199100,-0.057656129846,0.002245764220,0.194440403089
0.218061946800,-0.057797945699,0.002109165683,0.144512176339
0.215434694400,-0.057847668754,0.001939627816,0.115826463381
0.212807442000,-0.057814295701,0.001937823105,0.103358778596
0.210180189700,-0.057611961241,0.002018646780,0.116123411366
0.207552937300,-0.057341463809,0.002067599400,0.104580447930
0.204925684900,-0.056936262625,0.002168973131,0.082619443968
0.202298432500,-0.056596640434,0.002236701972,0.035893606518
0.199671180200,-0.056403454625,0.002406132362,0.035386031668
0.197043927800,-0.056427963848,0.002614791043,0.022838017307
0.194416675400,-0.056656682313,0.002837325023,-0.025959757227
0.191789423100,-0.056823041323,0.002992120790,0.004294628040
0.189162170700,-0.057033087683,0.003184650753,0.034832889391
0.186534918300,-0.057136468630,0.003503957077,0.045351601946
0.183907666000,-0.057358485923,0.003681949906,0.094432533920
0.181280413600,-0.057607204980,0.004024798741,0.141371721046
0.178653161200,-0.057815178409,0.004476683364,0.146704675111
0.176025908800,-0.057825878895,0.004759815349,0.116741967061
0.173398656500,-0.057730287113,0.005127139896,0.123837172426
0.170771404100,-0.057714938454,0.005632226478,0.127444040269
0.168144151700,-0.057597004224,0.005996848492,0.110640368644
0.165516899400,-0.057535533479,0.006289940598,0.164005403822
0.162889647000,-0.057501691041,0.006435403696,0.288166012262
0.160262394600,-0.057391734707,0.006412710824,0.325599327234
0.157635142200,-0.057189368680,0.006261941458,0.237907766473
0.155007889900,-0.057097859638,0.006085567356,0.105881511239
0.152380637500,-0.056766723288,0.005868882438,0.029991171012
0.149753385100,-0.056438243872,0.005691287476,0.043450871010
0.147126132800,-0.056292375555,0.005652575668,0.078262341294
0.144498880400,-0.056132901520,0.005713685529,0.067051568510
0.141871628000,-0.056084851897,0.005533230142,0.072475356264
0.139244375600,-0.056171417558,0.005583114933,0.078879098086
0.136617123300,-0.056369942649,0.005661810157,0.033442194665
0.133989870900,-0.056527126333,0.005576659714,0.035762499377
0.131362618500,-0.056681516171,0.005626112928,0.060714087085
0.128735366200,-0.056908017801,0.005581489228,0.094661707165
0.126108113800,-0.057141457556,0.005447708505,0.107164160867
0.123480861400,-0.057390666957,0.005394815789,0.046184521438
0.120853609000,-0.057543063469,0.005456312336,0.037808630747
0.118226356700,-0.057689093560,0.005442138931,0.115776628282
0.115599104300,-0.058044783211,0.005494183361,0.135682612659
0.112971851900,-0.058369593571,0.005597801959,0.114237396704
0.110344599600,-0.058424763131,0.005477442573,0.124607259837
0.107717347200,-0.058409300558,0.005280878697,0.063026561964
0.105090094800,-0.058466118424,0.005152607272,0.000978328961
0.102462842500,-0.058522988413,0.004853935925,0.035288269171
0.099835590100,-0.058239213976,0.004614745683,0.042504476403
0.097208337700,-0.058010900179,0.004466397300,0.007988698550
0.094581085300,-0.057778938807,0.004416091500,-0.040171144696
0.091953833000,-0.057722637371,0.004454289985,-0.144616585898
0.089326580600,-0.057874023623,0.004580908311,-0.244373074066
0.086699328200,-0.057928614395,0.004804136362,-0.272529776579
0.084072075900,-0.058096003365,0.005020574231,-0.257994961743
0.081444823500,-0.058341918486,0.005162790156,-0.221703076354
0.078817571100,-0.058569697891,0.005074915219,-0.224331134880
0.076190318700,-0.058784707218,0.004947834014,-0.229466501222
0.073563066400,-0.058816799545,0.004731538616,-0.178418911783
0.070935814000,-0.058949583058,0.004569026348,-0.098557959249
0.068308561600,-0.059125419194,0.004499801968,-0.026241909062
0.065681309300,-0.059245157665,0.004521657754,0.066796040884
0.063054056900,-0.059363759401,0.004534065741,0.133968095788
0.060426804500,-0.059541131702,0.004551402487,0.159716952046
0.057799552100,-0.059712305221,0.004658486934,0.191765671735
0.055172299800,-0.059914884343,0.004733592670,0.157886251084
0.052545047400,-0.060098756001,0.004696420780,0.162373662551
0.049917795000,-0.060204229159,0.004279444208,0.228872208694
0.047290542700,-0.060416334295,0.004199991516,0.258504707891
0.044663290300,-0.060453774106,0.004190404689,0.172791003500
0.042036037900,-0.060611004951,0.004165836842,0.095380828642
0.039408785500,-0.060747915712,0.004122403237,0.086667455168
0.036781533200,-0.060727226306,0.003962866322,0.058088208563
0.034154280800,-0.060886518673,0.003908597946,-0.023574592118
0.031527028400,-0.061112477386,0.003983463802,-0.054685637221
0.028899776100,-0.061465833520,0.003971061313,-0.067365786019
0.026272523700,-0.061809105561,0.004115996212,-0.095724601132
0.023645271300,-0.062254835730,0.004133630764,-0.089909704312
0.021018019000,-0.062841939310,0.004286776601,-0.055054936674
0.018390766600,-0.063332735289,0.004394968765,-0.060454219671
0.015763514200,-0.063986266901,0.004465867134,-0.086348010708
0.013136261800,-0.064401754618,0.004154248130,-0.085265419975
0.010509009500,-0.064400059755,0.003994614144,-0.076670957747
0.007881757100,-0.064037505970,0.003860440986,-0.037739600173
0.005254504700,-0.063480707189,0.003629226801,0.023562313639
0.002627252400,-0.062149516878,0.003289319234,-0.932390857745
0.000000000000,-0.059044316088,0.002654104688,-1.851793399277
