0.391460603250,-0.000260742853,0.001107671397,0.639891300107
0.388833350880,0.000011869056,0.001169943445,0.257166280772
0.386206098510,0.000905745267,0.001193521638,-0.247382326895
0.383578846140,0.000354904995,0.001036088623,-0.594316491239
0.380951593770,0.000957503134,0.001047921640,-0.295579266311
0.378324341400,-0.000754395932,0.001079062615,0.142974166133
0.375697089030,-0.001026813288,0.001000546763,-0.037464900361
0.373069836660,-0.000172644929,0.001094096116,-0.414429612798
0.370442584290,0.000336124497,0.000702952987,-0.617642840892
0.367815331920,0.001613323217,0.000615359512,-0.111821808621
0.365188079550,0.001220706904,0.000314957313,-0.102105305837
0.362560827170,0.001859590975,0.000327193723,-0.123135268971
0.359933574800,0.001833765054,0.000143891408,-0.058017801928
0.357306322430,0.002085668483,0.000146553491,-0.087382684543
0.354679070060,0.001432996644,0.000398222713,0.056545796541
0.352051817690,0.002369780944,0.000339797870,0.108517852563
0.349424565320,0.002466965216,0.000267909277,0.050236751659
0.346797312950,0.002890255809,0.000195543554,0.074986427289
0.344170060580,0.003082389938,0.000111936037,0.080574342022
0.341542808210,0.003269673951,0.000175259378,0.098375471251
0.338915555840,0.003316295487,0.000281868727,0.100031372597
0.336288303460,0.003336013976,0.000497253119,0.084999250515
0.333661051090,0.003219005373,0.000701181643,0.090053190755
0.331033798720,0.002961187489,0.000826425084,0.109744174919
0.328406546350,0.002628472925,0.000991273356,0.071244874816
0.325779293980,0.002252121334,0.001161500547,0.016867615258
0.323152041610,0.001941202006,0.001232915041,-0.005045673446
0.320524789240,0.001737368919,0.001155099766,0.021970648382
0.317897536870,0.001571291967,0.000977378852,-0.018908994140
0.315270284500,0.001442051372,0.000857716709,-0.095396021346
0.312643032100,0.001250215531,0.000673825193,-0.100123962993
0.310015779800,0.001106463548,0.000790995063,-0.085703648267
0.307388527400,0.001032458759,0.000958322927,-0.035782906934
0.304761275000,0.001028013659,0.001155183964,-0.030940963593
0.302134022600,0.001144022162,0.001446133153,-0.046611434395
0.299506770300,0.001343326384,0.001714947917,-0.016836071065
0.296879517900,0.001484266677,0.002077098574,0.005976476453
0.294252265500,0.001699980670,0.002360244492,0.052132700598
0.291625013200,0.001932973673,0.002700559166,0.074715935807
0.288997760800,0.002045456500,0.003015937352,0.091019250139
0.286370508400,0.002293468896,0.003073530833,0.147318695577
0.283743256000,0.002361690252,0.003067012776,0.156815578122
0.281116003700,0.002227418511,0.002898968782,0.123819672716
0.278488751300,0.002095889398,0.002731178591,0.099495114259
0.275861498900,0.002003044492,0.002516174363,0.136390418875
0.273234246600,0.001942926040,0.002192028753,0.105665775587
0.270606994200,0.001759875296,0.002069631732,0.038875378662
0.267979741800,0.001644848262,0.001964903867,-0.007005661586
0.265352489400,0.001648415832,0.001731599621,-0.070110662308
0.262725237100,0.001531589301,0.001594786203,-0.159602951612
0.260097984700,0.001389189579,0.001754763747,-0.236803068425
0.257470732300,0.001241732458,0.001686590235,-0.226260068988
0.254843480000,0.001115830554,0.001735572258,-0.078083513910
0.252216227600,0.001029121435,0.001655552519,0.049617366833
0.249588975200,0.001045936777,0.001730637818,0.135255354766
0.246961722900,0.001013896038,0.001806999087,0.196014222874
0.244334470500,0.000930649348,0.001765898581,0.207938239728
0.241707218100,0.000793707369,0.001635411539,0.263065267495
0.239079965700,0.000527991408,0.001353642438,0.258542366733
0.236452713400,-0.000160399354,0.001060500460,0.160343728107
0.233825461000,-0.000834967866,0.000794240104,0.122970098466
0.231198208600,-0.001468780063,0.000554772686,0.131811499913
0.228570956300,-0.002139409215,0.000279577165,0.092778669723
0.225943703900,-0.002478896209,0.000158091005,0.059648426887
0.223316451500,-0.002383431816,0.000172187463,0.021479406283
0.220689199100,-0.002275350469,0.000238144929,-0.013416148703
0.218061946800,-0.002095787374,0.000474058094,-0.056083382055
0.215434694400,-0.001880011628,0.000804828101,-0.089328659417
0.212807442000,-0.001709472661,0.001005491312,-0.085918990675
0.210180189700,-0.001490440871,0.001009258665,-0.107571072932
0.207552937300,-0.001281049509,0.001094047181,-0.092234615313
0.204925684900,-0.001148519541,0.001160739528,-0.022593583463
0.202298432500,-0.001171235248,0.001208359674,-0.009354307162
0.199671180200,-0.001120813162,0.001398884714,-0.011464024680
0.197043927800,-0.001063173301,0.001671015177,0.023689170170
0.194416675400,-0.000969244381,0.002081579215,0.138427777218
0.191789423100,-0.001268092814,0.002287755028,0.022559569416
0.189162170700,-0.001046852993,0.002564156350,0.043818514729
0.186534918300,-0.001045570970,0.002723026600,0.176212075768
0.183907666000,-0.000927334710,0.002776968167,0.250737628308
0.181280413600,-0.000835880361,0.002672469657,0.322766663937
0.178653161200,-0.000786546079,0.002712391514,0.369607550226
0.176025908800,-0.000490347117,0.003016175758,0.382951338183
0.173398656500,-0.000232193816,0.003243947645,0.350323111651
0.170771404100,-0.000024769630,0.003572400319,0.225048319640
0.168144151700,0.000388026056,0.003825769421,0.122517550523
0.165516899400,0.000781571934,0.003975798742,0.121013021966
0.162889647000,0.001015477730,0.004158162515,0.133145561193
0.160262394600,0.001299697511,0.004067512888,0.154336488022
0.157635142200,0.001602458890,0.004008450636,0.141370558963
0.155007889900,0.001709990482,0.003989129412,0.051135148037
0.152380637500,0.001596467548,0.003948650036,0.001957002538
0.149753385100,0.001356068148,0.003886523303,-0.015480033269
0.147126132800,0.001157929726,0.003659340602,-0.047592912254
0.144498880400,0.000808698470,0.003461769018,-0.118527216657
0.141871628000,0.000369671141,0.003276493621,-0.159582840905
0.139244375600,0.000011616634,0.003141653185,-0.108332441648
0.136617123300,-0.000333128195,0.002904135502,-0.047554369451
0.133989870900,-0.000813182028,0.002822812792,-0.035662883181
0.131362618500,-0.001356060886,0.002838099802,-0.023516914883
0.128735366200,-0.001973759942,0.003005748733,-0.018658783191
0.126108113800,-0.002384399058,0.003261436242,0.043631787745
0.123480861400,-0.002606904097,0.003397420886,0.124020059584
0.120853609000,-0.002796689773,0.003559934260,0.102064242378
0.118226356700,-0.003004205827,0.003538659412,0.065544210647
0.115599104300,-0.003084973877,0.003540770340,0.068701298618
0.112971851900,-0.002956872250,0.003461568576,0.057274677257
0.110344599600,-0.002776423593,0.003335863274,0.029913836776
0.107717347200,-0.002676110164,0.003324776300,-0.015441474116
0.105090094800,-0.002522695887,0.003382327279,-0.086982662873
0.102462842500,-0.002466821277,0.003539753249,-0.147679604924
0.099835590100,-0.002330856445,0.003520847279,-0.135495168923
0.097208337700,-0.002111978910,0.003492666861,-0.015175149301
0.094581085300,-0.002062764895,0.003591361303,0.111793167339
0.091953833000,-0.002105775256,0.003667092040,0.206536733958
0.089326580600,-0.002290728278,0.003559248328,0.259614714673
0.086699328200,-0.002422906399,0.003484187801,0.236855348422
0.084072075900,-0.002399276370,0.003526329588,0.193473726276
0.081444823500,-0.002532554161,0.003653851277,0.118957488258
0.078817571100,-0.002595860003,0.003617530603,0.062505625604
0.076190318700,-0.002708135000,0.003487264785,0.086923275624
0.073563066400,-0.002740048598,0.003491105072,0.196396471352
0.070935814000,-0.002793772498,0.003508090734,0.209260405981
0.068308561600,-0.002880592342,0.003393789606,0.082557149495
0.065681309300,-0.002944588140,0.003498128281,0.043382092623
0.063054056900,-0.002977742343,0.003390166772,0.034742297222
0.060426804500,-0.003114399543,0.003330765648,0.092924677229
0.057799552100,-0.003167149710,0.003440079039,0.099120327452
0.055172299800,-0.003214378701,0.003482081818,0.073567819305
0.052545047400,-0.003240090515,0.003329719268,0.037264528594
0.049917795000,-0.003208226682,0.003288416730,-0.004478715658
0.047290542700,-0.003233605623,0.003274416571,-0.015000753506
0.044663290300,-0.003238231345,0.003184240185,-0.002728307734
0.042036037900,-0.003228022833,0.002924079844,0.003112432027
0.039408785500,-0.003426450414,0.002696765191,0.015475928390
0.036781533200,-0.003643520569,0.002578208322,0.020891530037
0.034154280800,-0.003962584767,0.002529619081,0.039170539440
0.031527028400,-0.004397890168,0.002464870892,0.072206415943
0.028899776100,-0.004934850552,0.002564348495,0.060116397344
0.026272523700,-0.005298190139,0.002561628816,0.133853916243
0.023645271300,-0.004831440734,0.002243148687,0.298631085023
0.021018019000,-0.004946601312,0.002306366357,0.042404120318
0.018390766600,-0.006554354772,0.002642909834,-0.149461031233
0.015763514200,-0.006835910599,0.002436135081,0.032895387631
0.013136261800,-0.006457349325,0.001991258183,0.026878330394
0.010509009500,-0.006044367180,0.001649711614,0.053446539293
0.007881757100,-0.005602595839,0.001212660453,0.096049467047
0.005254504700,-0.004966553072,0.000865421162,0.017591784387
0.002627252400,-0.004246763360,0.000355941663,0.465903925085
0.000000000000,-0.003100810622,0.000076232491,1.002142890880
