0.391460603250,0.010103284695,0.001401899225,0.213289763092
0.388833350880,0.011532063636,0.001725343836,-0.221486513423
0.386206098510,0.011051120409,0.001225752450,-0.060044456447
0.383578846140,0.008724932319,0.000947531038,0.408495622005
0.380951593770,0.007936192423,0.000831445142,0.109914600615
0.378324341400,0.009998907624,0.000822300999,-0.266752334103
0.375697089030,0.010430644802,0.000530212975,-0.168628622460
0.373069836660,0.009665616554,0.000624691010,-0.242642710336
0.370442584290,0.010152255820,0.000667367399,-0.347863733451
0.367815331920,0.009008301460,0.000390419651,-0.039343820107
0.365188079550,0.011284005396,-0.000047808352,-0.335997214422
0.362560827170,0.012210274540,-0.000211826029,-0.760681831414
0.359933574800,0.012722595730,0.000110785651,-0.421927576455
0.357306322430,0.012935280737,-0.000027800736,0.001316878628
0.354679070060,0.012997865097,0.000024757787,0.034699504569
0.352051817690,0.013263714398,-0.000019869513,0.012381165252
0.349424565320,0.013543571310,-0.000080125481,0.213957208695
0.346797312950,0.013101036796,-0.000089550977,0.070730552180
0.344170060580,0.014244573258,-0.000272335801,-0.116631996610
0.341542808210,0.014346984037,-0.000264725731,0.061158323493
0.338915555840,0.014389173799,-0.000097855603,0.051630431570
0.336288303460,0.014464131412,0.000173330365,0.081579233688
0.333661051090,0.014349586417,0.000382714875,0.068121117276
0.331033798720,0.014167583225,0.000710883258,0.066069867968
0.328406546350,0.013893617321,0.000843539437,0.063177032582
0.325779293980,0.013517465144,0.000965421354,0.034072739995
0.323152041610,0.013107988906,0.001036049446,-0.016519834936
0.320524789240,0.012790962070,0.000925874657,-0.056060143735
0.317897536870,0.012609708097,0.000950205105,-0.043941649034
0.315270284500,0.012440884206,0.000890352053,-0.025882418146
0.312643032100,0.012248438639,0.000743612895,-0.048705484330
0.310015779800,0.012217998797,0.000797725559,-0.091565049758
0.307388527400,0.012148806834,0.001022294940,-0.134178473881
0.304761275000,0.012160768621,0.001251824558,-0.120209440135
0.302134022600,0.012271113631,0.001567751024,-0.081315475393
0.299506770300,0.012443448592,0.001753385052,-0.076381568952
0.296879517900,0.012667249442,0.002094029000,-0.022888726554
0.294252265500,0.012790144035,0.002323510059,0.069892377632
0.291625013200,0.012887297655,0.002623709847,0.128562410713
0.288997760800,0.013051787965,0.002941651703,0.131622777256
0.286370508400,0.013212756929,0.002916456271,0.181830689218
0.283743256000,0.013362522817,0.002711496378,0.186157198159
0.281116003700,0.013314281917,0.002618904220,0.358962698125
0.278488751300,0.012054161980,0.002222858176,0.166691068412
0.275861498900,0.012714433708,0.002110164679,-0.056904143615
0.273234246600,0.012946218167,0.001920228006,0.106017913063
0.270606994200,0.012739298905,0.001757539933,0.058140864682
0.267979741800,0.012693482467,0.001751211832,-0.061331955791
0.265352489400,0.012682597043,0.001763079464,-0.150193584714
0.262725237100,0.012611722350,0.001673570989,-0.230148315403
0.260097984700,0.012445755867,0.001742727238,-0.285884809352
0.257470732300,0.012303712195,0.001654901175,-0.297821470586
0.254843480000,0.012226053635,0.001640582733,-0.172647064380
0.252216227600,0.012133218236,0.001724980458,0.008883093255
0.249588975200,0.012092636023,0.001639260728,0.137378702204
0.246961722900,0.012165515810,0.001517243068,0.203884510912
0.244334470500,0.012109074556,0.001547091029,0.211076653990
0.241707218100,0.011838548114,0.001509290348,0.198710855656
0.239079965700,0.011558069365,0.001301994478,0.143931880262
0.236452713400,0.011083754838,0.000964087116,0.050797542815
0.233825461000,0.010505169810,0.000700870575,0.020254412698
0.231198208600,0.009791030419,0.000488254211,0.053065529842
0.228570956300,0.009145117235,0.000384603627,0.063385678343
0.225943703900,0.008761035777,0.000149827087,0.024159101017
0.223316451500,0.008691577237,-0.000068611871,-0.019965609573
0.220689199100,0.008738781291,0.000022728597,-0.031475752074
0.218061946800,0.008891549170,0.000217376516,-0.061219327697
0.215434694400,0.009127348214,0.000512714089,-0.095333629608
0.212807442000,0.009262099346,0.000635344307,-0.121643992342
0.210180189700,0.009473823724,0.000670153179,-0.115878547730
0.207552937300,0.009660027521,0.000828487819,-0.106647021767
0.204925684900,0.009816736196,0.000942153026,-0.086512372623
0.202298432500,0.009984750039,0.001064695528,-0.002386333183
0.199671180200,0.010071551876,0.001110749850,0.027469592904
0.197043927800,0.010160662255,0.001354001166,-0.028622050411
0.194416675400,0.010155554219,0.001556311483,-0.024934670219
0.191789423100,0.010125936633,0.001750273382,0.002840945529
0.189162170700,0.010077849217,0.002043087640,0.050496470016
0.186534918300,0.010010213385,0.002265925290,0.169101649721
0.183907666000,0.009992321084,0.002179089189,0.230622314010
0.181280413600,0.010106607418,0.002072911646,0.255196139918
0.178653161200,0.010314553729,0.002157198175,0.295147720908
0.176025908800,0.010522797970,0.002538496578,0.370352875406
0.173398656500,0.010857777140,0.003011858944,0.384876684618
0.170771404100,0.011242430215,0.003268004883,0.269463735446
0.168144151700,0.011600159824,0.003600822339,0.212521214288
0.165516899400,0.011957151053,0.003709638479,0.175172185476
0.162889647000,0.012087565205,0.003741657569,0.149720621603
0.160262394600,0.012366873167,0.003848512539,0.139199029083
0.157635142200,0.012704308757,0.003902584988,0.131275612557
0.155007889900,0.012816868588,0.003721691924,0.071516082872
0.152380637500,0.012761809462,0.003696682519,0.043456891835
0.149753385100,0.012574683647,0.003708185180,0.072980899694
0.147126132800,0.012266520435,0.003580179518,0.048422855990
0.144498880400,0.011863214617,0.003288273849,-0.076989971031
0.141871628000,0.011459461622,0.003119798296,-0.110004606926
0.139244375600,0.011114006818,0.003195809601,-0.043496798406
0.136617123300,0.010814863003,0.002987043776,-0.024580438570
0.133989870900,0.010469165558,0.002979320303,-0.076657705442
0.131362618500,0.009843078151,0.002870317425,-0.084216458411
0.128735366200,0.009244433064,0.002996552217,0.009186421710
0.126108113800,0.008784036212,0.003218828194,0.061549209311
0.123480861400,0.008481554388,0.003278862951,0.055160182385
0.120853609000,0.008274463817,0.003390520196,0.099515124610
0.118226356700,0.008097226081,0.003293911029,0.120818961971
0.115599104300,0.008110819060,0.003070540249,0.105755228155
0.112971851900,0.007997662708,0.003151995009,0.426393565105
0.110344599600,0.006667258261,0.003225698974,0.032344786610
0.107717347200,0.008314689156,0.003219688104,-0.392250089344
0.105090094800,0.008045326967,0.003011594850,-0.240474251787
0.102462842500,0.008168983332,0.003108007454,-0.359404505093
0.099835590100,0.008599582049,0.003447988203,-0.173572272576
0.097208337700,0.008758478255,0.003542337577,-0.045430820941
0.094581085300,0.008897871685,0.003447812540,0.032736045785
0.091953833000,0.008830358242,0.003477443933,0.158843320339
0.089326580600,0.008751631604,0.003578611427,0.220576644654
0.086699328200,0.008719221985,0.003747024699,0.233984226393
0.084072075900,0.008616635877,0.003633693014,0.244248543875
0.081444823500,0.008603785879,0.003388087022,0.191438983716
0.078817571100,0.008505593793,0.003260738402,0.109158598374
0.076190318700,0.008387153705,0.003291332783,0.077857360175
0.073563066400,0.008336933266,0.003463620954,0.197494348876
0.070935814000,0.008223383251,0.003583626796,0.214529045935
0.068308561600,0.008188317088,0.003647076605,0.113275527796
0.065681309300,0.008062554065,0.003768366856,0.088897793286
0.063054056900,0.007915043128,0.003750546466,0.092124551522
0.060426804500,0.007781032182,0.003543517974,0.094296922897
0.057799552100,0.007764353951,0.003661710272,0.085181915977
0.055172299800,0.007881196036,0.003819741714,0.091163341855
0.052545047400,0.007878814770,0.003737917990,0.024318812154
0.049917795000,0.007694937478,0.003545052695,0.009160095770
0.047290542700,0.007674423876,0.003518399158,-0.008902283191
0.044663290300,0.007820689999,0.003295712105,-0.046871392193
0.042036037900,0.007835491843,0.003135948877,0.030503998399
0.039408785500,0.007639552321,0.002997582407,0.042763392669
0.036781533200,0.007404458435,0.002793499078,0.019730126479
0.034154280800,0.007139480589,0.002561771166,0.040384939717
0.031527028400,0.006687735073,0.002440120674,0.347866558937
0.028899776100,0.004841843100,0.002285935807,0.118757301377
0.026272523700,0.005042310241,0.002352136250,-0.027242985014
0.023645271300,0.003593658442,0.002168288610,0.077550951495
0.021018019000,0.003380280270,0.002124610523,-0.043156609595
0.018390766600,0.003916505038,0.002196490330,0.108119095525
0.015763514200,0.004165840327,0.002058925634,0.075420219180
0.013136261800,0.004611257305,0.001754443850,0.045381535118
0.010509009500,0.005126784080,0.001368259722,0.080969609055
0.007881757100,0.005460030904,0.001031796429,0.073089204852
0.005254504700,0.005898685991,0.000707848707,0.138219125769
0.002627252400,0.006178532310,0.000344021246,1.237548589897
0.000000000000,0.005099574003,0.000210762936,2.277771042973
