0.391460603250,-0.054992564415,0.000661386245,0.046794050443
0.388833350880,-0.056850137995,0.000941008109,0.183360392136
0.386206098510,-0.058087391839,0.000866897950,-0.148510026269
0.383578846140,-0.056955387457,0.001077169117,-0.253833895411
0.380951593770,-0.058093801623,0.001210970801,0.433306234972
0.378324341400,-0.059166623601,0.001061331798,0.580091588626
0.375697089030,-0.058896024771,0.001070685187,0.121015692016
0.373069836660,-0.060315403510,0.000988232944,-0.259877397980
0.370442584290,-0.060166675778,0.001005382680,-0.109023156169
0.367815331920,-0.060398633064,0.000980239717,0.056718845957
0.365188079550,-0.060399159182,0.000625635929,-0.091640785964
0.362560827170,-0.060304961213,0.000538516212,-0.029711653357
0.359933574800,-0.060209570688,0.000578397979,-0.057608517316
0.357306322430,-0.060165431530,0.000604090368,-0.092417686730
0.354679070060,-0.060223059930,0.000721908737,-0.030445308733
0.352051817690,-0.060259232004,0.000754235117,0.000712083208
0.349424565320,-0.060151088244,0.000980682449,-0.019428479166
0.346797312950,-0.059915899268,0.001270402775,0.007033021167
0.344170060580,-0.059812694914,0.001431319289,0.026194859779
0.341542808210,-0.059738521348,0.001641723310,0.023245180803
0.338915555840,-0.059616997330,0.001769478142,0.095128482843
0.336288303460,-0.059709508320,0.001831756021,0.154839400705
0.333661051090,-0.059990975864,0.001844244942,0.138269576251
0.331033798720,-0.060287201636,0.001922983018,0.132764715634
0.328406546350,-0.060570102131,0.002034420497,0.117302549372
0.325779293980,-0.060918826544,0.002110377320,0.077527917313
0.323152041610,-0.061165132376,0.002128168092,0.080213174233
0.320524789240,-0.061370729478,0.002194435640,0.056509164034
0.317897536870,-0.061577948093,0.002241266405,0.063224664914
0.315270284500,-0.061759795306,0.002210813697,0.110322838339
0.312643032100,-0.061893749791,0.002164896591,0.043198449789
0.310015779800,-0.062068357514,0.002361142380,-0.032412650829
0.307388527400,-0.062026195155,0.002405624069,0.003594475720
0.304761275000,-0.061764600353,0.002533493593,0.026996249705
0.302134022600,-0.061490320710,0.002861381468,0.003774015926
0.299506770300,-0.061466047561,0.003112861766,0.003029457899
0.296879517900,-0.061528022567,0.003311295338,0.021376278681
0.294252265500,-0.061597288964,0.003413876901,0.023509110137
0.291625013200,-0.061547985018,0.003472362821,0.000943734880
0.288997760800,-0.061467143088,0.003512803350,-0.014160993917
0.286370508400,-0.061481878402,0.003503531022,-0.016225163818
0.283743256000,-0.061489761031,0.003453135974,-0.002432752322
0.281116003700,-0.061495745863,0.003504486947,0.034447469158
0.278488751300,-0.061480583505,0.003535492827,0.010837741879
0.275861498900,-0.061488996223,0.003496177335,-0.038750259109
0.273234246600,-0.061482725779,0.003223338904,-0.043897908901
0.270606994200,-0.061338512908,0.002920701072,-0.012083760271
0.267979741800,-0.061212287092,0.002714746659,-0.059905333635
0.265352489400,-0.061136143580,0.002688850987,-0.129714374001
0.262725237100,-0.061027964437,0.002636043024,-0.077890833540
0.260097984700,-0.060996066414,0.002866446362,-0.050776714534
0.257470732300,-0.060993220694,0.002928893488,0.018954741737
0.254843480000,-0.060952383059,0.002939634071,0.121576909959
0.252216227600,-0.060914733498,0.003011642710,0.172325024498
0.249588975200,-0.060672264019,0.002953618301,0.205597205378
0.246961722900,-0.060664348956,0.003041537585,0.177311577049
0.244334470500,-0.060900614061,0.003063911915,0.175558657520
0.241707218100,-0.061094219276,0.003031304128,0.202820694464
0.239079965700,-0.061425148028,0.002910686364,0.191940352421
0.236452713400,-0.061727578342,0.002601511629,0.164124608829
0.233825461000,-0.062019596706,0.002354718862,0.132432054072
0.231198208600,-0.062295559197,0.002255047363,0.093348268133
0.228570956300,-0.062404530076,0.002145705199,0.071446336418
0.225943703900,-0.062337173959,0.002147146679,0.039766717599
0.223316451500,-0.062258805676,0.002320146798,0.001615824984
0.220689199100,-0.062256209890,0.002507868345,-0.038100343095
0.218061946800,-0.062182545724,0.002615410641,-0.111679570649
0.215434694400,-0.061996223731,0.002557921780,-0.129522226816
0.212807442000,-0.061827929333,0.002506524943,-0.083491808792
0.210180189700,-0.061774140610,0.002608737859,-0.045606410979
0.207552937300,-0.061754858898,0.002766637127,0.013723591974
0.204925684900,-0.061679870374,0.003082903516,0.060388410265
0.202298432500,-0.061736746427,0.003338680528,0.077334410048
0.199671180200,-0.061872720817,0.003623130137,0.109718214364
0.197043927800,-0.061894398208,0.003960717082,0.159218123836
0.194416675400,-0.061947837973,0.004389611556,0.185554729382
0.191789423100,-0.062249117597,0.004753816440,0.131445959535
0.189162170700,-0.062452701425,0.004873085822,0.115349770856
0.186534918300,-0.062549626009,0.004975469518,0.150174121695
0.183907666000,-0.062655653214,0.005121000551,0.155749650063
0.181280413600,-0.062679600722,0.005195363798,0.187010429179
0.178653161200,-0.062645606960,0.005580381189,0.235256593259
0.176025908800,-0.062590999703,0.005780873868,0.291474493701
0.173398656500,-0.062322842548,0.005948084499,0.290444230041
0.170771404100,-0.062034508131,0.006073924875,0.278018727107
0.168144151700,-0.061823197950,0.006172364277,0.262131372832
0.165516899400,-0.061477048738,0.006270729600,0.236323009946
0.162889647000,-0.061156841091,0.006253862219,0.220202009590
0.160262394600,-0.060654162752,0.006231288102,0.209017704252
0.157635142200,-0.060429183134,0.006241482973,0.187241336521
0.155007889900,-0.060486068377,0.006065239617,0.129607133205
0.152380637500,-0.060555577821,0.005813193651,0.034655044452
0.149753385100,-0.060756608885,0.005584955828,-0.055782653041
0.147126132800,-0.061016189054,0.005317995338,-0.100211504599
0.144498880400,-0.061226619414,0.005130572428,-0.131583226853
0.141871628000,-0.061472529626,0.004848860438,-0.129765788616
0.139244375600,-0.061696194391,0.004672730433,-0.052363654233
0.136617123300,-0.061929718582,0.004475750403,-0.005047864841
0.133989870900,-0.062136689736,0.004648374355,0.068851316667
0.131362618500,-0.062293569801,0.004937104717,0.115115642485
0.128735366200,-0.062664360886,0.005349287390,0.141136923919
0.126108113800,-0.062905493569,0.005672241331,0.192557384494
0.123480861400,-0.063062832068,0.005686507384,0.209726643426
0.120853609000,-0.063026847953,0.005801894050,0.211174638710
0.118226356700,-0.063073656781,0.005836630454,0.220432439254
0.115599104300,-0.063176843087,0.005836118233,0.138364992432
0.112971851900,-0.063064257773,0.005754480884,0.046505678780
0.110344599600,-0.062928779508,0.005901353598,-0.010227132704
0.107717347200,-0.062742124924,0.005953890281,-0.039741397463
0.105090094800,-0.062654722096,0.005908951726,-0.000924463685
0.102462842500,-0.062640025394,0.005809921218,0.042022605118
0.099835590100,-0.062555484173,0.005828765266,0.164771010674
0.097208337700,-0.062629560090,0.005799602037,0.230779603293
0.094581085300,-0.062893688482,0.005801600930,0.126929397029
0.091953833000,-0.063153802475,0.005739685234,0.091917448896
0.089326580600,-0.063243184120,0.005611158973,0.065359103978
0.086699328200,-0.063620372990,0.005443004404,-0.003059168114
0.084072075900,-0.064089628247,0.005410703751,-0.009707881933
0.081444823500,-0.064251942022,0.005362095330,0.040524161044
0.078817571100,-0.064432280816,0.005282598337,0.032580032108
0.076190318700,-0.064533072710,0.005284402608,0.112024343403
0.073563066400,-0.064608060394,0.005396307948,0.191899026158
0.070935814000,-0.064696198307,0.005410569392,0.097545456229
0.068308561600,-0.064950746266,0.005291146405,0.003927607259
0.065681309300,-0.065040573978,0.005213423210,-0.003735980986
0.063054056900,-0.065023429491,0.005034848232,-0.004184235899
0.060426804500,-0.065127957469,0.004909084327,0.000148891490
0.057799552100,-0.065110687121,0.004858814306,0.018358361216
0.055172299800,-0.065195489702,0.004808523183,0.027350915700
0.052545047400,-0.065371399294,0.004927660880,0.039492913532
0.049917795000,-0.065370675128,0.004831847321,0.011179474779
0.047290542700,-0.065450871667,0.004621471647,-0.041645550317
0.044663290300,-0.065560108197,0.004471279596,-0.000719677784
0.042036037900,-0.065622570777,0.004280121777,0.012910436733
0.039408785500,-0.065870611162,0.004229225807,0.012137141854
0.036781533200,-0.066415363677,0.004120750371,0.071648748089
0.034154280800,-0.067034754672,0.004109878108,0.088919906937
0.031527028400,-0.067725394825,0.004091640822,0.136173667749
0.028899776100,-0.068233508164,0.004116413571,0.168991430031
0.026272523700,-0.068574868069,0.003946490185,-0.225558256192
0.023645271300,-0.068954454712,0.003689718523,-0.081706257496
0.021018019000,-0.069395892353,0.003698566781,0.301694500951
0.018390766600,-0.069671119002,0.003610253300,0.067945796590
0.015763514200,-0.069682853427,0.003242331225,-0.068905253262
0.013136261800,-0.069506531239,0.002977916376,-0.080646620191
0.010509009500,-0.069163081912,0.002760714736,-0.041371362169
0.007881757100,-0.068698104385,0.002339307145,-0.030998058356
0.005254504700,-0.068108006958,0.002057012771,0.000910524365
0.002627252400,-0.066851721321,0.001932854625,-0.338324513145
0.000000000000,-0.062326612382,0.001535289456,-0.732487287658
