0.391460603250,-0.058519120264,0.000451285738,-0.154835462662
0.388833350880,-0.057202625387,0.000575297497,-0.655357658177
0.386206098510,-0.055577234258,0.000708115687,-0.354183725924
0.383578846140,-0.056863481565,0.000919538412,0.377027671984
0.380951593770,-0.058568270441,0.001108634352,0.320300796106
0.378324341400,-0.059671517809,0.001404428824,0.243562347700
0.375697089030,-0.059891703371,0.001585793783,-0.031740739654
0.373069836660,-0.059308328744,0.001639558708,-0.179872708684
0.370442584290,-0.059090463216,0.001914896786,-0.118719490423
0.367815331920,-0.057750462352,0.002129705306,-0.043302792439
0.365188079550,-0.058206812462,0.002322658221,0.048607585824
0.362560827170,-0.058550403394,0.002399948025,0.050304066291
0.359933574800,-0.057680238609,0.002434197935,-0.065357403927
0.357306322430,-0.056717499736,0.002516579515,-0.153104779421
0.354679070060,-0.056762356347,0.002535627336,-0.038974759948
0.352051817690,-0.058042366132,0.002578925179,0.088068757153
0.349424565320,-0.058164783899,0.002583406546,-0.011990277560
0.346797312950,-0.057961400392,0.002546448737,0.016653496695
0.344170060580,-0.058003398993,0.002510665169,0.035053612458
0.341542808210,-0.058016924671,0.002666792358,0.056264501221
0.338915555840,-0.058042824325,0.002725105823,0.079652227074
0.336288303460,-0.058177143587,0.002687096808,0.085674744766
0.333661051090,-0.058248020537,0.002662562864,0.075229077065
0.331033798720,-0.058390162394,0.002681906679,0.090185461036
0.328406546350,-0.058528745874,0.002576378098,0.107598710739
0.325779293980,-0.058632179551,0.002531709761,0.061465562620
0.323152041610,-0.058741805010,0.002507916728,0.057168320951
0.320524789240,-0.058882136477,0.002465887851,0.044859343577
0.317897536870,-0.059091363847,0.002505828492,0.002855520211
0.315270284500,-0.059248275949,0.002494721550,-0.046671194736
0.312643032100,-0.059633103224,0.002548495560,-0.039295265765
0.310015779800,-0.059902212473,0.002729472495,0.008878053927
0.307388527400,-0.060128459402,0.002897228002,0.007710865936
0.304761275000,-0.060292025014,0.002995658792,-0.034528130304
0.302134022600,-0.060534624636,0.003233348025,-0.030688193483
0.299506770300,-0.060752744955,0.003509193985,0.021526711897
0.296879517900,-0.060823462231,0.003822433295,0.027772444729
0.294252265500,-0.060917192163,0.004098079597,0.012797486136
0.291625013200,-0.060937630401,0.004237611737,0.009353974389
0.288997760800,-0.060851093576,0.004326972085,0.005587268161
0.286370508400,-0.060661305792,0.004249284284,0.003370267931
0.283743256000,-0.060430995619,0.004231085744,0.009821544722
0.281116003700,-0.060251499817,0.004268897501,0.007621892057
0.278488751300,-0.060187222790,0.004152769017,0.068691714234
0.275861498900,-0.060223434133,0.004064786981,0.068192227711
0.273234246600,-0.060272164922,0.004038037888,0.057914679472
0.270606994200,-0.060365741520,0.003997863294,0.082676160372
0.267979741800,-0.060351139842,0.003998620114,0.105005636900
0.265352489400,-0.060216701209,0.003939037214,0.103005688059
0.262725237100,-0.060200081237,0.003914036977,0.096323837399
0.260097984700,-0.060146134281,0.003868128197,0.086382434095
0.257470732300,-0.060192553662,0.003789787691,0.092649304822
0.254843480000,-0.060295718013,0.003815033073,0.042923449882
0.252216227600,-0.060350965061,0.003785594224,-0.031904867995
0.249588975200,-0.060370998051,0.003715356240,-0.072139129029
0.246961722900,-0.060345472584,0.003605285946,-0.118494148116
0.244334470500,-0.060449245719,0.003589785319,-0.178282046904
0.241707218100,-0.060553198739,0.003386829636,-0.227305107142
0.239079965700,-0.060591317264,0.003152224177,-0.242289406625
0.236452713400,-0.060670360149,0.003099497482,-0.182086116868
0.233825461000,-0.060773817584,0.003110543460,-0.066345091221
0.231198208600,-0.060931447191,0.003134844493,0.079823300755
0.228570956300,-0.061105212684,0.003217631178,0.151491570573
0.225943703900,-0.061295901924,0.003343816814,0.160385851658
0.223316451500,-0.061540655601,0.003368231433,0.201269117021
0.220689199100,-0.061765986792,0.003344076780,0.219080822787
0.218061946800,-0.061919251141,0.003197572524,0.173605833446
0.215434694400,-0.061993028972,0.003107640042,0.121023469572
0.212807442000,-0.062018484978,0.003056861868,0.102226306836
0.210180189700,-0.061927874398,0.003023920077,0.127378785322
0.207552937300,-0.061798351205,0.003002242973,0.132616693003
0.204925684900,-0.061612486221,0.003039719480,0.127027469327
0.202298432500,-0.061457472032,0.003124012639,0.135370399428
0.199671180200,-0.061229964810,0.003129374450,0.118910251061
0.197043927800,-0.061145881929,0.003310372146,0.097697739447
0.194416675400,-0.061350241261,0.003550499303,0.077034460527
0.191789423100,-0.061564325939,0.003753734153,0.061270430303
0.189162170700,-0.061735694256,0.003882349598,0.095336732790
0.186534918300,-0.061984142204,0.004061144115,0.140487443202
0.183907666000,-0.062203555586,0.004365831253,0.149808570947
0.181280413600,-0.062284967538,0.004780297042,0.152705605799
0.178653161200,-0.062366166295,0.005067010931,0.120522160757
0.176025908800,-0.062342310348,0.005226657064,0.088166790761
0.173398656500,-0.062324339872,0.005450536467,0.097569841878
0.170771404100,-0.062135202691,0.005564003800,0.064453760326
0.168144151700,-0.061921410983,0.005833833972,0.020013535783
0.165516899400,-0.061782546252,0.006117727846,0.055039543204
0.162889647000,-0.061496009307,0.006255280670,0.087925726057
0.160262394600,-0.061294422151,0.006529517152,0.103882156265
0.157635142200,-0.061052069208,0.006707686150,0.117363821604
0.155007889900,-0.060742658209,0.006663866194,0.126286781019
0.152380637500,-0.060498683054,0.006571660287,0.076599152407
0.149753385100,-0.060244107518,0.006513376090,0.024783848796
0.147126132800,-0.059935225233,0.006346201852,0.005415977488
0.144498880400,-0.059676018607,0.006222810200,-0.012638366864
0.141871628000,-0.059583335724,0.006162492652,-0.023897479736
0.139244375600,-0.059620089342,0.006160374857,0.000253959913
0.136617123300,-0.059740675543,0.006231157228,0.012554651843
0.133989870900,-0.060005050203,0.006312212529,0.008508342402
0.131362618500,-0.060325752707,0.006360478761,0.009317618310
0.128735366200,-0.060682294131,0.006405849715,0.024355269013
0.126108113800,-0.060879595961,0.006485933026,0.026249452208
0.123480861400,-0.061180891979,0.006375449553,-0.005492985218
0.120853609000,-0.061550487296,0.006146406746,0.009235087812
0.118226356700,-0.061970204817,0.005883406790,0.018674963598
0.115599104300,-0.062614461878,0.005581249780,-0.018568150102
0.112971851900,-0.063148008552,0.005271669159,0.073297843477
0.110344599600,-0.063693874231,0.004891827649,0.098097063369
0.107717347200,-0.063884236863,0.004414005359,0.026584823253
0.105090094800,-0.063808600167,0.003799672554,-0.003302807126
0.102462842500,-0.063676409789,0.003223237530,-0.040370172873
0.099835590100,-0.063704104886,0.002655094326,-0.027357634723
0.097208337700,-0.063558955068,0.002189009245,-0.015392562916
0.094581085300,-0.063441033968,0.001886116918,-0.066237524661
0.091953833000,-0.063239081502,0.001694228652,-0.119764064022
0.089326580600,-0.063129226715,0.001682491604,-0.103293592147
0.086699328200,-0.063118019863,0.001860882462,-0.106854122019
0.084072075900,-0.063135733496,0.002034826202,-0.167101109459
0.081444823500,-0.063141189484,0.002343731971,-0.198721888736
0.078817571100,-0.063146150244,0.002707443611,-0.151584012596
0.076190318700,-0.063273450547,0.002751125225,-0.069252268415
0.073563066400,-0.063465608481,0.002828021557,-0.010859016822
0.070935814000,-0.063805427446,0.002738205446,0.005108127776
0.068308561600,-0.063971393938,0.002631861048,0.038876134195
0.065681309300,-0.064064257659,0.002432533927,0.073347108857
0.063054056900,-0.064347667485,0.002427920542,0.125470136797
0.060426804500,-0.064607923004,0.002496498166,0.162188677915
0.057799552100,-0.064704241288,0.002459665324,0.182614750450
0.055172299800,-0.064787275193,0.002403167320,0.160934154637
0.052545047400,-0.064785806327,0.002549191568,0.105199200540
0.049917795000,-0.064859110925,0.002779693968,0.014250988565
0.047290542700,-0.064970970854,0.002835953574,-0.055448146482
0.044663290300,-0.064972776916,0.002810847111,-0.029628550411
0.042036037900,-0.064841982503,0.002753200304,0.027392273517
0.039408785500,-0.064532487921,0.002704875005,-0.030138669253
0.036781533200,-0.064522545240,0.002559243324,-0.051990553616
0.034154280800,-0.064551099134,0.002487568879,-0.031852577796
0.031527028400,-0.064815330967,0.002732250904,-0.040671535596
0.028899776100,-0.065121367237,0.002900361638,-0.016505284009
0.026272523700,-0.065303922952,0.003030586395,-0.620283860055
0.023645271300,-0.064799464164,0.002698614927,-0.717096132191
0.021018019000,-0.066166071531,0.002738920572,0.569241880542
0.018390766600,-0.066843200214,0.003198913302,0.583282948024
0.015763514200,-0.067429244398,0.003349259968,-0.004523479775
0.013136261800,-0.067712592367,0.003230234251,-0.090538330438
0.010509009500,-0.067808154457,0.003042412308,-0.148163628965
0.007881757100,-0.067511086464,0.002730926779,-0.190849469716
0.005254504700,-0.067190443814,0.002549097248,-0.175571516109
0.002627252400,-0.066067547607,0.002267878013,-0.927547669595
0.000000000000,-0.058315051320,0.001763929101,-1.708306563741
