0.391460603250,-0.016423974063,-0.000874701708,0.458905948571
0.388833350880,-0.016940836579,-0.001235476088,0.760190870947
0.386206098510,-0.016758074613,-0.001173641323,0.370536294312
0.383578846140,-0.018709808385,-0.000857350843,-0.074675310976
0.380951593770,-0.019289722018,-0.000706474540,0.283506053750
0.378324341400,-0.019530046834,-0.000381810991,0.118521487154
0.375697089030,-0.019679271679,-0.000266919509,0.063181864189
0.373069836660,-0.019881776548,-0.000467512135,0.312219063810
0.370442584290,-0.019820385253,-0.000325409368,0.156493140138
0.367815331920,-0.018869151556,-0.000450355949,0.007670122187
0.365188079550,-0.018803471405,-0.000526476926,-0.049979367105
0.362560827170,-0.018489165874,-0.000703831446,-0.018383777145
0.359933574800,-0.017987346146,-0.000823968122,-0.256323474431
0.357306322430,-0.017022273442,-0.001156620668,-0.071660287030
0.354679070060,-0.018139795408,-0.001111189081,0.307251402076
0.352051817690,-0.017719405354,-0.001292174695,0.101422819416
0.349424565320,-0.017837690462,-0.001493140080,0.100250123249
0.346797312950,-0.018314838667,-0.001544772579,0.042596669019
0.344170060580,-0.018651862868,-0.001705721104,-0.002490186962
0.341542808210,-0.018977349899,-0.001743916947,-0.014644337360
0.338915555840,-0.019304127248,-0.001800635402,-0.043845321904
0.336288303460,-0.019562729125,-0.001627487313,-0.042095645840
0.333661051090,-0.019830988216,-0.001156046673,-0.023406632005
0.331033798720,-0.020178083049,-0.000840954654,-0.036185499363
0.328406546350,-0.020400773853,-0.000714106269,-0.009930193684
0.325779293980,-0.020553717324,-0.000660503816,0.030142969598
0.323152041610,-0.020727486730,-0.000529967708,0.038434443342
0.320524789240,-0.020837720764,-0.000299429941,0.006185335330
0.317897536870,-0.021046662417,0.000078446290,-0.069849550418
0.315270284500,-0.021365651259,0.000372013553,-0.091598985096
0.312643032100,-0.021564653149,0.000594758774,-0.104017367598
0.310015779800,-0.021773440061,0.000784134406,-0.124632209279
0.307388527400,-0.021862075563,0.000968596319,-0.114334720391
0.304761275000,-0.021902528128,0.001186875782,-0.014230320152
0.302134022600,-0.021957360812,0.001421532841,0.060466994946
0.299506770300,-0.022027202082,0.001677400000,0.024345836949
0.296879517900,-0.022112741664,0.001919246659,-0.004191258524
0.294252265500,-0.022045127799,0.002263007509,0.017079745728
0.291625013200,-0.022026523145,0.002523524792,0.051570945147
0.288997760800,-0.021996385123,0.002522560826,0.152058061522
0.286370508400,-0.022141149932,0.002218666074,0.042412269443
0.283743256000,-0.022227513971,0.002450392218,0.118356308059
0.281116003700,-0.022414960611,0.002540258572,0.114792746763
0.278488751300,-0.022542988736,0.002521504667,0.075259477992
0.275861498900,-0.022704083488,0.002671302289,0.032296606522
0.273234246600,-0.022764329481,0.002822520711,0.017203024959
0.270606994200,-0.022653734949,0.002788169550,0.012780384347
0.267979741800,-0.022471164149,0.002679952637,-0.030976149904
0.265352489400,-0.022227225518,0.002729500816,-0.063386248146
0.262725237100,-0.021878747811,0.002851099642,-0.036483734909
0.260097984700,-0.021701698713,0.002916483673,-0.055742845909
0.257470732300,-0.021353441529,0.002881743618,-0.113499255241
0.254843480000,-0.021023033429,0.002947309696,-0.145450284074
0.252216227600,-0.020774555002,0.002909606355,-0.171280921504
0.249588975200,-0.020449772600,0.002930105300,-0.108677645988
0.246961722900,-0.020295162482,0.002879098447,0.001407600114
0.244334470500,-0.020243821484,0.002701494137,0.096727692623
0.241707218100,-0.020091496107,0.002580695109,0.147482030753
0.239079965700,-0.019930499377,0.002297285117,0.113543745147
0.236452713400,-0.019798723778,0.002172732496,-0.000462793973
0.233825461000,-0.019799345220,0.002072529216,-0.084129031850
0.231198208600,-0.019892247105,0.001952931313,-0.078396587978
0.228570956300,-0.020095206290,0.001938454208,-0.029548244817
0.225943703900,-0.020375818253,0.001852978560,-0.006566518111
0.223316451500,-0.020692388122,0.001720219503,0.037525960693
0.220689199100,-0.021055468795,0.001552443033,0.049813918533
0.218061946800,-0.021311609312,0.001487323698,0.016309569950
0.215434694400,-0.021375228591,0.001335142289,-0.010697844207
0.212807442000,-0.021340589521,0.001221059504,-0.016827995930
0.210180189700,-0.021222403937,0.001244484410,-0.025811558415
0.207552937300,-0.020940956462,0.001275419764,-0.021873269295
0.204925684900,-0.020523842102,0.001301655987,-0.012524159689
0.202298432500,-0.020190275445,0.001519687379,-0.001983671580
0.199671180200,-0.020083907067,0.001809331542,-0.017067463080
0.197043927800,-0.020040847477,0.002196345793,-0.033425822807
0.194416675400,-0.020045565677,0.002480287059,0.005792655902
0.191789423100,-0.020074781484,0.002614938489,0.022396370362
0.189162170700,-0.020078887025,0.002722282080,0.028400160847
0.186534918300,-0.020172976190,0.002871975824,0.076469961615
0.183907666000,-0.020284487814,0.002930817080,0.096889299457
0.181280413600,-0.020219719511,0.002977456264,0.104647686797
0.178653161200,-0.020250808754,0.003008265400,0.201856230613
0.176025908800,-0.020305426423,0.003093550276,0.287073744476
0.173398656500,-0.020360825453,0.003409217229,0.313304939740
0.170771404100,-0.020510058271,0.003789195210,0.272164960423
0.168144151700,-0.020556294691,0.004024782478,0.265695547253
0.165516899400,-0.020610021384,0.004197988634,0.376228145474
0.162889647000,-0.020659187393,0.004217674771,0.403009829049
0.160262394600,-0.020715517714,0.004087538023,0.296843383761
0.157635142200,-0.020726528165,0.003830265858,0.180690430499
0.155007889900,-0.020620849050,0.003744444949,0.129704103492
0.152380637500,-0.020301161519,0.003690601292,0.113585434083
0.149753385100,-0.019999482973,0.003736890564,0.099166486090
0.147126132800,-0.019829553175,0.003815555454,0.032076462254
0.144498880400,-0.019784842623,0.003978087220,-0.036616613445
0.141871628000,-0.019694132045,0.004141806204,-0.111078378011
0.139244375600,-0.019709416685,0.004202120810,-0.161723864838
0.136617123300,-0.019820983979,0.004278929975,-0.176272354950
0.133989870900,-0.019951479728,0.004310467761,-0.164305091640
0.131362618500,-0.020159034464,0.004383921621,-0.111651961408
0.128735366200,-0.020258511818,0.004648576356,-0.072709493697
0.126108113800,-0.020341571591,0.004914831432,-0.020369783372
0.123480861400,-0.020399192759,0.005195991444,0.009025128476
0.120853609000,-0.020512282615,0.005363182114,0.066441238206
0.118226356700,-0.020736046313,0.005619550527,0.080716854361
0.115599104300,-0.020916374674,0.005695642345,0.125870915206
0.112971851900,-0.021077651656,0.005838679323,0.119547581466
0.110344599600,-0.021132742526,0.005896990721,0.048570121627
0.107717347200,-0.021023166535,0.005962389010,0.001268813759
0.105090094800,-0.020873544385,0.006062428818,-0.045300570530
0.102462842500,-0.020851441318,0.006041269504,-0.025077187671
0.099835590100,-0.020612874133,0.006116103494,-0.010902862505
0.097208337700,-0.020241625459,0.006289625450,-0.032538978499
0.094581085300,-0.020085969990,0.006344773417,-0.021248952952
0.091953833000,-0.020073938129,0.006472874997,-0.026503145753
0.089326580600,-0.020170200665,0.006500120986,-0.095402620402
0.086699328200,-0.020414253714,0.006490129179,-0.197028310902
0.084072075900,-0.020648917848,0.006443057975,-0.272608175460
0.081444823500,-0.020924270853,0.006448010148,-0.271823628284
0.078817571100,-0.021115499222,0.006253205115,-0.168608878151
0.076190318700,-0.021208945519,0.005963814324,-0.091527151854
0.073563066400,-0.021269709584,0.005744837081,-0.028195306994
0.070935814000,-0.021333456217,0.005553507907,0.061747446241
0.068308561600,-0.021323613571,0.005441029415,0.173922442442
0.065681309300,-0.021240437204,0.005511954213,0.318293766835
0.063054056900,-0.021383117570,0.005562657856,0.400693598383
0.060426804500,-0.021667656036,0.005620090136,0.439764617459
0.057799552100,-0.022134898378,0.005611192987,0.462680516386
0.055172299800,-0.022571565313,0.005583013261,0.336010856325
0.052545047400,-0.022830013522,0.005460417278,0.225294676083
0.049917795000,-0.023068226300,0.005580043511,0.212470082459
0.047290542700,-0.023377027632,0.005708626282,0.197163981851
0.044663290300,-0.023552526089,0.005791927687,0.186423333672
0.042036037900,-0.023794208866,0.005633438363,0.184428029191
0.039408785500,-0.024071838398,0.005342177823,0.122205027862
0.036781533200,-0.024472086308,0.005039585674,0.079117753912
0.034154280800,-0.024740732074,0.004902198071,0.064794098592
0.031527028400,-0.024897000553,0.004802434129,0.082053020091
0.028899776100,-0.025361554719,0.004718160862,0.037036280850
0.026272523700,-0.025657617870,0.004625183407,-0.350840421923
0.023645271300,-0.025734629512,0.004154063287,-0.511695395328
0.021018019000,-0.025638724407,0.003963384828,0.376667544847
0.018390766600,-0.026633293568,0.004009813429,0.522388795506
0.015763514200,-0.026992128979,0.003918707416,0.011295988210
0.013136261800,-0.027119190522,0.003901091560,0.032309701170
0.010509009500,-0.027072781969,0.003765640031,0.048184966178
0.007881757100,-0.026760669949,0.003369133238,0.108642327739
0.005254504700,-0.026428838398,0.003064227903,0.082040147754
0.002627252400,-0.026121419326,0.002630717347,-1.504594420641
0.000000000000,-0.023009106552,0.001972497870,-3.028917618261
