0.391460603250,0.053406481662,0.000646804009,0.086134445792
0.388833350880,0.054814087691,0.001286711009,0.103400758087
0.386206098510,0.055317343262,0.001658184083,0.414298498763
0.383578846140,0.055924173163,0.001824440200,-0.008499051105
0.380951593770,0.055624207058,0.002269970092,-0.437593594466
0.378324341400,0.054049194183,0.002257784090,-0.101074109645
0.375697089030,0.056003059069,0.002128134087,-0.110529188829
0.373069836660,0.056481953450,0.002173684750,-0.102986594531
0.370442584290,0.057315980775,0.001838273096,-0.058739268045
0.367815331920,0.057866389269,0.001391543656,-0.204066818249
0.365188079550,0.058492679675,0.001329434297,-0.298661434571
0.362560827170,0.059285992446,0.001109329425,-0.137148422329
0.359933574800,0.059748698926,0.001025177884,-0.151461496533
0.357306322430,0.060153781805,0.001023688745,-0.129330268714
0.354679070060,0.060517971790,0.000829096679,-0.106769524976
0.352051817690,0.061114724845,0.000972657920,0.021542490636
0.349424565320,0.060948329878,0.000827782200,0.233989931604
0.346797312950,0.060112350115,0.000467982334,0.241359130909
0.344170060580,0.061589848697,0.000107106264,0.110473525176
0.341542808210,0.062008124033,-0.000128365979,-0.023410674181
0.338915555840,0.061956640198,-0.000104828855,-0.063874034505
0.336288303460,0.061865189695,-0.000034743057,-0.054419174270
0.333661051090,0.061707920756,-0.000171118523,-0.009650234974
0.331033798720,0.061550122515,-0.000086575565,0.019856744858
0.328406546350,0.061321111359,0.000181477681,0.003757288629
0.325779293980,0.061003421083,0.000402470418,-0.029040905430
0.323152041610,0.060762138083,0.000510383739,-0.042768594739
0.320524789240,0.059638281896,0.000498721033,-0.014743198121
0.317897536870,0.060062458488,0.000466489398,0.052370866472
0.315270284500,0.060117246259,0.000552674945,0.082126534641
0.312643032100,0.059987911833,0.000558249581,0.060205940272
0.310015779800,0.059877914505,0.000598119633,0.062605403738
0.307388527400,0.059880414869,0.000630272797,0.073496923299
0.304761275000,0.059841655159,0.000590254240,0.050049961282
0.302134022600,0.059730207060,0.000511189992,0.032131711237
0.299506770300,0.059493143330,0.000519381977,-0.007667604827
0.296879517900,0.059357270953,0.000467608403,-0.041695230779
0.294252265500,0.059167477180,0.000434247377,-0.024156814930
0.291625013200,0.058922931116,0.000546173013,0.040198035617
0.288997760800,0.058932009982,0.000529973368,0.069337821136
0.286370508400,0.059162585670,0.000419973860,0.045646111015
0.283743256000,0.059372936130,0.000521927621,0.078897486016
0.281116003700,0.059500832192,0.000467404833,0.188927276569
0.278488751300,0.059621525070,0.000365395564,0.257163530507
0.275861498900,0.059806172124,0.000107968594,0.129433919712
0.273234246600,0.059858797400,0.000679746068,0.232664973457
0.270606994200,0.059880520092,0.000484553155,0.070346969672
0.267979741800,0.059987449026,0.000306634731,-0.035740334160
0.265352489400,0.060016577707,0.000242305317,-0.066627397611
0.262725237100,0.060069965094,0.000078711897,-0.055097376540
0.260097984700,0.060275923583,-0.000055693795,-0.006702861042
0.257470732300,0.060344181922,-0.000122037027,0.079510880464
0.254843480000,0.060172559693,-0.000152542695,0.123111903658
0.252216227600,0.060119139183,0.000042117717,0.100211578522
0.249588975200,0.059964668597,0.000165171221,0.075609178806
0.246961722900,0.059767472806,0.000172559521,0.065358540104
0.244334470500,0.059589816286,0.000294488636,0.049010535273
0.241707218100,0.059337914407,0.000249381144,-0.000213821132
0.239079965700,0.059131135475,0.000385435039,0.004473745333
0.236452713400,0.058943256347,0.000372508822,0.005468932824
0.233825461000,0.058749395363,0.000359722754,-0.033067040167
0.231198208600,0.058602254109,0.000166482876,-0.062180500588
0.228570956300,0.058519916719,0.000183802799,-0.069030957024
0.225943703900,0.058462064429,0.000093063455,-0.050527634196
0.223316451500,0.058381159735,0.000120806064,-0.034698096817
0.220689199100,0.058254877697,0.000054344228,-0.027298361438
0.218061946800,0.058095486129,0.000061358841,0.007270983174
0.215434694400,0.057957721920,0.000121851270,0.006282338454
0.212807442000,0.057719909558,0.000103985763,-0.025634187777
0.210180189700,0.057420459029,0.000213030172,0.006990490855
0.207552937300,0.057087403527,0.000312427466,0.034181187896
0.204925684900,0.056863163710,0.000441489416,0.025549842142
0.202298432500,0.056790794010,0.000660681136,0.031702383093
0.199671180200,0.056769951123,0.000851221586,0.038579584826
0.197043927800,0.056747965540,0.001037900418,0.047590268299
0.194416675400,0.056943394038,0.001173705224,0.043630983870
0.191789423100,0.057139963032,0.001237192235,0.048604127087
0.189162170700,0.057219496774,0.001315694151,0.037978291938
0.186534918300,0.057337625614,0.001335458271,0.030548531946
0.183907666000,0.057419051835,0.001510964269,0.058522455792
0.181280413600,0.057555034610,0.001642718094,0.052543898448
0.178653161200,0.057574101954,0.001805019442,0.060003356086
0.176025908800,0.057565535174,0.001882142503,0.116791804310
0.173398656500,0.057643500015,0.002025459099,0.119126548352
0.170771404100,0.057758792111,0.002127653972,0.068013079212
0.168144151700,0.057675821962,0.002207845628,0.033424497089
0.165516899400,0.057691279029,0.002322295616,0.023362112595
0.162889647000,0.057622621067,0.002495924578,0.041369098266
0.160262394600,0.057453317262,0.002575729593,0.042458378968
0.157635142200,0.057342535334,0.002566478468,0.046363085537
0.155007889900,0.057270968009,0.002704135974,0.041208347583
0.152380637500,0.057168444857,0.002741795199,0.018106616868
0.149753385100,0.057081995991,0.002660617103,-0.015934295317
0.147126132800,0.057136252659,0.002557343873,-0.046120293891
0.144498880400,0.057384422120,0.002394466406,-0.025322888511
0.141871628000,0.057531943059,0.002410459415,-0.046182868389
0.139244375600,0.057828464770,0.002284775524,-0.086380548408
0.136617123300,0.058290861812,0.002132098714,-0.046426397743
0.133989870900,0.058795719566,0.002040919173,-0.002621340315
0.131362618500,0.059344937821,0.001939570384,-0.026442512135
0.128735366200,0.059826944832,0.001714735948,-0.029863194601
0.126108113800,0.060172140096,0.001570354294,-0.040408777471
0.123480861400,0.060270003784,0.001510411046,-0.027176699861
0.120853609000,0.060296811282,0.001750817630,0.003974826591
0.118226356700,0.060033670262,0.001816865043,0.056972361700
0.115599104300,0.059720865230,0.001711433343,0.112275768151
0.112971851900,0.059360031010,0.001652843714,0.127907932908
0.110344599600,0.058841860977,0.001662139730,0.135798802508
0.107717347200,0.058369343737,0.001509243854,0.126589097598
0.105090094800,0.058051731387,0.001480855794,0.099914235676
0.102462842500,0.057737920835,0.001402147961,0.086791816227
0.099835590100,0.057339042934,0.001187342871,0.064145406144
0.097208337700,0.056957825586,0.001030497637,0.019583948071
0.094581085300,0.056528398907,0.000878933187,-0.022221400047
0.091953833000,0.056203795895,0.000879122651,-0.078807087037
0.089326580600,0.055863924551,0.000781101361,-0.089199367042
0.086699328200,0.055573867597,0.000649993316,0.011949977125
0.084072075900,0.055578536867,0.000454750997,0.098836235730
0.081444823500,0.055676398906,0.000238874579,0.076493109077
0.078817571100,0.055735362024,0.000218048978,0.006110830530
0.076190318700,0.055979706513,0.000417322455,-0.065609817996
0.073563066400,0.056202458771,0.000414617347,-0.131680831703
0.070935814000,0.056482093916,0.000286505635,-0.100559177612
0.068308561600,0.055849044400,0.000381247979,-0.024749265703
0.065681309300,0.056054836280,0.000631117253,-0.014412213724
0.063054056900,0.057091240780,0.000797977290,-0.000432985326
0.060426804500,0.056959034517,0.000908762628,0.010496649445
0.057799552100,0.056659432110,0.000920782953,0.022213644763
0.055172299800,0.056123415751,0.000819856375,0.010496237766
0.052545047400,0.055604225170,0.000784738346,-0.023348181043
0.049917795000,0.055258149570,0.000902739881,0.016313260173
0.047290542700,0.054793799895,0.000964454753,0.036797476306
0.044663290300,0.054347703131,0.000994336569,0.039674094074
0.042036037900,0.054015868809,0.001063563845,0.091694068415
0.039408785500,0.053785150498,0.001347678584,0.078161061308
0.036781533200,0.052887562933,0.001416708720,0.020645650004
0.034154280800,0.053356961087,0.001469448140,0.031782904382
0.031527028400,0.053383398270,0.001449337934,0.039164876052
0.028899776100,0.053539137017,0.001436540684,0.054097353171
0.026272523700,0.053778016796,0.001266752700,0.275643911884
0.023645271300,0.053892490503,0.001110140923,0.133030288265
0.021018019000,0.054021063962,0.000863438874,-0.243970426273
0.018390766600,0.054131633313,0.000894076293,-0.108773438269
0.015763514200,0.053939495556,0.001060704678,0.002481149041
0.013136261800,0.053848206305,0.001116750404,0.034207589544
0.010509009500,0.053831329912,0.001146116718,0.062087874365
0.007881757100,0.054137470386,0.001075425554,0.080291093024
0.005254504700,0.054657616410,0.000833800830,0.050761536118
0.002627252400,0.054835451854,0.000642999664,0.486736808986
0.000000000000,0.048420909509,0.000345200363,0.938594383762
