0.391460603250,-0.039788543630,-0.000292789486,0.668295161335
0.388833350880,-0.041878608006,0.000102605784,0.563065516943
0.386206098510,-0.043508736571,0.000412186178,0.311472369954
0.383578846140,-0.040048076488,0.000668827342,0.054170485198
0.380951593770,-0.040660422417,0.000869141375,-0.219743383700
0.378324341400,-0.041460886739,0.001098757864,-0.293710207646
0.375697089030,-0.043333111006,0.001245044400,0.203950103491
0.373069836660,-0.044248110263,0.001380959967,0.451094683544
0.370442584290,-0.044942871291,0.001630030923,0.238653525258
0.367815331920,-0.045009569050,0.001823704592,0.097853810637
0.365188079550,-0.044599198493,0.001909984373,-0.041168753795
0.362560827170,-0.045704981398,0.001960149714,-0.127501910696
0.359933574800,-0.045642680420,0.002234783716,-0.083006906329
0.357306322430,-0.045318491609,0.002083216615,-0.033055479610
0.354679070060,-0.044875665043,0.002172547972,-0.036843512332
0.352051817690,-0.044341698057,0.002236787466,-0.074438186163
0.349424565320,-0.043787688016,0.002405294532,-0.065619881370
0.346797312950,-0.043464157683,0.002453223600,-0.061459777855
0.344170060580,-0.043468581456,0.002423354757,-0.090146999281
0.341542808210,-0.043575957785,0.002354810675,-0.058812737306
0.338915555840,-0.043599784206,0.002349905243,-0.062287740041
0.336288303460,-0.043661050420,0.002327454299,-0.087705633752
0.333661051090,-0.043877330608,0.002186952225,-0.098906391135
0.331033798720,-0.044242509189,0.002156242090,-0.199803352010
0.328406546350,-0.044430165124,0.002294145825,0.045273187947
0.325779293980,-0.044595145574,0.002192723750,0.310923586323
0.323152041610,-0.044723193268,0.002140615257,0.176363678201
0.320524789240,-0.044902649121,0.002103012857,0.165841083222
0.317897536870,-0.045007544273,0.002207201844,0.126337027303
0.315270284500,-0.045089180727,0.002302443990,0.108351517436
0.312643032100,-0.045212135173,0.002391886171,0.075494428939
0.310015779800,-0.045357065644,0.002403439359,0.064644325847
0.307388527400,-0.045459143342,0.002335635084,0.047468821030
0.304761275000,-0.045584073268,0.002255860010,0.016721389285
0.302134022600,-0.045692310464,0.002319240170,0.017884703682
0.299506770300,-0.045869450822,0.002351677207,0.021730216148
0.296879517900,-0.046166500983,0.002307440737,0.050054337244
0.294252265500,-0.046378933096,0.002393476108,0.088659874047
0.291625013200,-0.046509147353,0.002497672334,0.077450293397
0.288997760800,-0.046572121505,0.002533837494,0.071266183061
0.286370508400,-0.046613348512,0.002597162678,0.077734436541
0.283743256000,-0.046571740638,0.002682186578,0.046127982706
0.281116003700,-0.046519705151,0.002773448312,0.017186524404
0.278488751300,-0.046442039695,0.002844115448,0.030759647687
0.275861498900,-0.046438423821,0.002804025304,0.044570264227
0.273234246600,-0.046545941171,0.002745917200,0.063053936447
0.270606994200,-0.046627565741,0.002743651455,0.075670303055
0.267979741800,-0.046692333697,0.002778321693,0.083263981946
0.265352489400,-0.046472173358,0.002868234241,0.077511484720
0.262725237100,-0.046306125619,0.002758779377,0.107822503211
0.260097984700,-0.046026329279,0.002790282189,0.054834793407
0.257470732300,-0.045687647337,0.002845312863,-0.028761630019
0.254843480000,-0.045512532659,0.002866540526,-0.057431437100
0.252216227600,-0.045410439746,0.002750468919,-0.081623578583
0.249588975200,-0.045238847494,0.002701383369,-0.082752704962
0.246961722900,-0.045236924917,0.002485380175,-0.061783097311
0.244334470500,-0.045395250200,0.002338217431,-0.007501257796
0.241707218100,-0.045567755106,0.002176192019,0.065109777335
0.239079965700,-0.045781600044,0.001949741398,0.069909184871
0.236452713400,-0.045938599842,0.001739955856,0.025100535618
0.233825461000,-0.046101252364,0.001506803662,0.000464355739
0.231198208600,-0.046311539865,0.001424366702,-0.023595877906
0.228570956300,-0.046434007502,0.001343834959,-0.012932409882
0.225943703900,-0.046630566856,0.001130119003,0.057493665719
0.223316451500,-0.046791738082,0.000905262485,0.077631894650
0.220689199100,-0.046806343842,0.000742216719,0.064574199200
0.218061946800,-0.046712723079,0.000525282750,0.082927233845
0.215434694400,-0.046615568528,0.000347226697,0.126986406296
0.212807442000,-0.046545981002,0.000336128744,0.183615976754
0.210180189700,-0.046549495887,0.000416251375,0.208841238583
0.207552937300,-0.046509951457,0.000553659663,0.168153261285
0.204925684900,-0.046484195990,0.000742066629,0.160840025378
0.202298432500,-0.046338690632,0.000847189911,0.154353643237
0.199671180200,-0.046219915788,0.001086180214,0.119671935750
0.197043927800,-0.046133060871,0.001303479410,0.124535338245
0.194416675400,-0.046064847714,0.001606123377,0.133942518537
0.191789423100,-0.045955378094,0.001928808724,0.081540776398
0.189162170700,-0.045837151146,0.002180236288,0.068950676284
0.186534918300,-0.045756760729,0.002502203089,0.068453631485
0.183907666000,-0.045700666615,0.002874620081,0.065273191505
0.181280413600,-0.045576424538,0.003125968589,0.076414789633
0.178653161200,-0.045602573378,0.003374203533,0.046313999514
0.176025908800,-0.045684813908,0.003541362009,0.039920556944
0.173398656500,-0.045684707765,0.003709524154,0.072198477713
0.170771404100,-0.045716493817,0.003853964988,0.071602728834
0.168144151700,-0.045671895064,0.004075147910,0.073323186255
0.165516899400,-0.045724360955,0.004365771639,0.148203611830
0.162889647000,-0.045920429570,0.004542757064,0.162801489876
0.160262394600,-0.046105421085,0.004630802131,0.096202948159
0.157635142200,-0.046279008859,0.004649991287,0.062653383981
0.155007889900,-0.046277651607,0.004540168804,0.061431375951
0.152380637500,-0.046288170046,0.004424539486,0.067203111281
0.149753385100,-0.046360973677,0.004228746335,0.052384762455
0.147126132800,-0.046453247531,0.003954405039,0.020323540861
0.144498880400,-0.046440809017,0.003789748813,0.057442888892
0.141871628000,-0.046324416110,0.003601876039,0.110229423476
0.139244375600,-0.046224630954,0.003435127981,0.127040731889
0.136617123300,-0.046054441476,0.003171959927,0.097978264500
0.133989870900,-0.045853726839,0.003091686452,0.051099916855
0.131362618500,-0.045645654667,0.002908021269,0.012100124096
0.128735366200,-0.045413267460,0.002768324513,-0.040035396088
0.126108113800,-0.045145114917,0.002713541098,-0.049546924639
0.123480861400,-0.044933814055,0.002545866560,-0.005762729876
0.120853609000,-0.044922147134,0.002278494396,-0.051614610231
0.118226356700,-0.045032798743,0.002079516173,-0.115501693475
0.115599104300,-0.045230375917,0.001972958420,-0.096822217054
0.112971851900,-0.045473487351,0.001758112100,-0.077854145389
0.110344599600,-0.045708035943,0.001554684643,-0.039597647653
0.107717347200,-0.046300821708,0.001502233612,-0.019010065419
0.105090094800,-0.046723678388,0.001435148032,0.023303716493
0.102462842500,-0.047062012247,0.001502218374,0.090288689295
0.099835590100,-0.047544903032,0.001464590667,0.084957784999
0.097208337700,-0.047839610750,0.001515766705,0.053277438452
0.094581085300,-0.048114707430,0.001670763390,0.056067013349
0.091953833000,-0.048344976732,0.001700655275,0.039996948584
0.089326580600,-0.048567161674,0.001688027676,0.054978298058
0.086699328200,-0.048670447939,0.001745576158,0.067690166152
0.084072075900,-0.048729288952,0.001815140705,0.059674260908
0.081444823500,-0.048840869573,0.001883185803,0.130003370902
0.078817571100,-0.048701052891,0.001823720523,0.148930499381
0.076190318700,-0.048776085840,0.001899488210,0.109645408109
0.073563066400,-0.048624619302,0.001882439000,0.037283573083
0.070935814000,-0.048362006572,0.002084159295,-0.013487387959
0.068308561600,-0.048092868858,0.002189578209,-0.037742324855
0.065681309300,-0.047795432171,0.002299041443,-0.020725371423
0.063054056900,-0.047474985177,0.002514468949,-0.040787920576
0.060426804500,-0.047201291469,0.002484620253,0.004586557229
0.057799552100,-0.047013121811,0.002213950488,0.116448096870
0.055172299800,-0.046956753234,0.002325411468,0.187279776525
0.052545047400,-0.047169132273,0.002491953978,0.219267519466
0.049917795000,-0.047390789496,0.002503976375,0.111819980311
0.047290542700,-0.047618777895,0.002562967655,0.030328200821
0.044663290300,-0.047824761918,0.002579025388,-0.001203050862
0.042036037900,-0.048141317600,0.002781190369,-0.068427150012
0.039408785500,-0.048549588873,0.002670924829,-0.154920972783
0.036781533200,-0.048948486073,0.002816092741,-0.146085632596
0.034154280800,-0.049241181392,0.002879845419,-0.081596569671
0.031527028400,-0.049461506945,0.002812513163,-0.061300699094
0.028899776100,-0.049709395488,0.002467505840,-0.036275015272
0.026272523700,-0.049836998676,0.002245434357,-0.126365800423
0.023645271300,-0.050001822977,0.002238922863,0.143277814213
0.021018019000,-0.049991911864,0.002267566426,0.375030689056
0.018390766600,-0.049964986248,0.002378758031,0.135339969859
0.015763514200,-0.050130292361,0.002574841878,0.023673317589
0.013136261800,-0.050330046936,0.002547173162,-0.067969416068
0.010509009500,-0.050615081728,0.002385510137,-0.128537843441
0.007881757100,-0.050817023331,0.002418853700,-0.148765569219
0.005254504700,-0.050873200982,0.002356775108,-0.165429141004
0.002627252400,-0.050398949159,0.001890100369,-0.394078410728
0.000000000000,-0.046529244209,0.001534470647,-0.628866407746
