0.391460603250,0.032325839995,-0.001217799722,0.842704140368
0.388833350880,0.029853689001,-0.001951874513,0.719005058270
0.386206098510,0.026860128672,-0.002233353373,-0.049390429276
0.383578846140,0.027430048346,-0.002137640842,-0.554476528429
0.380951593770,0.029038251572,-0.001854967521,-0.118720808677
0.378324341400,0.030293295899,-0.001849783957,-0.008264619724
0.375697089030,0.030520051758,-0.001679728691,-0.295662165562
0.373069836660,0.032368520896,-0.001605869651,-0.335195190173
0.370442584290,0.034465307096,-0.001528909824,-0.066825014928
0.367815331920,0.034806824664,-0.001574397050,0.209059995827
0.365188079550,0.033897330236,-0.001617003173,0.235106186373
0.362560827170,0.033232550792,-0.001556181454,0.067658301128
0.359933574800,0.034425633818,-0.001792814141,-0.326747418476
0.357306322430,0.036259506614,-0.001987251386,-0.039102314385
0.354679070060,0.034804459045,-0.001903980603,0.196482599452
0.352051817690,0.035027496252,-0.001877333501,-0.060154788190
0.349424565320,0.034988380446,-0.001934840588,0.027078541216
0.346797312950,0.034823825660,-0.002164356395,0.056415778923
0.344170060580,0.034641843316,-0.002110617428,0.053990253826
0.341542808210,0.034430849750,-0.001999336964,0.017671664423
0.338915555840,0.034241004514,-0.001848706036,-0.046325226800
0.336288303460,0.033873399423,-0.001669953261,-0.094412043507
0.333661051090,0.033509077174,-0.001545503636,-0.080337775403
0.331033798720,0.033241640250,-0.001415631579,-0.148889866269
0.328406546350,0.033064060297,-0.001401713152,-0.169404186951
0.325779293980,0.032875685783,-0.001342355592,-0.148996594629
0.323152041610,0.032628640726,-0.000993877385,-0.156103432392
0.320524789240,0.032256759838,-0.000690888135,-0.089901112899
0.317897536870,0.031930820957,-0.000452661456,-0.043994263935
0.315270284500,0.031722740667,-0.000095243164,-0.086053243451
0.312643032100,0.031520360877,0.000175850673,-0.127065637852
0.310015779800,0.031254791915,0.000561026351,-0.118548565059
0.307388527400,0.031110649834,0.000868077835,-0.135124453657
0.304761275000,0.031078718328,0.001058459864,-0.129180762612
0.302134022600,0.031111197220,0.001246540230,-0.119694385176
0.299506770300,0.031109457437,0.001502541700,-0.122283534076
0.296879517900,0.031196373004,0.001771066816,-0.096873297555
0.294252265500,0.031325261166,0.001964799809,-0.099098774418
0.291625013200,0.031517259884,0.002150961749,-0.075746161377
0.288997760800,0.031486903445,0.002415086353,-0.008202573427
0.286370508400,0.031370867615,0.002578132654,0.023724174680
0.283743256000,0.031335031618,0.002544846971,0.071314823028
0.281116003700,0.031114943987,0.002444848935,0.092737193725
0.278488751300,0.030885513121,0.002441056528,0.048581434605
0.275861498900,0.030833230901,0.002537980483,0.029520470435
0.273234246600,0.030826470024,0.002600901429,0.011972427460
0.270606994200,0.030921950163,0.002652243169,0.021957565088
0.267979741800,0.031046397858,0.002641020655,0.050873663515
0.265352489400,0.031217264895,0.002593163476,0.092485987014
0.262725237100,0.031446313395,0.002568987168,0.105462776854
0.260097984700,0.031790552596,0.002542747247,0.019044670510
0.257470732300,0.032190368204,0.002616940111,-0.126248746379
0.254843480000,0.032385354335,0.002726548835,-0.186347353818
0.252216227600,0.032588518751,0.002706359059,-0.110909628917
0.249588975200,0.032787089034,0.002705246892,0.001916686265
0.246961722900,0.032917802531,0.002648897359,0.060096118587
0.244334470500,0.033036231265,0.002469407532,0.131240020428
0.241707218100,0.033190687587,0.002216246198,0.150057732999
0.239079965700,0.033361246809,0.002012822182,0.052158139171
0.236452713400,0.033433478412,0.001768850243,-0.030498424493
0.233825461000,0.033214706349,0.001617668225,-0.052302522748
0.231198208600,0.032944430268,0.001553485724,-0.072189649076
0.228570956300,0.032698279786,0.001407401651,-0.040485049661
0.225943703900,0.032282079181,0.001289972407,0.031552678444
0.223316451500,0.032015195466,0.001223060672,0.055101385565
0.220689199100,0.031877246637,0.001300207092,0.046865297816
0.218061946800,0.031903904021,0.001248167602,0.086992886137
0.215434694400,0.032035789979,0.001095392958,0.089572782957
0.212807442000,0.032227646518,0.001004491235,0.014692868838
0.210180189700,0.032578544992,0.000847345093,-0.057385407487
0.207552937300,0.032967639230,0.000688947955,-0.066954952161
0.204925684900,0.033220040904,0.000538498077,-0.106465639240
0.202298432500,0.033418988391,0.000515713223,-0.178613677024
0.199671180200,0.033494066006,0.000713175191,-0.158903976219
0.197043927800,0.033455222508,0.000969419803,-0.073425547143
0.194416675400,0.033329031834,0.001079086951,0.004042607913
0.191789423100,0.033126798280,0.001134267141,0.035645115729
0.189162170700,0.032979319625,0.001382431041,-0.003778469606
0.186534918300,0.032799464363,0.001651423676,-0.000086849598
0.183907666000,0.032707509070,0.001661009999,0.079829505435
0.181280413600,0.032632846611,0.001761489103,0.168704373868
0.178653161200,0.032521142578,0.002028405314,0.230719374728
0.176025908800,0.032482062107,0.002420874749,0.266731513698
0.173398656500,0.032453569801,0.002787067584,0.249483530775
0.170771404100,0.032330700611,0.002977406087,0.259422757448
0.168144151700,0.032246073138,0.002898814088,0.282147710808
0.165516899400,0.032269568066,0.002781873160,0.220542226399
0.162889647000,0.032412185392,0.002778302932,0.124415349761
0.160262394600,0.032505097079,0.002748530988,0.061414554819
0.157635142200,0.032599830554,0.002769276827,0.057325939772
0.155007889900,0.033005119087,0.002672542315,0.106909224065
0.152380637500,0.033369185352,0.002659904621,0.117364064485
0.149753385100,0.033623722797,0.002617479577,0.030461510550
0.147126132800,0.033705855251,0.002693137035,-0.095447453833
0.144498880400,0.033766443523,0.002678796081,-0.233928038199
0.141871628000,0.033845390781,0.002790863921,-0.327121157282
0.139244375600,0.033786822215,0.002731494366,-0.366208531206
0.136617123300,0.033579544137,0.002800307124,-0.342478912773
0.133989870900,0.033358002301,0.002991777475,-0.279545713007
0.131362618500,0.033204235661,0.003198681776,-0.166696859680
0.128735366200,0.032894661874,0.003465897736,-0.084516316616
0.126108113800,0.032824956181,0.003576379485,-0.060539289794
0.123480861400,0.032776808940,0.003704570886,-0.029530321453
0.120853609000,0.032609027663,0.003759923938,0.027672484916
0.118226356700,0.032363043164,0.004052175260,0.103130939905
0.115599104300,0.032278640537,0.004201351772,0.113943414955
0.112971851900,0.032324901397,0.004316124781,0.082731490772
0.110344599600,0.032184913558,0.004389672307,0.082235888576
0.107717347200,0.032222875564,0.004382086317,0.075312860599
0.105090094800,0.032409771913,0.004633549390,0.041832316838
0.102462842500,0.032690806648,0.004790493626,0.034086357513
0.099835590100,0.033011191002,0.004868397456,0.053698447816
0.097208337700,0.033210888595,0.005042377212,0.099105184803
0.094581085300,0.033244901266,0.005057875180,0.100797237500
0.091953833000,0.033137549031,0.005031608788,0.032804826691
0.089326580600,0.033049592647,0.005003230878,-0.082891916697
0.086699328200,0.032801926423,0.004709819082,-0.154605389701
0.084072075900,0.032656662048,0.004475267764,-0.133153463330
0.081444823500,0.032438068971,0.004182284881,-0.077857397835
0.078817571100,0.032303300102,0.003608588640,0.000720647161
0.076190318700,0.032075957042,0.003163368227,0.082201870762
0.073563066400,0.031943179754,0.002955314494,0.182585257878
0.070935814000,0.031893031535,0.002977935269,0.338442957100
0.068308561600,0.031849757764,0.002929381274,0.535690146968
0.065681309300,0.031854774336,0.002938298568,0.573380517474
0.063054056900,0.031675528255,0.002871532870,0.494275495775
0.060426804500,0.031240702078,0.002957160107,0.415430214421
0.057799552100,0.030836240642,0.003065721083,0.272162302598
0.055172299800,0.030524235061,0.003119917259,0.265791711361
0.052545047400,0.030223103139,0.003200411188,0.289341739216
0.049917795000,0.030048058830,0.003334513461,0.344578560405
0.047290542700,0.029843260095,0.003407180757,0.336106541021
0.044663290300,0.029667194618,0.003542106803,0.244142221550
0.042036037900,0.029610096933,0.003597439806,0.255145375099
0.039408785500,0.029426432677,0.003425399762,0.245782847412
0.036781533200,0.029011798088,0.003261631174,0.159780326345
0.034154280800,0.028707805937,0.003197410143,0.152978626501
0.031527028400,0.028572616106,0.002971771824,0.192432804661
0.028899776100,0.028241388660,0.002809765963,0.181649645816
0.026272523700,0.027804043252,0.002519052701,0.168163568886
0.023645271300,0.027333475245,0.002190677148,-0.001278328772
0.021018019000,0.026712654150,0.001942676316,0.144879141246
0.018390766600,0.026447080904,0.001786328610,0.189131601627
0.015763514200,0.026302369914,0.001532590578,-0.061401895415
0.013136261800,0.026346851105,0.001631272810,-0.027772518823
0.010509009500,0.026491561138,0.001502296038,0.025188087607
0.007881757100,0.026726180958,0.001419958410,-0.014900425593
0.005254504700,0.027032422952,0.001280114664,-0.221599477428
0.002627252400,0.027111967893,0.000960859855,-1.038910190129
0.000000000000,0.025159820944,0.000483432303,-1.722823430308
