0.391460603250,-0.029825763236,0.001683796326,0.217626948903
0.388833350880,-0.031586864122,0.001958112611,0.120976546694
0.386206098510,-0.031735006695,0.001127580227,-0.117846479264
0.383578846140,-0.031053395286,0.000911076331,-0.116338092221
0.380951593770,-0.030650627426,0.001165999555,-0.151828297369
0.378324341400,-0.030474792335,0.001319455099,0.042984195619
0.375697089030,-0.032960849525,0.001320377551,0.167223204402
0.373069836660,-0.033205733246,0.000922434860,-0.128595673812
0.370442584290,-0.032985457416,0.000901700814,-0.094510645302
0.367815331920,-0.032268317589,0.000792822342,-0.087828837846
0.365188079550,-0.031300934846,0.000652288369,-0.112159356820
0.362560827170,-0.032108022163,0.000749626229,-0.347357990033
0.359933574800,-0.031488777138,0.000920264796,-0.377113404007
0.357306322430,-0.031256182914,0.000985366885,-0.051658739174
0.354679070060,-0.030965159226,0.001272177535,-0.054814490145
0.352051817690,-0.030719110681,0.001400202947,-0.040347405713
0.349424565320,-0.030491654191,0.001461534072,-0.030041149984
0.346797312950,-0.030186609390,0.001499419858,0.010120509789
0.344170060580,-0.030052679796,0.001562887254,0.028810276218
0.341542808210,-0.029965396237,0.001549917358,0.048464720053
0.338915555840,-0.029791514730,0.001514590468,0.104942157452
0.336288303460,-0.029753229520,0.001619160043,0.144928815629
0.333661051090,-0.029890812671,0.001626733853,0.141342601715
0.331033798720,-0.030182621163,0.001684233931,0.132393380041
0.328406546350,-0.030560288566,0.001731978996,0.111919281375
0.325779293980,-0.030986925057,0.001889572297,0.063673337181
0.323152041610,-0.031238045284,0.002024132057,0.026861312471
0.320524789240,-0.031353214856,0.002125225686,0.036934110597
0.317897536870,-0.031583770490,0.002176225468,0.050620663290
0.315270284500,-0.031794563117,0.002174845402,0.038914316260
0.312643032100,-0.031969917620,0.002026848105,0.036958686880
0.310015779800,-0.032131106388,0.002071607450,0.036458745195
0.307388527400,-0.032171268183,0.002078441848,0.003332887700
0.304761275000,-0.032098008296,0.002222932617,-0.021203657891
0.302134022600,-0.031961497194,0.002404374733,0.009269371387
0.299506770300,-0.031731285792,0.002561025608,0.065777025816
0.296879517900,-0.031547201557,0.002877219383,0.087842762886
0.294252265500,-0.031394772483,0.003237360338,0.062766527195
0.291625013200,-0.031312269305,0.003363487013,0.033134836009
0.288997760800,-0.031303637901,0.003410671998,0.019621551476
0.286370508400,-0.031214427968,0.003509584048,0.027907239996
0.283743256000,-0.031117487533,0.003376036789,0.031393736072
0.281116003700,-0.031200333847,0.003211896812,0.059817053328
0.278488751300,-0.031315607458,0.003133135198,0.103300386871
0.275861498900,-0.031397240080,0.003004503638,0.086876537938
0.273234246600,-0.031482575010,0.002794450249,-0.006715122377
0.270606994200,-0.031612589899,0.002559804519,-0.110725221736
0.267979741800,-0.031687132652,0.002373999981,-0.118744930208
0.265352489400,-0.031638111083,0.002306733837,-0.092995022582
0.262725237100,-0.031608252530,0.002333036115,-0.089382692945
0.260097984700,-0.031685903550,0.002409855968,-0.097619922614
0.257470732300,-0.031754544687,0.002609290867,-0.085948117409
0.254843480000,-0.031842032442,0.002754561201,-0.039450243261
0.252216227600,-0.031928562456,0.002841032365,0.023881784153
0.249588975200,-0.031937846910,0.002999704264,0.091373115918
0.246961722900,-0.031903957654,0.002849026846,0.148990462399
0.244334470500,-0.031873009294,0.002816641465,0.160611067012
0.241707218100,-0.032165439112,0.002709378088,0.205594931033
0.239079965700,-0.032500288771,0.002649533722,0.230644199527
0.236452713400,-0.032912333144,0.002534591454,0.174410930588
0.233825461000,-0.033455188713,0.002241391210,0.127902991334
0.231198208600,-0.033967870683,0.002024317306,0.129820414684
0.228570956300,-0.034257105012,0.001929726344,0.127726398212
0.225943703900,-0.034444700676,0.001672288602,0.089644314327
0.223316451500,-0.034510301757,0.001639306389,0.032344331634
0.220689199100,-0.034499224711,0.001886442375,-0.021811567962
0.218061946800,-0.034436375021,0.002203250213,-0.027408407148
0.215434694400,-0.034289225948,0.002262732917,-0.069101717343
0.212807442000,-0.034146141836,0.002317338254,-0.135057630866
0.210180189700,-0.034036741351,0.002368068921,-0.168503498626
0.207552937300,-0.033946869193,0.002384745812,-0.076082571276
0.204925684900,-0.033902912332,0.002544543311,-0.009788177719
0.202298432500,-0.033539728455,0.002484278902,-0.081016860401
0.199671180200,-0.033633461942,0.002885261529,0.097043850638
0.197043927800,-0.033627775069,0.003231975345,0.143785640336
0.194416675400,-0.033543818354,0.003588014054,0.126871861971
0.191789423100,-0.033496587192,0.003910931203,0.130964275172
0.189162170700,-0.033572853099,0.004321747004,0.156144822905
0.186534918300,-0.033614090985,0.004470135470,0.193903549590
0.183907666000,-0.033512811227,0.004431192223,0.209110896016
0.181280413600,-0.033465144714,0.004491255037,0.216399451373
0.178653161200,-0.033340171943,0.004779291395,0.281011110780
0.176025908800,-0.033151314117,0.005175315350,0.317564757232
0.173398656500,-0.032831722397,0.005388722482,0.287050673879
0.170771404100,-0.032576302747,0.005683562702,0.267842379738
0.168144151700,-0.032281621852,0.005689173043,0.233856161413
0.165516899400,-0.031899483210,0.005542536271,0.200710013500
0.162889647000,-0.031647141718,0.005533568712,0.222182684984
0.160262394600,-0.031440708885,0.005519099315,0.197069897339
0.157635142200,-0.031174330802,0.005472498464,0.123357328688
0.155007889900,-0.031136355265,0.005445885960,0.063724127508
0.152380637500,-0.031178944874,0.005153746236,0.021058956588
0.149753385100,-0.031450156067,0.004841880551,-0.014617490163
0.147126132800,-0.031889503654,0.004624035385,-0.076622768753
0.144498880400,-0.032284083903,0.004422542439,-0.137644928653
0.141871628000,-0.032604409234,0.004189362345,-0.145814791262
0.139244375600,-0.032955984368,0.004044915812,-0.106386085197
0.136617123300,-0.033458391882,0.003951914987,-0.012988798674
0.133989870900,-0.034108638673,0.004019948309,0.095602129434
0.131362618500,-0.034589017032,0.004188027618,0.157483380043
0.128735366200,-0.035108202369,0.004307863972,0.143792400396
0.126108113800,-0.035439765554,0.004504023931,0.108645647217
0.123480861400,-0.035648751097,0.004740758833,0.067931024351
0.120853609000,-0.035748543652,0.004862942819,0.099683485170
0.118226356700,-0.035862430178,0.004977391432,0.115820189207
0.115599104300,-0.035774741592,0.004832925397,0.134748790976
0.112971851900,-0.035675052042,0.004744928082,0.111499153042
0.110344599600,-0.035673671072,0.004814265738,0.045788227673
0.107717347200,-0.035654159755,0.004706995776,-0.056367390034
0.105090094800,-0.035497994185,0.004767899431,-0.133338703772
0.102462842500,-0.035378552374,0.004746455706,-0.160980961319
0.099835590100,-0.035212506200,0.004862792748,-0.126122883920
0.097208337700,-0.035142672967,0.004930058229,-0.010609924590
0.094581085300,-0.035242387842,0.004758379457,0.106575763739
0.091953833000,-0.035293873773,0.004712523074,0.177663971623
0.089326580600,-0.035432165260,0.004561654190,0.241136602600
0.086699328200,-0.035610209591,0.004410877643,0.217591946511
0.084072075900,-0.035754181699,0.004300386585,0.100875783161
0.081444823500,-0.035886373270,0.004268511664,0.022062417639
0.078817571100,-0.035963460027,0.004176717641,0.004059642228
0.076190318700,-0.035995171830,0.004149633870,0.025836690939
0.073563066400,-0.036097349229,0.004127009316,0.081661693975
0.070935814000,-0.036139545725,0.004060119055,0.112472328611
0.068308561600,-0.036318944460,0.004006857647,0.101165691224
0.065681309300,-0.036342499195,0.003904310006,0.092740099509
0.063054056900,-0.036243850773,0.003702052857,0.044057229811
0.060426804500,-0.036311958259,0.003727666900,0.006183729485
0.057799552100,-0.036288452325,0.003673098811,0.027861217869
0.055172299800,-0.036275974261,0.003788404124,0.043892732475
0.052545047400,-0.036177174956,0.003735126826,0.003075553874
0.049917795000,-0.036094109303,0.003632460631,-0.008748583783
0.047290542700,-0.036116169362,0.003641637758,-0.026498707318
0.044663290300,-0.036276943249,0.003556754593,-0.073916987630
0.042036037900,-0.036426332813,0.003431228450,-0.045877293890
0.039408785500,-0.036670999232,0.003434021775,-0.021619605635
0.036781533200,-0.036880691600,0.003390158845,0.004250298873
0.034154280800,-0.037166530659,0.003302261178,0.077303466696
0.031527028400,-0.037790712958,0.003226548392,0.101667486857
0.028899776100,-0.038263986822,0.003209766529,0.081830317788
0.026272523700,-0.037839211541,0.003199628162,0.238231270148
0.023645271300,-0.036533712780,0.002827315197,0.173878785572
0.021018019000,-0.038425214725,0.003080249037,-0.100640429903
0.018390766600,-0.040158552202,0.003217359174,-0.106757940138
0.015763514200,-0.040156424166,0.002949455937,-0.077485279326
0.013136261800,-0.039865188691,0.002497335444,-0.059932304885
0.010509009500,-0.039496595508,0.002007002442,-0.053080376240
0.007881757100,-0.039069670083,0.001528474251,-0.008376265214
0.005254504700,-0.038735270517,0.001169957575,0.062355394555
0.002627252400,-0.038180498567,0.000837220568,0.294257232801
0.000000000000,-0.027629110526,0.000734632670,0.501748682877
