0.391460603250,-0.055272161081,0.000036269129,0.616247269049
0.388833350880,-0.055859742566,0.000138445312,0.379351378209
0.386206098510,-0.057097176496,0.000208868530,0.341704018580
0.383578846140,-0.058581355452,0.000319136253,0.191117864488
0.380951593770,-0.059921077996,0.000755904206,0.144821715644
0.378324341400,-0.060315084203,0.000946438895,0.266769179994
0.375697089030,-0.060471484182,0.001075316735,0.064243585014
0.373069836660,-0.060262515222,0.001395394003,-0.212098464790
0.370442584290,-0.060240635157,0.001566611850,0.080525191502
0.367815331920,-0.060019850405,0.001646271184,0.328065886235
0.365188079550,-0.059767477867,0.001569509784,0.059361907332
0.362560827170,-0.059384067496,0.001668756355,0.034885929155
0.359933574800,-0.058902389712,0.001635524092,-0.050049100467
0.357306322430,-0.059159882167,0.001696057577,-0.102576375755
0.354679070060,-0.058898662701,0.001806858222,-0.085624721103
0.352051817690,-0.058856304046,0.001744015688,-0.020719814673
0.349424565320,-0.058911198857,0.001700551357,-0.006362432761
0.346797312950,-0.058839747817,0.001736337394,-0.009653496946
0.344170060580,-0.058786665589,0.001817408097,0.024064162569
0.341542808210,-0.058877016512,0.001835642100,0.069417813455
0.338915555840,-0.059038696046,0.001770581205,0.093529008181
0.336288303460,-0.059109975902,0.001768349588,0.093288561063
0.333661051090,-0.059217990193,0.001746140997,0.068944211199
0.331033798720,-0.059413577597,0.001761379261,0.071513765713
0.328406546350,-0.059541989441,0.001799343795,0.089916758031
0.325779293980,-0.059572448929,0.001747765216,0.085321634795
0.323152041610,-0.059718041670,0.001705512414,0.081445348970
0.320524789240,-0.059838298681,0.001729374552,0.043907060212
0.317897536870,-0.059933839456,0.001830500323,-0.001344967402
0.315270284500,-0.060246638625,0.002064195112,-0.052977247415
0.312643032100,-0.060655899886,0.002194069777,-0.044475182369
0.310015779800,-0.060916990707,0.002184865580,0.009546160440
0.307388527400,-0.061134074850,0.002297954253,0.002482042965
0.304761275000,-0.061372742711,0.002438684058,0.000355565124
0.302134022600,-0.061554204902,0.002670229395,-0.008165207744
0.299506770300,-0.061747816372,0.002965133149,-0.001186443577
0.296879517900,-0.061927697158,0.003375784811,0.022159868345
0.294252265500,-0.062112207633,0.003682566971,-0.003658121329
0.291625013200,-0.062159419500,0.003883767710,-0.030155294436
0.288997760800,-0.061974261101,0.004014395587,0.020425029317
0.286370508400,-0.061824399261,0.004088243078,0.097857095200
0.283743256000,-0.061755067964,0.004097875784,0.097807606798
0.281116003700,-0.061682228077,0.004259528527,0.074558026959
0.278488751300,-0.061613373602,0.004247790900,0.095282006990
0.275861498900,-0.061632658559,0.004208380935,0.119858493379
0.273234246600,-0.061587823563,0.004170848273,0.126767647179
0.270606994200,-0.061600898694,0.004022022315,0.118611703105
0.267979741800,-0.061460120774,0.003943656994,0.141363847664
0.265352489400,-0.061386916260,0.003888196986,0.164719463855
0.262725237100,-0.061315488076,0.003778192410,0.155679669535
0.260097984700,-0.061246824899,0.003631151298,0.162294009346
0.257470732300,-0.061110523735,0.003605920140,0.148742679054
0.254843480000,-0.061050169972,0.003666789468,0.079410999198
0.252216227600,-0.061211619737,0.003676190786,-0.038883717044
0.249588975200,-0.061360498835,0.003651966463,-0.088189961693
0.246961722900,-0.061368186401,0.003664652626,-0.084719674058
0.244334470500,-0.061396485446,0.003476218478,-0.165820090881
0.241707218100,-0.061362367542,0.003289329997,-0.232505578128
0.239079965700,-0.061333178537,0.003205143700,-0.217647537132
0.236452713400,-0.061280859268,0.003095978631,-0.135815773794
0.233825461000,-0.061242244747,0.003066567239,-0.015725652132
0.231198208600,-0.061288352312,0.003005600744,0.073629821642
0.228570956300,-0.061523235196,0.002939879967,0.200866786405
0.225943703900,-0.061753932357,0.003014356978,0.279648507246
0.223316451500,-0.062003112052,0.003125714093,0.246078174282
0.220689199100,-0.062321313004,0.003047226177,0.205458643431
0.218061946800,-0.062505418396,0.002845960842,0.173159391456
0.215434694400,-0.062531733583,0.002786316425,0.142018892501
0.212807442000,-0.062573259409,0.002775917118,0.099743050957
0.210180189700,-0.062424412815,0.002757774663,0.107273045524
0.207552937300,-0.062191590499,0.002742901458,0.130210781790
0.204925684900,-0.061946614526,0.002852928535,0.091333683124
0.202298432500,-0.061638216941,0.002935012403,0.076531282998
0.199671180200,-0.061504063651,0.002936867421,0.089839068340
0.197043927800,-0.061574561770,0.003091023540,0.070204925204
0.194416675400,-0.061739528035,0.003303695789,0.058971014868
0.191789423100,-0.061929431623,0.003483324971,0.037985209016
0.189162170700,-0.062217359602,0.003642928202,0.018887016080
0.186534918300,-0.062388417705,0.003919311474,0.093818724209
0.183907666000,-0.062501564148,0.004281009848,0.124305670978
0.181280413600,-0.062646573258,0.004551216773,0.126926379453
0.178653161200,-0.062800766658,0.004753634051,0.129135480736
0.176025908800,-0.062872423441,0.005071665919,0.091108584239
0.173398656500,-0.062803483543,0.005277853967,0.080364009666
0.170771404100,-0.062606613381,0.005470960644,0.090100591095
0.168144151700,-0.062465286815,0.005833758327,0.068930134636
0.165516899400,-0.062399211939,0.006105791975,0.059896950935
0.162889647000,-0.062315792736,0.006375154608,0.119326809716
0.160262394600,-0.062068801725,0.006472679713,0.186030946444
0.157635142200,-0.061887280557,0.006537003596,0.183419386205
0.155007889900,-0.061744492443,0.006479597890,0.133606770170
0.152380637500,-0.061470248329,0.006421535257,0.058022170797
0.149753385100,-0.061123088282,0.006432835636,-0.003336041257
0.147126132800,-0.060809914966,0.006384330274,-0.055246640668
0.144498880400,-0.060549292590,0.006341947559,-0.020867707225
0.141871628000,-0.060469303566,0.006397967874,0.058394231891
0.139244375600,-0.060550199783,0.006494042531,0.056690445715
0.136617123300,-0.060697163859,0.006521812453,0.037495660254
0.133989870900,-0.060974929846,0.006554479783,0.072311787855
0.131362618500,-0.061134097076,0.006570284265,0.076319948213
0.128735366200,-0.061387430475,0.006513071877,0.046978722433
0.126108113800,-0.061749570693,0.006360620943,0.049147896662
0.123480861400,-0.062131166952,0.006445999337,0.057713894609
0.120853609000,-0.062481894654,0.006401488468,0.058840235232
0.118226356700,-0.062710516910,0.006203079099,0.071161048380
0.115599104300,-0.063006137025,0.005863644344,0.077182183504
0.112971851900,-0.063204443681,0.005514413385,0.080224325036
0.110344599600,-0.063423161188,0.005251879590,0.088139854993
0.107717347200,-0.063671283929,0.004964571472,0.114614725098
0.105090094800,-0.063680937105,0.004562261339,0.091195555692
0.102462842500,-0.063526952324,0.004185516515,0.012775433503
0.099835590100,-0.063395076334,0.003691292592,-0.047458258237
0.097208337700,-0.063315054772,0.003353803161,-0.064409064666
0.094581085300,-0.063156626335,0.003079821494,-0.034619817940
0.091953833000,-0.063047041683,0.003017287248,-0.056607158760
0.089326580600,-0.063067042854,0.003012385706,-0.139667153505
0.086699328200,-0.063138790863,0.003018365475,-0.187100289934
0.084072075900,-0.063188387063,0.003261525073,-0.218607241687
0.081444823500,-0.063302494129,0.003463075809,-0.241621655217
0.078817571100,-0.063382585391,0.003557796036,-0.197937288078
0.076190318700,-0.063531684969,0.003626049286,-0.165619577410
0.073563066400,-0.063845973099,0.003545164329,-0.156740258084
0.070935814000,-0.064048773282,0.003418877377,-0.077220143738
0.068308561600,-0.064145638168,0.003358545623,0.001230541420
0.065681309300,-0.064321732888,0.003309358781,0.034362279845
0.063054056900,-0.064406432624,0.003242006031,0.082865320164
0.060426804500,-0.064526581777,0.003376552014,0.079869148161
0.057799552100,-0.064792949788,0.003361314412,0.117607020232
0.055172299800,-0.065074510723,0.003328443081,0.107005833611
0.052545047400,-0.065252978519,0.003554228876,0.059262252296
0.049917795000,-0.065260190636,0.003841712107,0.012322547798
0.047290542700,-0.065274795080,0.003735856626,0.084257762325
0.044663290300,-0.065167778485,0.003647692774,0.154511950092
0.042036037900,-0.065172559918,0.003731198314,0.111989055361
0.039408785500,-0.065178228436,0.003608880189,0.105296720940
0.036781533200,-0.065275387778,0.003327028204,0.085048080007
0.034154280800,-0.065390824654,0.003093710496,0.010913919491
0.031527028400,-0.065669301584,0.003048677810,-0.032953207826
0.028899776100,-0.065937403622,0.003252673553,-0.019214165049
0.026272523700,-0.066154361343,0.003441877485,-0.037272692990
0.023645271300,-0.066643148832,0.003451729225,-0.031875224445
0.021018019000,-0.066999234900,0.003664014874,-0.299725015503
0.018390766600,-0.066244757386,0.003858038811,-0.162151438242
0.015763514200,-0.067903719779,0.003940368484,0.140372662959
0.013136261800,-0.068881650276,0.003945106764,-0.012731369750
0.010509009500,-0.069246849918,0.003732610266,-0.090162207712
0.007881757100,-0.068871805083,0.003599280981,-0.121674434067
0.005254504700,-0.068390086134,0.003260667327,-0.088553093212
0.002627252400,-0.067420190820,0.002891142543,-0.739979530482
0.000000000000,-0.056360901251,0.002246287323,-1.381991143712
