0.391460603250,-0.014187030642,0.000453203837,-0.247723382567
0.388833350880,-0.014432511044,0.000548347754,-0.332169203824
0.386206098510,-0.012709106551,0.000458187098,-0.439289121675
0.383578846140,-0.011503048342,0.000764604835,-0.020284397262
0.380951593770,-0.012796074064,0.000853172116,0.256326499610
0.378324341400,-0.013297990991,0.000962813917,-0.441272797515
0.375697089030,-0.013570750428,0.001277562863,-0.493912708233
0.373069836660,-0.013671073983,0.001414210985,-0.062091329686
0.370442584290,-0.013822514298,0.001598798498,-0.019999484002
0.367815331920,-0.013714125806,0.001738901215,-0.009498378177
0.365188079550,-0.013678942777,0.001901231449,-0.011481347257
0.362560827170,-0.012618497810,0.002127534570,-0.053162416051
0.359933574800,-0.012430428088,0.002336792867,-0.029562127553
0.357306322430,-0.012130422015,0.002429057664,-0.079307021741
0.354679070060,-0.011933357143,0.002822701049,-0.091083440034
0.352051817690,-0.011780891249,0.002965643487,-0.048932370930
0.349424565320,-0.011636591509,0.003014280398,-0.023863980344
0.346797312950,-0.011510544692,0.003115655060,-0.015613841235
0.344170060580,-0.011438978910,0.003206886942,-0.008904194470
0.341542808210,-0.011383419959,0.003395013216,-0.007566564113
0.338915555840,-0.011296437253,0.003586146161,-0.018702366352
0.336288303460,-0.011211194366,0.003599079736,0.012991688213
0.333661051090,-0.011337032718,0.003566851041,0.055921116681
0.331033798720,-0.011490802022,0.003702040651,0.097950930254
0.328406546350,-0.011514486498,0.003803763190,0.085564971436
0.325779293980,-0.011640550801,0.003847361841,0.077220330364
0.323152041610,-0.011809860407,0.003867887412,0.112268390635
0.320524789240,-0.011943006442,0.003868806155,0.145003360493
0.317897536870,-0.012102901445,0.003888280699,0.125982215121
0.315270284500,-0.012276351410,0.003893787571,0.130014647807
0.312643032100,-0.012395244230,0.003907840960,0.115821308325
0.310015779800,-0.012457130056,0.003843309517,0.075041319332
0.307388527400,-0.012429971933,0.003811258093,0.033360386310
0.304761275000,-0.012410535819,0.003749647134,0.054133798168
0.302134022600,-0.012325713827,0.003733890684,0.070058712262
0.299506770300,-0.012330753481,0.003681184140,0.047399816007
0.296879517900,-0.012513574284,0.003752951074,0.042473384391
0.294252265500,-0.012581317831,0.003834011053,0.024876154113
0.291625013200,-0.012532991565,0.003958380819,0.005019014823
0.288997760800,-0.012406725916,0.003959793142,0.022200134565
0.286370508400,-0.012211774786,0.003970985358,0.046497062282
0.283743256000,-0.012034874588,0.003974453074,0.069581724444
0.281116003700,-0.011910566353,0.003860693653,0.063991326889
0.278488751300,-0.011863726534,0.003873836682,0.055155604403
0.275861498900,-0.011741894900,0.003945573298,0.028885612441
0.273234246600,-0.011498390930,0.003837791048,0.052932985380
0.270606994200,-0.011290909239,0.003911432383,0.071413335122
0.267979741800,-0.011293733897,0.003949464479,0.078282251709
0.265352489400,-0.011274244121,0.003943983082,0.054688336141
0.262725237100,-0.011174247015,0.003769886394,0.064737830686
0.260097984700,-0.011024225472,0.003721170047,0.052193248423
0.257470732300,-0.010919012960,0.003656537530,0.013144301379
0.254843480000,-0.011002936893,0.003604798532,0.029405309578
0.252216227600,-0.011184562273,0.003512487827,0.025966656274
0.249588975200,-0.011461507154,0.003325191308,-0.008021096497
0.246961722900,-0.011881375442,0.003262352916,-0.021366997354
0.244334470500,-0.012399792293,0.003149105104,-0.060241443143
0.241707218100,-0.012890667887,0.002937045369,-0.057807279159
0.239079965700,-0.013334359115,0.002656548520,-0.036635703191
0.236452713400,-0.013684229498,0.002402626400,-0.017882108925
0.233825461000,-0.013935035270,0.002195251971,0.019671324365
0.231198208600,-0.014180391066,0.001982198288,0.056394360792
0.228570956300,-0.014351082031,0.001694477998,0.050780578138
0.225943703900,-0.014400108203,0.001565171853,0.062758568196
0.223316451500,-0.014422694214,0.001524749108,0.081836392247
0.220689199100,-0.014360348711,0.001392751102,0.062674598209
0.218061946800,-0.014284484518,0.001192348148,0.034643918347
0.215434694400,-0.014347779237,0.000960572753,0.050576936041
0.212807442000,-0.014429336800,0.000922023269,0.061391845518
0.210180189700,-0.014582844867,0.000747809298,0.089646380143
0.207552937300,-0.014805582818,0.000789132796,0.128165482590
0.204925684900,-0.015199177349,0.000830738165,0.124835404673
0.202298432500,-0.015825244895,0.001000509277,0.144306314634
0.199671180200,-0.016298899963,0.001193677778,0.152853645678
0.197043927800,-0.016554321633,0.001331622047,0.148428928561
0.194416675400,-0.016631320533,0.001519222303,0.151381569322
0.191789423100,-0.016642606723,0.001611432493,0.152808825348
0.189162170700,-0.016665952834,0.001729473034,0.177994238855
0.186534918300,-0.016614335138,0.001892251545,0.189022675205
0.183907666000,-0.016410799523,0.001969259200,0.133192176767
0.181280413600,-0.016223024669,0.002034252686,0.097689927062
0.178653161200,-0.016087233774,0.002270594986,0.098763294672
0.176025908800,-0.015920274125,0.002393863929,0.056324096084
0.173398656500,-0.015764090548,0.002494077617,-0.003741427323
0.170771404100,-0.015761195385,0.002679465007,-0.024833643604
0.168144151700,-0.015718592013,0.003029463531,-0.025734017597
0.165516899400,-0.015712441037,0.003233036540,0.001607907508
0.162889647000,-0.015624691706,0.003450767470,0.019740117990
0.160262394600,-0.015458508412,0.003593689814,0.021753931424
0.157635142200,-0.015546628644,0.003728788039,0.014079084080
0.155007889900,-0.015602330410,0.003824485483,-0.017530696382
0.152380637500,-0.015643126237,0.003946567536,-0.024448697862
0.149753385100,-0.015739348061,0.004061455309,0.022029372003
0.147126132800,-0.015905389864,0.004176546955,0.074800984163
0.144498880400,-0.016119481848,0.004224122286,0.077748481986
0.141871628000,-0.016254914981,0.004206688621,0.086064874011
0.139244375600,-0.016296957828,0.004059906214,0.073216731693
0.136617123300,-0.016227618756,0.004011707955,0.033615015755
0.133989870900,-0.016042577642,0.003873755148,0.048350159422
0.131362618500,-0.015710815552,0.003641840623,0.080367269054
0.128735366200,-0.015375191735,0.003244794988,0.056568290048
0.126108113800,-0.015006668629,0.002750322120,0.015737744596
0.123480861400,-0.014597636582,0.002362477152,0.057739667287
0.120853609000,-0.014252165860,0.002035369450,0.078086609718
0.118226356700,-0.014058738774,0.001846274033,0.041456760401
0.115599104300,-0.013939930086,0.001731367579,0.038639589586
0.112971851900,-0.013943384142,0.001615008800,0.068635084428
0.110344599600,-0.014093144554,0.001356186351,0.113367645251
0.107717347200,-0.014526240464,0.001264918183,0.086941038610
0.105090094800,-0.014838508707,0.001261786001,0.012609968207
0.102462842500,-0.015097022735,0.001154244536,-0.041363034092
0.099835590100,-0.015405397106,0.000989444630,-0.049944359244
0.097208337700,-0.015721255936,0.000797954581,-0.006138052425
0.094581085300,-0.016043056382,0.000806966971,0.045016782379
0.091953833000,-0.016362560547,0.000678074296,0.086303298985
0.089326580600,-0.016774691240,0.000432002503,0.142641083090
0.086699328200,-0.017209406358,0.000336179814,0.130678410562
0.084072075900,-0.017328692571,0.000198535794,0.121387313597
0.081444823500,-0.017429288437,0.000061208932,0.152721291241
0.078817571100,-0.017562689042,-0.000107538253,0.060012930018
0.076190318700,-0.017500467878,-0.000192004812,-0.007790660600
0.073563066400,-0.017548306260,-0.000112116595,0.002391457658
0.070935814000,-0.017478591144,-0.000075392001,0.040438037629
0.068308561600,-0.017438766860,-0.000260010377,0.077998572830
0.065681309300,-0.017435505561,-0.000537169841,0.146207391275
0.063054056900,-0.017054374471,-0.000590840994,0.193924065624
0.060426804500,-0.016669128687,-0.000416623489,0.137058063869
0.057799552100,-0.016490359051,-0.000456920908,0.108586697098
0.055172299800,-0.016382228849,-0.000463193710,0.155233223691
0.052545047400,-0.016457339850,-0.000338518933,0.199090769135
0.049917795000,-0.016742344626,-0.000194672300,0.233618277261
0.047290542700,-0.017168034998,-0.000017303584,0.261502288462
0.044663290300,-0.017648175336,0.000098439782,0.220670787831
0.042036037900,-0.018101351269,0.000092431417,0.054847415070
0.039408785500,-0.018436734184,0.000053488796,-0.127060750141
0.036781533200,-0.018795533735,0.000337733597,-0.214635898829
0.034154280800,-0.019012416064,0.000385157845,-0.208222346277
0.031527028400,-0.019199632907,0.000236634974,-0.161386913667
0.028899776100,-0.019409886947,0.000279154115,-0.118872513519
0.026272523700,-0.019384778320,0.000383268485,0.275536157963
0.023645271300,-0.019159025850,0.000415994774,0.088784338971
0.021018019000,-0.019306316867,0.000429879590,-0.398751828452
0.018390766600,-0.019800442552,0.000415182112,-0.109086863050
0.015763514200,-0.019929868182,0.000396953165,0.109921152978
0.013136261800,-0.020101651994,0.000481438360,0.078025860494
0.010509009500,-0.020137849988,0.000531073618,-0.020722586686
0.007881757100,-0.020003521711,0.000339622920,-0.117224553785
0.005254504700,-0.019660108871,0.000028401226,-0.219871730382
0.002627252400,-0.018806730225,0.000146203498,0.490324291806
0.000000000000,-0.016423628162,0.000185731335,1.288793460712
