0.391460603250,-0.052960158241,0.000242143969,-0.024249306160
0.388833350880,-0.051617885489,0.000433099865,0.133487623669
0.386206098510,-0.052782687806,0.000802292134,0.130254691451
0.383578846140,-0.053430257747,0.001002413753,-0.057495303271
0.380951593770,-0.052013224630,0.001229228025,0.007164235841
0.378324341400,-0.054671032958,0.001420817027,-0.125730336276
0.375697089030,-0.056609402410,0.001684419426,-0.121940724050
0.373069836660,-0.056807184758,0.001840016004,-0.091466387716
0.370442584290,-0.056029941933,0.002274357323,0.138562648868
0.367815331920,-0.056245470639,0.002331030967,0.158466228863
0.365188079550,-0.055878640016,0.002270523419,-0.003760626458
0.362560827170,-0.055714709230,0.002393238847,0.023848781333
0.359933574800,-0.055779903127,0.002620355079,-0.023750922396
0.357306322430,-0.055421678219,0.002681126845,-0.083489169559
0.354679070060,-0.054464308703,0.002679600771,-0.102333337215
0.352051817690,-0.053127435688,0.002743044325,-0.014045407189
0.349424565320,-0.053939105520,0.002829232441,0.007519057333
0.346797312950,-0.055055427275,0.002822256390,-0.004917725618
0.344170060580,-0.055097496682,0.002879080904,0.041211667717
0.341542808210,-0.055136960350,0.002995810501,0.131660347574
0.338915555840,-0.055134330941,0.002933033581,0.135358978784
0.336288303460,-0.055051248685,0.002841305250,0.068980464455
0.333661051090,-0.054984360797,0.002855153107,0.054401671197
0.331033798720,-0.055165935126,0.002751181722,0.096624828334
0.328406546350,-0.055386842107,0.002777092434,0.091825201029
0.325779293980,-0.055332670650,0.002811827795,0.032176445020
0.323152041610,-0.055396582941,0.002701130723,0.005895090459
0.320524789240,-0.055539576132,0.002653631231,0.024783144530
0.317897536870,-0.055737023625,0.002575695301,0.022614463673
0.315270284500,-0.055944278293,0.002433698579,-0.007603425839
0.312643032100,-0.056228443658,0.002392356211,-0.023936801714
0.310015779800,-0.056572079313,0.002680553204,-0.039523743282
0.307388527400,-0.056864719977,0.002851652475,-0.016407204566
0.304761275000,-0.057065083963,0.003117361623,0.021037801875
0.302134022600,-0.057227016348,0.003394700666,0.032788302704
0.299506770300,-0.057443956654,0.003571531449,0.018894775716
0.296879517900,-0.057567920071,0.003880665484,0.033206826813
0.294252265500,-0.057663386231,0.004199142231,0.017176022887
0.291625013200,-0.057661680161,0.004226746722,0.006367966419
0.288997760800,-0.057646451853,0.004182412075,0.016994136567
0.286370508400,-0.057495985614,0.004205513371,0.032997658104
0.283743256000,-0.057268150578,0.004258722412,0.023444132688
0.281116003700,-0.057079981081,0.004183794148,0.044746244345
0.278488751300,-0.057051952891,0.004116771074,0.070588574073
0.275861498900,-0.057057041487,0.004000382689,0.072986388127
0.273234246600,-0.057022707111,0.003929860156,0.088934216366
0.270606994200,-0.056990624444,0.003917060565,0.108832568660
0.267979741800,-0.056959695487,0.003811853521,0.115749797289
0.265352489400,-0.056939647983,0.003754392923,0.124407044951
0.262725237100,-0.056940853857,0.003732598883,0.127288050107
0.260097984700,-0.056968978719,0.003786237995,0.165757021065
0.257470732300,-0.056993738689,0.003743114552,0.139702288312
0.254843480000,-0.057079554706,0.003697332377,0.054812005634
0.252216227600,-0.057161613998,0.003649973524,-0.019905679987
0.249588975200,-0.057225271889,0.003607522770,-0.084798681166
0.246961722900,-0.057368646924,0.003524316168,-0.104020010707
0.244334470500,-0.057506110076,0.003394507858,-0.136336603566
0.241707218100,-0.057574126466,0.003271872384,-0.215921750468
0.239079965700,-0.057577327468,0.003206900273,-0.276526977356
0.236452713400,-0.057565500717,0.003117615846,-0.223566611359
0.233825461000,-0.057684924034,0.003078783839,-0.081054593182
0.231198208600,-0.057807161642,0.003061832237,0.012621604139
0.228570956300,-0.057975134225,0.003062219152,0.120038693596
0.225943703900,-0.058264642004,0.003174299240,0.221210378480
0.223316451500,-0.058513357664,0.003194450147,0.238217833216
0.220689199100,-0.058762199867,0.003254273773,0.205037596475
0.218061946800,-0.058972374021,0.003215985605,0.148627539748
0.215434694400,-0.059062581433,0.003018928163,0.114917887739
0.212807442000,-0.059023733173,0.002871964099,0.116261383677
0.210180189700,-0.058964463004,0.002903167247,0.128907822822
0.207552937300,-0.058845299600,0.003054507210,0.125902922669
0.204925684900,-0.058628008502,0.003099677685,0.128985768087
0.202298432500,-0.058523548255,0.003060404992,0.109997784775
0.199671180200,-0.058539682380,0.003125514202,0.107021136528
0.197043927800,-0.058589568778,0.003196969260,0.099162734554
0.194416675400,-0.058678412870,0.003399813523,0.105613702875
0.191789423100,-0.058799843758,0.003587951310,0.122159342125
0.189162170700,-0.058996084144,0.003824091793,0.105033078675
0.186534918300,-0.059227543532,0.004037714975,0.092725862570
0.183907666000,-0.059426124508,0.004456624736,0.131466938504
0.181280413600,-0.059683674590,0.004734576170,0.135202905609
0.178653161200,-0.059712965153,0.004974391340,0.086816451713
0.176025908800,-0.059560544652,0.005244477623,0.101915228878
0.173398656500,-0.059493612550,0.005411867365,0.095210538764
0.170771404100,-0.059321133961,0.005522828969,0.007920804702
0.168144151700,-0.059001998863,0.005758947920,-0.006373408983
0.165516899400,-0.058664345364,0.005899251940,0.032783331997
0.162889647000,-0.058401078926,0.006227095992,0.074050503116
0.160262394600,-0.058070559553,0.006400227821,0.150881016860
0.157635142200,-0.057725354050,0.006495148774,0.179789467377
0.155007889900,-0.057454593027,0.006465865033,0.144514346120
0.152380637500,-0.057265237284,0.006350901751,0.050254025014
0.149753385100,-0.056962169737,0.006322462576,-0.000907957006
0.147126132800,-0.056744501574,0.006363694827,0.030804514529
0.144498880400,-0.056685776792,0.006217006237,0.054646603411
0.141871628000,-0.056581947562,0.006062271951,0.043122698375
0.139244375600,-0.056606716938,0.006064419304,-0.008047710375
0.136617123300,-0.056734271704,0.006070615313,-0.014252989402
0.133989870900,-0.056984571266,0.006113946545,-0.021182556326
0.131362618500,-0.057206239901,0.006159920193,-0.027135719821
0.128735366200,-0.057360455931,0.006161572270,0.025555807902
0.126108113800,-0.057659769412,0.006116391319,-0.003799412912
0.123480861400,-0.057986870518,0.005981331009,-0.075991596358
0.120853609000,-0.058231374034,0.005734669168,-0.060300552121
0.118226356700,-0.058661900191,0.005582106869,-0.034136081338
0.115599104300,-0.059422287756,0.005248665908,-0.026532873152
0.112971851900,-0.060202071742,0.004902906805,0.037471974743
0.110344599600,-0.060786045142,0.004541840661,0.089701282202
0.107717347200,-0.061188022824,0.004045247023,0.067291843917
0.105090094800,-0.061450696270,0.003346802292,0.059745702995
0.102462842500,-0.061427122958,0.002696719677,0.074015648754
0.099835590100,-0.061247152511,0.002101315044,0.056066643686
0.097208337700,-0.061189002609,0.001625251512,0.032232132129
0.094581085300,-0.060931849060,0.001301310613,0.049277145782
0.091953833000,-0.060767559178,0.001311337068,0.044849438411
0.089326580600,-0.060481444136,0.001333194315,-0.054361678997
0.086699328200,-0.060435820176,0.001368713372,-0.136989034917
0.084072075900,-0.060488447804,0.001645710892,-0.191627168486
0.081444823500,-0.060379195622,0.002007381906,-0.178395320529
0.078817571100,-0.060438991737,0.002168294595,-0.100519671507
0.076190318700,-0.060745219294,0.002507051352,-0.036460448904
0.073563066400,-0.060959564088,0.002516628893,-0.012650193252
0.070935814000,-0.060998502634,0.002432804854,0.018421412158
0.068308561600,-0.061099002251,0.002404224686,0.048258193730
0.065681309300,-0.061227799717,0.002368812314,0.081873770265
0.063054056900,-0.061388719923,0.002345294425,0.145252748938
0.060426804500,-0.061630394639,0.002038643597,0.165229404932
0.057799552100,-0.061789673802,0.001874045076,0.183720452139
0.055172299800,-0.062099390712,0.002009556575,0.154722202464
0.052545047400,-0.062176499151,0.002013101091,0.093665615085
0.049917795000,-0.062184116132,0.002020819842,-0.304250964448
0.047290542700,-0.062214154487,0.002113145953,-0.082382503394
0.044663290300,-0.062278091953,0.002339219439,0.275733077843
0.042036037900,-0.062236207497,0.002353614947,0.032025707063
0.039408785500,-0.061970151556,0.002323223311,-0.028663708059
0.036781533200,-0.061834079909,0.002251966994,-0.077260737407
0.034154280800,-0.061815036564,0.002203833380,-0.045237925084
0.031527028400,-0.061894722455,0.002348812340,-0.032168811116
0.028899776100,-0.062041290352,0.002596416729,-0.089150949707
0.026272523700,-0.062249526991,0.002659826725,-0.233370671297
0.023645271300,-0.062588675048,0.002639248797,-0.141935014521
0.021018019000,-0.063045116196,0.002726641675,0.122068772570
0.018390766600,-0.063502031765,0.002761756094,0.092201596867
0.015763514200,-0.063951230551,0.002751431593,-0.144343057921
0.013136261800,-0.064383047501,0.002640638426,-0.204552815622
0.010509009500,-0.064511387166,0.002580887890,-0.205249834995
0.007881757100,-0.064284330108,0.002403846468,-0.111509629639
0.005254504700,-0.063802167944,0.002278890534,-0.047164498748
0.002627252400,-0.062465086677,0.001979664578,-0.228429236042
0.000000000000,-0.055181991172,0.001559009349,-0.444354071298
