0.391460603250,-0.056939468305,0.000433061156,-0.091531093517
0.388833350880,-0.055829498496,0.000387262724,0.080643916793
0.386206098510,-0.055834437876,0.000451456054,0.196971700268
0.383578846140,-0.058829130044,0.000563611104,-0.107207541778
0.380951593770,-0.059744083642,0.000752981760,0.110148622134
0.378324341400,-0.060170284632,0.001022196480,0.331256792247
0.375697089030,-0.060165488082,0.001231501375,0.043978320754
0.373069836660,-0.060338214792,0.001522723123,-0.091844179411
0.370442584290,-0.060574723288,0.001726600665,0.028688929034
0.367815331920,-0.060695668056,0.001852083948,0.072369353475
0.365188079550,-0.059602609081,0.001995165046,0.059308659474
0.362560827170,-0.058365642506,0.001954441670,0.112483332186
0.359933574800,-0.060193207691,0.001999938853,-0.001293115865
0.357306322430,-0.060310597225,0.002112397397,-0.076562352651
0.354679070060,-0.060104970235,0.002216124357,-0.066839058937
0.352051817690,-0.059937619652,0.002225191679,-0.045488283587
0.349424565320,-0.059890436504,0.002242355236,0.014599222707
0.346797312950,-0.059782077274,0.002136824272,0.074271568375
0.344170060580,-0.059678079316,0.002091867051,0.038779507909
0.341542808210,-0.059782764595,0.002196859600,0.021885936452
0.338915555840,-0.059835015761,0.002155791613,0.046960087721
0.336288303460,-0.059797640260,0.002272880321,0.086195502183
0.333661051090,-0.059806738709,0.002425207286,0.107208869136
0.331033798720,-0.059907972425,0.002356537545,0.059121096648
0.328406546350,-0.060161504058,0.002234255930,0.038427974784
0.325779293980,-0.060313466143,0.002286317813,0.042320480225
0.323152041610,-0.060305121809,0.002149760019,0.040211701878
0.320524789240,-0.060330578809,0.001986990241,0.037646966002
0.317897536870,-0.060517197822,0.001964116991,0.001601372107
0.315270284500,-0.060874948126,0.002128900309,-0.046665902592
0.312643032100,-0.061200584101,0.002316460424,-0.032388761776
0.310015779800,-0.061455783849,0.002459180366,0.012092335350
0.307388527400,-0.061761822445,0.002547389647,0.010752140591
0.304761275000,-0.062113438812,0.002609714249,-0.005717554378
0.302134022600,-0.062255646780,0.002820386056,0.005329914350
0.299506770300,-0.062430497887,0.003193399027,0.011704474675
0.296879517900,-0.062641666596,0.003550499566,0.021034477093
0.294252265500,-0.062754834980,0.003907968839,0.025638233526
0.291625013200,-0.062735006776,0.004113810180,0.010144818197
0.288997760800,-0.062657130890,0.004101895265,0.012421513888
0.286370508400,-0.062538814731,0.004123508987,0.051968274954
0.283743256000,-0.062343507603,0.004121181152,0.065906430090
0.281116003700,-0.062314231665,0.004079012119,0.070695416475
0.278488751300,-0.062380298477,0.004069695707,0.078700852327
0.275861498900,-0.062324536932,0.004112481390,0.052001292859
0.273234246600,-0.062274830416,0.004124956905,0.043078550415
0.270606994200,-0.062224180184,0.004015808302,0.087257719342
0.267979741800,-0.062075048597,0.003983515160,0.120756473920
0.265352489400,-0.061936142605,0.003937659082,0.140070752403
0.262725237100,-0.061901385399,0.003858328763,0.127370328104
0.260097984700,-0.061858780110,0.003885675335,0.102923340105
0.257470732300,-0.061844613241,0.003831329923,0.077801978975
0.254843480000,-0.061858950403,0.003768583338,0.005768120055
0.252216227600,-0.061818356116,0.003707510631,-0.044814222380
0.249588975200,-0.061883492967,0.003615863156,-0.052601912932
0.246961722900,-0.061962645327,0.003585152488,-0.109796711703
0.244334470500,-0.062040199921,0.003539857725,-0.181763571551
0.241707218100,-0.062044528193,0.003407505617,-0.228129009223
0.239079965700,-0.062002857279,0.003151545686,-0.230318887594
0.236452713400,-0.062074381101,0.002998973131,-0.163927418465
0.233825461000,-0.062195068232,0.002971346404,-0.035510130166
0.231198208600,-0.062209328563,0.002897943729,0.074112740397
0.228570956300,-0.062323561071,0.003071215903,0.175164612496
0.225943703900,-0.062603909046,0.003193475320,0.232584568889
0.223316451500,-0.062819007002,0.003243735910,0.247187211312
0.220689199100,-0.063080154114,0.003242335498,0.200925131758
0.218061946800,-0.063252014313,0.003059872215,0.147040162660
0.215434694400,-0.063405751179,0.003012713629,0.126138536518
0.212807442000,-0.063436162720,0.002971984306,0.093612519093
0.210180189700,-0.063338956691,0.002954048968,0.106965750453
0.207552937300,-0.063248137068,0.002980416522,0.136793324921
0.204925684900,-0.063112973600,0.002948816198,0.134440489662
0.202298432500,-0.062788695584,0.003011668532,0.107303779453
0.199671180200,-0.062603295516,0.003114791510,0.059264753280
0.197043927800,-0.062665103865,0.003182620870,0.068114155516
0.194416675400,-0.062875276535,0.003389355547,0.100085972564
0.191789423100,-0.063039315997,0.003525553490,0.074825435220
0.189162170700,-0.063240979778,0.003776739994,0.063349218582
0.186534918300,-0.063448569222,0.004025248918,0.109846081043
0.183907666000,-0.063623305236,0.004176975795,0.127566430219
0.181280413600,-0.063698351018,0.004530906587,0.105974812139
0.178653161200,-0.063774640856,0.004776709260,0.077485512480
0.176025908800,-0.063798107377,0.004943866273,0.083613812594
0.173398656500,-0.063736966138,0.005249310192,0.097856922029
0.170771404100,-0.063606874488,0.005529574368,0.061569161915
0.168144151700,-0.063401212854,0.005862891933,0.059463416942
0.165516899400,-0.063117289743,0.006131412311,0.079459198059
0.162889647000,-0.062993691312,0.006380043423,0.119919903163
0.160262394600,-0.062782035673,0.006551137634,0.177325621285
0.157635142200,-0.062466043688,0.006659498087,0.182771835911
0.155007889900,-0.062255290015,0.006606662176,0.114793825069
0.152380637500,-0.062104031160,0.006397785639,0.040229812629
0.149753385100,-0.061805106539,0.006285795195,0.000101476016
0.147126132800,-0.061459133423,0.006225878323,-0.034042063039
0.144498880400,-0.061297323177,0.006219773219,-0.032593611196
0.141871628000,-0.061314419931,0.006239643876,-0.009367749464
0.139244375600,-0.061336463601,0.006175318480,-0.004240213324
0.136617123300,-0.061565380609,0.006377795471,0.007755174141
0.133989870900,-0.061759379439,0.006581207878,0.021559910561
0.131362618500,-0.061935995501,0.006646789469,0.075256976030
0.128735366200,-0.062213890998,0.006631769867,0.073939935629
0.126108113800,-0.062394352042,0.006639400480,-0.000254045548
0.123480861400,-0.062693463662,0.006453618064,-0.018647408961
0.120853609000,-0.063098360696,0.006211807757,0.008731010334
0.118226356700,-0.063420960784,0.005948794173,0.005767740479
0.115599104300,-0.063835699367,0.005636227997,0.037122975508
0.112971851900,-0.064259571971,0.005374713666,0.072130341729
0.110344599600,-0.064650353347,0.005089778083,0.065962121816
0.107717347200,-0.064821533687,0.004746478147,0.074648028830
0.105090094800,-0.064828239251,0.004158192966,0.018731467597
0.102462842500,-0.064797679778,0.003581835382,-0.048600400334
0.099835590100,-0.064697603605,0.003191513658,-0.078035889699
0.097208337700,-0.064544388673,0.002702975831,-0.095404068647
0.094581085300,-0.064407040471,0.002353035900,-0.075516211067
0.091953833000,-0.064299188680,0.002106425095,-0.020455257072
0.089326580600,-0.064153945676,0.002102373481,-0.061227983196
0.086699328200,-0.064105559358,0.002148332316,-0.167150037040
0.084072075900,-0.064202090664,0.002368584825,-0.212618695700
0.081444823500,-0.064351070542,0.002587041872,-0.202433843461
0.078817571100,-0.064615193129,0.002784881064,-0.125662666437
0.076190318700,-0.064767074333,0.002770514001,-0.069874540035
0.073563066400,-0.064820465210,0.002746098133,-0.028233592660
0.070935814000,-0.065031553028,0.002822317183,0.024697392051
0.068308561600,-0.065345632923,0.002844165602,0.018787101881
0.065681309300,-0.065415901846,0.002791569646,0.069597869434
0.063054056900,-0.065615132415,0.002751773888,0.154765475728
0.060426804500,-0.065690071921,0.002814798214,0.201161660918
0.057799552100,-0.065920906999,0.002761123247,0.195513925250
0.055172299800,-0.066057242719,0.002932920257,0.149606780694
0.052545047400,-0.066185827394,0.003093475135,0.085780658331
0.049917795000,-0.066269883463,0.002998166649,-0.006625999466
0.047290542700,-0.066223364960,0.003025471917,-0.011202050501
0.044663290300,-0.066172782634,0.003249774117,0.050941238833
0.042036037900,-0.066234034965,0.003189288869,0.016886913481
0.039408785500,-0.066213489931,0.003145583296,-0.034547743485
0.036781533200,-0.066316921617,0.002928178560,0.024048191134
0.034154280800,-0.066469435039,0.002875663750,0.066092854880
0.031527028400,-0.066558545599,0.003049313990,0.027390353709
0.028899776100,-0.066784752354,0.003156567356,-0.130158571735
0.026272523700,-0.066917515681,0.003082981407,-0.466806462516
0.023645271300,-0.067244507817,0.003203147531,-0.281868401429
0.021018019000,-0.067814070116,0.003370935617,0.314788270871
0.018390766600,-0.068485177494,0.003572826063,0.218346811157
0.015763514200,-0.068930933360,0.003480547330,-0.112994519400
0.013136261800,-0.069346570722,0.003289767659,-0.372404621999
0.010509009500,-0.069550110496,0.003142123109,-0.046125594732
0.007881757100,-0.069351333549,0.003091997958,0.099661563578
0.005254504700,-0.068840809566,0.002975220083,-0.154202648740
0.002627252400,-0.068139628558,0.002700842718,-0.484036886218
0.000000000000,-0.059479893607,0.002328412340,-0.814039753916
