0.391460603250,-0.000744946542,0.000608870435,-0.148222075414
0.388833350880,-0.000419006585,0.000962435049,-0.178576178431
0.386206098510,0.000449856624,0.001130002286,-0.017748694416
0.383578846140,-0.001559957482,0.001332136812,0.187831962025
0.380951593770,0.000407404143,0.001520391254,0.071853410709
0.378324341400,-0.000771961385,0.001704274991,-0.249830933681
0.375697089030,-0.000737808171,0.001928237474,-0.265527007263
0.373069836660,-0.000694582903,0.002117647542,-0.298442523634
0.370442584290,0.000210041211,0.002240168000,-0.373823391072
0.367815331920,0.001308530389,0.002133713239,0.103320775278
0.365188079550,0.002528123760,0.002329866392,0.054629457603
0.362560827170,0.002420478362,0.002517098661,-0.270287472891
0.359933574800,0.002237328559,0.002736282085,-0.134438958626
0.357306322430,0.002315492317,0.002944155304,-0.064450934688
0.354679070060,0.002715109666,0.002918650441,-0.017236088658
0.352051817690,0.002627291197,0.002947429437,-0.004931531912
0.349424565320,0.002865905269,0.002931613750,0.000999319247
0.346797312950,0.003056067624,0.002912264736,0.005152597819
0.344170060580,0.003255278165,0.003004762128,-0.025338079009
0.341542808210,0.003372045696,0.003085150157,-0.014192732675
0.338915555840,0.003344641713,0.003063311025,0.011758824218
0.336288303460,0.003317918937,0.003089517560,0.065359770579
0.333661051090,0.003239222758,0.003121736084,0.088027457537
0.331033798720,0.003084490482,0.003238879811,0.024332987294
0.328406546350,0.003021862630,0.003378271963,0.024116218258
0.325779293980,0.002846962234,0.003462911282,0.036213960703
0.323152041610,0.002790625763,0.003409074864,0.029017465728
0.320524789240,0.002656111014,0.003393736701,0.041939356153
0.317897536870,0.002496207563,0.003350049131,0.046819772674
0.315270284500,0.002418365088,0.003339798512,0.056260962642
0.312643032100,0.002341628015,0.003315400150,0.106859402990
0.310015779800,0.002159512341,0.003216817606,0.103394414768
0.307388527400,0.001983092224,0.003060842157,0.091160324554
0.304761275000,0.001917534729,0.002870493830,0.086199999257
0.302134022600,0.001889151019,0.002661969479,0.067113170985
0.299506770300,0.001845982003,0.002496473948,0.059536652109
0.296879517900,0.001872081717,0.002426773376,0.047678572168
0.294252265500,0.001931988880,0.002434779576,0.035914267498
0.291625013200,0.001986669396,0.002415261334,0.024074323458
0.288997760800,0.002133719068,0.002564814655,0.003791995280
0.286370508400,0.002405363522,0.002645725138,0.008929224029
0.283743256000,0.002625066487,0.002648894997,0.033581482349
0.281116003700,0.002726141783,0.002744102829,0.049824277025
0.278488751300,0.002946192820,0.002820076794,0.080818089174
0.275861498900,0.003137730419,0.002873803639,0.081021715276
0.273234246600,0.003184868612,0.002851180380,0.068748206713
0.270606994200,0.003133427055,0.002858958229,0.036116676066
0.267979741800,0.003082884184,0.002738851237,0.023971323589
0.265352489400,0.003080740596,0.002744371222,0.017278442460
0.262725237100,0.002986475748,0.002679160145,0.021409839438
0.260097984700,0.002917712559,0.002514925108,0.058405458718
0.257470732300,0.002724584091,0.002405480600,0.074016412857
0.254843480000,0.002485091963,0.002269851164,0.044094217500
0.252216227600,0.002235077974,0.002128602529,0.035363048939
0.249588975200,0.001931307872,0.001953031339,0.045757780189
0.246961722900,0.001640469137,0.001891995104,0.061324470049
0.244334470500,0.001420426782,0.001694404319,0.103475482790
0.241707218100,0.001306280232,0.001517786619,0.104655863095
0.239079965700,0.001119141932,0.001240236632,0.049613582244
0.236452713400,0.000979825810,0.000990432419,-0.002739721086
0.233825461000,0.000818078688,0.000819688111,-0.041605714309
0.231198208600,0.000688648185,0.000591609623,-0.070993327526
0.228570956300,0.000565279979,0.000483385538,0.218621128344
0.225943703900,-0.001209395223,0.000124369294,-0.168602202251
0.223316451500,0.000078869686,0.000287666390,-0.300597183449
0.220689199100,-0.000105817603,0.000325525928,0.005167069691
0.218061946800,-0.000480749313,0.000343788060,0.078522166251
0.215434694400,-0.000976373257,0.000484142194,0.170385746299
0.212807442000,-0.001465608184,0.000550489981,0.211606228426
0.210180189700,-0.001821546161,0.000467656254,0.184822406604
0.207552937300,-0.002053962155,0.000501926682,0.177178962756
0.204925684900,-0.002309310753,0.000524685664,0.197888668627
0.202298432500,-0.002429940811,0.000671364522,0.181855799095
0.199671180200,-0.002436337267,0.000874379893,0.153328501732
0.197043927800,-0.002393357416,0.001025351647,0.141359284487
0.194416675400,-0.002376253237,0.001166963372,0.134965061037
0.191789423100,-0.002198414486,0.001477006965,0.127679341290
0.189162170700,-0.002016048121,0.001787618316,0.108112938138
0.186534918300,-0.001894724381,0.001972725479,0.097702393960
0.183907666000,-0.001794156448,0.002050206979,0.086091570827
0.181280413600,-0.001670558187,0.002208729803,0.054677858040
0.178653161200,-0.001625278004,0.002275097760,0.073727898661
0.176025908800,-0.001689406334,0.002243712048,0.108016575557
0.173398656500,-0.001634894916,0.002223447924,0.115539357291
0.170771404100,-0.001570287173,0.002301238570,0.104744353858
0.168144151700,-0.001519931735,0.002504588461,0.089227947059
0.165516899400,-0.001468540041,0.002611284278,0.014662731383
0.162889647000,-0.001521767937,0.002531856920,-0.042371724603
0.160262394600,-0.001542185056,0.002426546968,-0.020408054354
0.157635142200,-0.001569267682,0.002472942311,0.037564791607
0.155007889900,-0.001575348351,0.002504336278,0.111491920284
0.152380637500,-0.001534192982,0.002521729076,0.168452874178
0.149753385100,-0.001441197020,0.002446344187,0.138955904124
0.147126132800,-0.001226349323,0.002263872321,0.101808310691
0.144498880400,-0.000980147209,0.002233176037,0.087931917688
0.141871628000,-0.000617350650,0.002192222317,0.031444943878
0.139244375600,-0.000059084239,0.001993145905,-0.017675855191
0.136617123300,0.000535602960,0.001820808882,-0.056145092901
0.133989870900,0.000961930394,0.001791481288,-0.025397646249
0.131362618500,0.001368876558,0.001570789916,-0.020238043636
0.128735366200,0.001669305422,0.001303346317,-0.034962934126
0.126108113800,0.001741730990,0.001006180098,-0.065379316797
0.123480861400,0.001728775381,0.000796548753,-0.123733649288
0.120853609000,0.001701952010,0.000494903532,-0.158521993116
0.118226356700,0.001540958385,0.000301269427,-0.104819686690
0.115599104300,0.001353052310,0.000250575284,-0.038587329939
0.112971851900,0.001066292514,0.000162045341,0.049963574604
0.110344599600,0.000650099655,0.000189667342,0.144550277867
0.107717347200,0.000215852989,0.000185763775,0.118759392279
0.105090094800,-0.000169248832,0.000327785854,0.024454447405
0.102462842500,-0.000432714166,0.000354484832,-0.019360260340
0.099835590100,-0.000896982806,0.000149277989,-0.045070632652
0.097208337700,-0.001331860966,0.000234546702,-0.061077017628
0.094581085300,-0.001735873096,0.000405864812,-0.046837408327
0.091953833000,-0.002091483307,0.000435920990,0.013405088929
0.089326580600,-0.002568693663,0.000468754949,0.055426514979
0.086699328200,-0.002760871178,0.000471855933,0.072368191206
0.084072075900,-0.002689338956,0.000376831081,0.149927996757
0.081444823500,-0.002631602752,-0.000108020066,0.214703006883
0.078817571100,-0.002498646556,-0.000293022491,0.159830368193
0.076190318700,-0.002328887074,-0.000215030999,0.013317422802
0.073563066400,-0.002083341527,-0.000125408392,-0.041124083983
0.070935814000,-0.001763296938,0.000177038312,0.001416455344
0.068308561600,-0.001657123469,0.000250049002,0.081516044848
0.065681309300,-0.001528891221,0.000376765637,0.072601845682
0.063054056900,-0.001471503357,0.000468783849,0.046015681565
0.060426804500,-0.001633475162,0.000465617444,0.033635160320
0.057799552100,-0.001910212419,0.000434877222,0.090092499386
0.055172299800,-0.002420426371,0.000291963455,0.143659225473
0.052545047400,-0.002935530979,0.000287099687,0.103937180171
0.049917795000,-0.003270555659,0.000308251675,0.069903358186
0.047290542700,-0.003602194431,0.000604066182,0.049799028535
0.044663290300,-0.003946692702,0.000983976692,-0.028872368491
0.042036037900,-0.004213024524,0.001292206842,-0.016962763651
0.039408785500,-0.004621642595,0.001565405913,0.001332849478
0.036781533200,-0.004708093402,0.001761456137,-0.056827774893
0.034154280800,-0.004767058891,0.001630741334,-0.071219647920
0.031527028400,-0.005018891206,0.001371219817,-0.017157760163
0.028899776100,-0.005256483475,0.001200706289,0.006785549790
0.026272523700,-0.005066610924,0.001131668147,0.171131559750
0.023645271300,-0.003767066127,0.000729515079,0.182085520668
0.021018019000,-0.003680587247,0.000768917761,-0.214552311199
0.018390766600,-0.004608936208,0.000779249774,-0.310924455946
0.015763514200,-0.005103909250,0.000819563495,-0.097034381989
0.013136261800,-0.005401506020,0.000860938738,-0.057117592457
0.010509009500,-0.005271860591,0.000801010144,-0.066082048294
0.007881757100,-0.004792265880,0.000811926940,-0.067785566782
0.005254504700,-0.004080095584,0.000628572661,0.030675195712
0.002627252400,-0.003283383884,0.000523282004,1.646269688427
0.000000000000,-0.002049565337,0.000254431269,3.235919654434
