0.391460603250,0.039701695577,0.000720509257,0.813150350103
0.388833350880,0.040868080578,0.000518361270,0.554003199371
0.386206098510,0.041878844011,0.000518752676,0.170041648384
0.383578846140,0.041396747530,0.000446566076,0.234293034885
0.380951593770,0.041680720890,0.000390784697,-0.109255663272
0.378324341400,0.040493861653,0.000259294973,-0.330050361411
0.375697089030,0.039983720146,0.000181746002,0.007823978287
0.373069836660,0.040750780386,-0.000042437144,-0.279509278842
0.370442584290,0.040931988870,-0.000318876049,-0.375272975111
0.367815331920,0.041177742547,-0.000557873424,-0.225645569686
0.365188079550,0.042613734368,-0.000682747749,-0.177624549621
0.362560827170,0.042747420845,-0.000931173477,-0.211377929797
0.359933574800,0.043867519624,-0.000769208752,-0.310614311784
0.357306322430,0.044286114717,-0.000885491381,-0.159913656213
0.354679070060,0.044488800316,-0.000930238110,-0.057733029370
0.352051817690,0.044660981742,-0.001042690533,-0.002111827891
0.349424565320,0.044948203846,-0.001187666248,-0.008665399426
0.346797312950,0.045253151549,-0.001208425825,0.023162157957
0.344170060580,0.045540491638,-0.001435256993,0.013389970304
0.341542808210,0.045664925928,-0.001477317784,0.076491054874
0.338915555840,0.045682009181,-0.001342326671,0.076262258845
0.336288303460,0.045649181221,-0.001064425881,0.292816285752
0.333661051090,0.044485328703,-0.001006685257,-0.048504719306
0.331033798720,0.045572860477,-0.000772356846,-0.229874942940
0.328406546350,0.045189639884,-0.000488673602,0.074932163869
0.325779293980,0.044711252885,-0.000268477299,0.042599643267
0.323152041610,0.044366563982,-0.000142555271,0.020860916604
0.320524789240,0.044103801706,-0.000012210555,0.032513317596
0.317897536870,0.043878322975,-0.000002293581,0.037813791717
0.315270284500,0.043643516200,0.000042712592,0.028392867868
0.312643032100,0.043364893385,0.000067703418,0.118920260797
0.310015779800,0.043053369021,-0.000034894948,-0.069064352100
0.307388527400,0.043121519910,0.000356668556,-0.232092350664
0.304761275000,0.043130571478,0.000563745687,-0.115968153083
0.302134022600,0.043125031302,0.000939415956,-0.116721577933
0.299506770300,0.043244146018,0.001218482262,-0.066620737557
0.296879517900,0.043452659733,0.001436152312,-0.023805441116
0.294252265500,0.043633155381,0.001690478561,0.004138902305
0.291625013200,0.043762134666,0.001858019783,0.050047948746
0.288997760800,0.043941349676,0.002068842838,0.132680535468
0.286370508400,0.044096337055,0.002169687209,0.164149113721
0.283743256000,0.044143030246,0.002119898957,0.102443292427
0.281116003700,0.044106968474,0.002067977204,0.038090287418
0.278488751300,0.044022950766,0.002093919220,-0.052645015344
0.275861498900,0.043861601347,0.001879741991,-0.089082848230
0.273234246600,0.043790670569,0.001931456668,-0.070116864325
0.270606994200,0.043871709460,0.001943104025,-0.040506105745
0.267979741800,0.043763600644,0.001971995539,-0.073392656507
0.265352489400,0.043598739190,0.002013768121,-0.143008178214
0.262725237100,0.043517975586,0.001880622072,-0.243401798326
0.260097984700,0.043569509301,0.001906217859,-0.319053573741
0.257470732300,0.043590808319,0.001903897162,-0.298890627043
0.254843480000,0.043507409421,0.001812512155,-0.148686839530
0.252216227600,0.043443268661,0.001621871110,0.058959942084
0.249588975200,0.043480064728,0.001559451350,0.172618551471
0.246961722900,0.043575775902,0.001422326833,0.206195919943
0.244334470500,0.043628294045,0.001418341316,0.193554097452
0.241707218100,0.043647999498,0.001285717294,0.122558783560
0.239079965700,0.043339966889,0.001052989296,0.084375142350
0.236452713400,0.042860400667,0.001044351745,0.043785247856
0.233825461000,0.042449190809,0.001014811021,-0.004364109331
0.231198208600,0.041951004810,0.000966223476,-0.010389946598
0.228570956300,0.041486929384,0.000725522847,0.016615393629
0.225943703900,0.041116332512,0.000520896982,0.069987786936
0.223316451500,0.040949144242,0.000250136394,0.090613921904
0.220689199100,0.040976919966,-0.000043077569,0.005567136138
0.218061946800,0.041081993274,-0.000099962575,-0.036383381563
0.215434694400,0.041249953210,0.000052639454,-0.035878406579
0.212807442000,0.041412804127,0.000229870367,-0.077986961721
0.210180189700,0.041512997604,0.000296294239,-0.152372682411
0.207552937300,0.041575592765,0.000419595384,-0.153057420112
0.204925684900,0.041686398641,0.000485921538,-0.065601372538
0.202298432500,0.041840752778,0.000671606863,0.008771205135
0.199671180200,0.041870179286,0.000988860772,0.007929712019
0.197043927800,0.041847871460,0.001288505090,-0.011033137064
0.194416675400,0.041752258342,0.001486453768,-0.006882350395
0.191789423100,0.041745645788,0.001766066557,-0.005646242995
0.189162170700,0.041800118522,0.001839672193,0.090884004044
0.186534918300,0.041729081501,0.001747227119,0.148330980288
0.183907666000,0.041687515336,0.001930171073,0.193352947333
0.181280413600,0.041751845597,0.001935747987,0.323327117221
0.178653161200,0.041814166865,0.001924176423,0.421301148003
0.176025908800,0.041949787244,0.002032684054,0.437017551067
0.173398656500,0.042280979692,0.002086765286,0.375329777972
0.170771404100,0.042634928321,0.002158265227,0.291893425809
0.168144151700,0.042961469834,0.002324887526,0.236453805438
0.165516899400,0.043319759347,0.002450962083,0.183629660744
0.162889647000,0.043503268039,0.002220018053,0.151187895469
0.160262394600,0.043723438730,0.002065818903,0.147885037935
0.157635142200,0.044151882389,0.001807202622,0.065447045404
0.155007889900,0.044352773622,0.001597792325,0.018088349503
0.152380637500,0.044366447248,0.001618815752,0.039117973470
0.149753385100,0.044299678188,0.001654386363,0.012977751293
0.147126132800,0.044115842849,0.001611850375,-0.009193287790
0.144498880400,0.043861188975,0.001673972331,-0.062728004812
0.141871628000,0.043475878055,0.001981985260,-0.110828491669
0.139244375600,0.043199816849,0.002133433787,-0.082532242758
0.136617123300,0.042964313500,0.002013019340,-0.011143081652
0.133989870900,0.042449748268,0.002107157176,-0.017054755953
0.131362618500,0.041898913108,0.002199649051,-0.064297112076
0.128735366200,0.041357380032,0.002368919949,-0.089618513595
0.126108113800,0.040890410287,0.002647954395,-0.033850874893
0.123480861400,0.040489125834,0.002857305228,0.052609790567
0.120853609000,0.040213014239,0.003014746861,0.078766625954
0.118226356700,0.039968959845,0.003187508874,0.090229925044
0.115599104300,0.039930447327,0.003135082969,0.077502487686
0.112971851900,0.040002265948,0.003018479208,0.022449941696
0.110344599600,0.040092715760,0.003157638257,0.000636744995
0.107717347200,0.040113438991,0.003296920289,-0.024360451604
0.105090094800,0.039301976830,0.003309934707,-0.088136638538
0.102462842500,0.040096066460,0.003416679820,-0.101360690119
0.099835590100,0.040509268658,0.003398784302,-0.058125657691
0.097208337700,0.040488011439,0.003403244545,-0.052514028851
0.094581085300,0.040592843847,0.003392102446,-0.055284115038
0.091953833000,0.040774506543,0.003382493827,0.029588715339
0.089326580600,0.040663510253,0.003419126760,0.110937967277
0.086699328200,0.040533170466,0.003193587050,0.143979725527
0.084072075900,0.040478012955,0.003043520765,0.177272421556
0.081444823500,0.040353941439,0.003041490665,0.219716933308
0.078817571100,0.040241574839,0.002981366508,0.219024003541
0.076190318700,0.040141528581,0.003072968886,0.199618038967
0.073563066400,0.040036777819,0.003096807929,0.240008571971
0.070935814000,0.039857342981,0.003200613662,0.263769487648
0.068308561600,0.039724744704,0.003367002647,0.223259531593
0.065681309300,0.039585779214,0.003247568516,0.215545010986
0.063054056900,0.039562796458,0.003368063832,0.219909897483
0.060426804500,0.039541979678,0.003522416496,0.199650670009
0.057799552100,0.039552419857,0.003573990984,0.215708172969
0.055172299800,0.039656687946,0.003723618533,0.260182704775
0.052545047400,0.039687598675,0.003761418464,0.286768321374
0.049917795000,0.039795673994,0.003685713298,0.311643431087
0.047290542700,0.039830088676,0.003513592628,0.225410824826
0.044663290300,0.039849417743,0.003443470756,0.046613078055
0.042036037900,0.039956397340,0.003294753896,-0.057559595948
0.039408785500,0.039812969555,0.003200959165,-0.074962934365
0.036781533200,0.039644254745,0.003070175728,-0.035253218062
0.034154280800,0.039430254034,0.002909366354,0.057014517553
0.031527028400,0.039069546220,0.002582361625,0.143182984476
0.028899776100,0.038462073298,0.002331271627,0.125808230967
0.026272523700,0.037909796897,0.002098752707,0.070839825747
0.023645271300,0.037276538997,0.001594758791,0.107603497171
0.021018019000,0.036542944563,0.001584063147,0.395241944163
0.018390766600,0.035237186277,0.001494952609,0.117807812366
0.015763514200,0.036002544837,0.001366335293,-0.103751884456
0.013136261800,0.036650958413,0.001017781687,0.067696404186
0.010509009500,0.037107988423,0.000546689115,0.018950632047
0.007881757100,0.037457049912,0.000309172440,-0.090139818172
0.005254504700,0.037881235037,-0.000047774696,-0.022631233472
0.002627252400,0.038482745974,-0.000385534771,1.209612689538
0.000000000000,0.033915854128,-0.000182908144,2.333959089949
