0.391460603250,-0.035189358498,0.000164018279,0.519127548676
0.388833350880,-0.035672912655,0.000441995086,0.276145691953
0.386206098510,-0.036120449630,0.000348874714,-0.205211482217
0.383578846140,-0.036164902706,0.000456436265,-0.251992730778
0.380951593770,-0.036151286627,0.000729027497,0.030778210856
0.378324341400,-0.036489279542,0.000988473076,-0.445489682252
0.375697089030,-0.036608704958,0.001138340311,-0.485719105829
0.373069836660,-0.036328384749,0.001317420761,0.091453717886
0.370442584290,-0.036040754782,0.001599603232,0.001222207530
0.367815331920,-0.035953947919,0.001800382283,-0.151315333179
0.365188079550,-0.036006124946,0.001962847934,-0.017493550170
0.362560827170,-0.035837028827,0.002278691542,0.011669142593
0.359933574800,-0.035525345637,0.002597853167,-0.034032367720
0.357306322430,-0.035233158491,0.002812790473,-0.068478093484
0.354679070060,-0.034889601266,0.002781568303,-0.116170597219
0.352051817690,-0.034532459073,0.002921336701,-0.057720785497
0.349424565320,-0.034775087641,0.003177018783,0.060088725280
0.346797312950,-0.034575895681,0.003324930529,0.007774103413
0.344170060580,-0.034365195092,0.003442525137,-0.020451838727
0.341542808210,-0.034273648241,0.003602546697,-0.018572530154
0.338915555840,-0.034257438707,0.003694794509,-0.036703527982
0.336288303460,-0.034292841791,0.003726357722,-0.024869288926
0.333661051090,-0.034276818886,0.003733303246,-0.000062558941
0.331033798720,-0.034360118546,0.003801086547,-0.008476431542
0.328406546350,-0.034534403935,0.003947840203,0.003851903097
0.325779293980,-0.034655554259,0.003998306087,0.028365539890
0.323152041610,-0.034794725337,0.004110939947,0.062070989387
0.320524789240,-0.034939145194,0.004261735450,0.099147349623
0.317897536870,-0.035150902435,0.004289231551,0.097641149341
0.315270284500,-0.035374288351,0.004267537562,0.080491096514
0.312643032100,-0.035510588013,0.004413215040,0.071263716440
0.310015779800,-0.035434111871,0.004478280762,0.066794253827
0.307388527400,-0.035398507227,0.004519557383,0.063468563322
0.304761275000,-0.035430569534,0.004524932438,0.057979434458
0.302134022600,-0.035648907232,0.004489769966,0.044249180938
0.299506770300,-0.035744204697,0.004452394488,0.021277213777
0.296879517900,-0.035908758576,0.004472573122,0.009453734209
0.294252265500,-0.036048344529,0.004568677069,0.029402195994
0.291625013200,-0.036040696274,0.004640756632,0.060976434974
0.288997760800,-0.035967646907,0.004665315880,0.079817880935
0.286370508400,-0.035903590941,0.004591390365,0.066882629909
0.283743256000,-0.035765801944,0.004650675415,0.056476986843
0.281116003700,-0.035645958982,0.004674716247,0.064645516403
0.278488751300,-0.035495054548,0.004687659287,0.317918379534
0.275861498900,-0.036229605562,0.004723261302,0.101767547275
0.273234246600,-0.034980812385,0.004807587736,-0.158499542030
0.270606994200,-0.034816859864,0.004716175064,0.073550761482
0.267979741800,-0.034757990866,0.004609503191,0.107574083049
0.265352489400,-0.034696646344,0.004612370113,0.095452271677
0.262725237100,-0.034566892435,0.004578529966,0.069001300595
0.260097984700,-0.034429617705,0.004452617819,0.078013214231
0.257470732300,-0.034295085047,0.004403330560,0.044508028419
0.254843480000,-0.034312125941,0.004260630151,-0.005698800767
0.252216227600,-0.034460228874,0.004213294074,0.009222047723
0.249588975200,-0.034766239423,0.004046999197,0.025218695723
0.246961722900,-0.035117967300,0.003830192008,-0.039357906374
0.244334470500,-0.035530931375,0.003777557124,-0.091878244643
0.241707218100,-0.036021292041,0.003633612092,-0.081470771332
0.239079965700,-0.036451730019,0.003340526009,-0.033155301271
0.236452713400,-0.036802884297,0.003107890081,0.011701674304
0.233825461000,-0.037055613759,0.002832714697,0.056932081775
0.231198208600,-0.037194247584,0.002635386957,0.085056743465
0.228570956300,-0.037241274885,0.002476961213,0.064205620946
0.225943703900,-0.037381647071,0.002366229372,0.028123097785
0.223316451500,-0.037545962268,0.002144047817,0.048026524554
0.220689199100,-0.037522956180,0.001949639765,0.077294242283
0.218061946800,-0.037548543790,0.001860109412,0.063931373876
0.215434694400,-0.037651548553,0.001737519864,0.032084539393
0.212807442000,-0.037678869940,0.001675724965,0.061965690100
0.210180189700,-0.037834564859,0.001537409060,0.130109090107
0.207552937300,-0.038130731762,0.001538483140,0.149968992520
0.204925684900,-0.038404158769,0.001603972989,0.151563963674
0.202298432500,-0.038833828333,0.001768658901,0.147446219885
0.199671180200,-0.039261784012,0.002010321778,0.144812548463
0.197043927800,-0.039553599668,0.002111979235,0.145620102546
0.194416675400,-0.039634846337,0.002279059939,0.129621403118
0.191789423100,-0.039689688314,0.002374958502,0.132104195495
0.189162170700,-0.039746277515,0.002552011989,0.154790836191
0.186534918300,-0.039703547914,0.002744298244,0.139286188680
0.183907666000,-0.039566699073,0.002841615520,0.137213196286
0.181280413600,-0.039421346738,0.003066567008,0.113544054629
0.178653161200,-0.039361353288,0.003167643202,0.052950853137
0.176025908800,-0.039331795536,0.003359125514,0.016850757753
0.173398656500,-0.039255540381,0.003453274827,0.027428629175
0.170771404100,-0.039234908053,0.003574961424,0.036492002276
0.168144151700,-0.039163017631,0.003654977011,0.018561329508
0.165516899400,-0.039120258340,0.003938967420,0.045187361487
0.162889647000,-0.039035896322,0.004241293250,0.072512287917
0.160262394600,-0.038922929851,0.004399174373,0.065058373262
0.157635142200,-0.038936641845,0.004489312325,0.049763717311
0.155007889900,-0.038974458792,0.004680528769,0.017977142942
0.152380637500,-0.038992618018,0.004808154689,-0.014190494314
0.149753385100,-0.039142233578,0.004982439859,0.008660261642
0.147126132800,-0.039324664380,0.005076314801,0.052452623987
0.144498880400,-0.039395510915,0.005080125051,0.030559989437
0.141871628000,-0.039346935094,0.005022161235,0.008122834188
0.139244375600,-0.039388740526,0.004923031697,0.026266250099
0.136617123300,-0.039353761313,0.004824916939,0.049683234998
0.133989870900,-0.039159756696,0.004496636550,0.069801459893
0.131362618500,-0.038858142741,0.004139642823,0.104247472943
0.128735366200,-0.038520186986,0.003856636778,0.093659872605
0.126108113800,-0.038095528495,0.003438881209,0.063663481820
0.123480861400,-0.037635870973,0.003093958945,0.089555412732
0.120853609000,-0.037203933837,0.002879841607,0.095957124841
0.118226356700,-0.036808847837,0.002703931237,0.069336395983
0.115599104300,-0.036671643268,0.002581702502,0.048392745785
0.112971851900,-0.036733718858,0.002375233025,0.068059901107
0.110344599600,-0.036786636294,0.002266039874,0.056066024009
0.107717347200,-0.036962548117,0.001994980378,-0.014815357438
0.105090094800,-0.037231864157,0.001791183555,-0.063771010672
0.102462842500,-0.037637141337,0.001716936110,-0.075092067012
0.099835590100,-0.037992842213,0.001558878170,-0.065637686374
0.097208337700,-0.038324161942,0.001521052950,-0.005672785017
0.094581085300,-0.038595793612,0.001335690536,0.055595523481
0.091953833000,-0.038930788522,0.001189080056,0.061158959484
0.089326580600,-0.039308520390,0.001197532806,0.085673876615
0.086699328200,-0.039578622150,0.001085707184,0.136133548237
0.084072075900,-0.039750458886,0.000873970413,0.147641189513
0.081444823500,-0.040077886452,0.000721630674,0.135940121232
0.078817571100,-0.040429328072,0.000671568632,0.077213821953
0.076190318700,-0.040682333011,0.000636049466,-0.003933299317
0.073563066400,-0.040729945756,0.000398725089,0.001345915179
0.070935814000,-0.040704624419,0.000347512407,0.056437438673
0.068308561600,-0.040566712571,0.000363542923,0.126095582123
0.065681309300,-0.040302675205,0.000338636404,0.138506007689
0.063054056900,-0.039979695002,0.000202532787,0.116068756940
0.060426804500,-0.039717914959,0.000174862590,0.142861733750
0.057799552100,-0.039634406401,0.000254523491,0.149539836273
0.055172299800,-0.039605071172,0.000312656056,0.199195580093
0.052545047400,-0.039934719946,0.000337870658,0.236918656906
0.049917795000,-0.040373299739,0.000341019855,0.226501194900
0.047290542700,-0.040760688730,0.000429045257,0.197580249671
0.044663290300,-0.041196747199,0.000607257118,0.173042128047
0.042036037900,-0.041595266139,0.000793740490,0.064413728692
0.039408785500,-0.041956620913,0.000766310664,-0.126076261153
0.036781533200,-0.042297669329,0.000703893368,-0.216226622263
0.034154280800,-0.042561457890,0.000761491679,-0.238685929455
0.031527028400,-0.042835544405,0.000693829329,-0.241490556925
0.028899776100,-0.042854494975,0.000373691405,-0.182369328817
0.026272523700,-0.042918220525,0.000349736589,0.067400052472
0.023645271300,-0.043025954015,0.000439210672,0.140818962660
0.021018019000,-0.043130841823,0.000578821880,-0.145932855782
0.018390766600,-0.043109141085,0.000617452285,-0.084599426082
0.015763514200,-0.043147540825,0.000679220902,0.127459627322
0.013136261800,-0.043203033923,0.000766938015,0.078298078743
0.010509009500,-0.043272811260,0.000751704840,-0.034801074117
0.007881757100,-0.043102882116,0.000545715273,-0.111971608873
0.005254504700,-0.042557549627,0.000373058422,-0.179479658292
0.002627252400,-0.041480856526,0.000341514944,0.064655146726
0.000000000000,-0.036669641230,0.000515778795,0.285098411653
