0.391460603250,0.018144442919,-0.001129685902,0.550211003945
0.388833350880,0.019480647899,-0.001807697314,0.342760133899
0.386206098510,0.019301451109,-0.002030430914,-0.102026694087
0.383578846140,0.018980705683,-0.001884478092,-0.164221047341
0.380951593770,0.018850740137,-0.001576215970,0.173365612586
0.378324341400,0.018585352708,-0.001396779946,0.029429601492
0.375697089030,0.018937343948,-0.001259616257,-0.192249248986
0.373069836660,0.019483283210,-0.001145087309,-0.011819935778
0.370442584290,0.019564973426,-0.001200796808,0.151889112979
0.367815331920,0.019975969501,-0.001129810942,0.074672894370
0.365188079550,0.020404078267,-0.001306548269,-0.145566945200
0.362560827170,0.021023250714,-0.001568795227,-0.298167375781
0.359933574800,0.021509958479,-0.001683409173,-0.196002054073
0.357306322430,0.021479282623,-0.001795774619,0.188711543837
0.354679070060,0.021175598844,-0.001847375025,0.246325934588
0.352051817690,0.021130543081,-0.001980685775,0.057410053211
0.349424565320,0.021113916712,-0.002059794385,0.061757378791
0.346797312950,0.021022396897,-0.002166009252,0.096203790326
0.344170060580,0.020793398417,-0.002184198324,0.075266730807
0.341542808210,0.020482810594,-0.002079064564,0.037141218993
0.338915555840,0.020162513073,-0.001898317909,0.027327348775
0.336288303460,0.019876848148,-0.001820436521,-0.029625908903
0.333661051090,0.019587856087,-0.001837845687,-0.085436846341
0.331033798720,0.019233913770,-0.001849265381,-0.110583024026
0.328406546350,0.018298207259,-0.001770471755,-0.143349205512
0.325779293980,0.018724437563,-0.001583527436,-0.112756461389
0.323152041610,0.018553416021,-0.001375607475,-0.078770703466
0.320524789240,0.018301703599,-0.001014037746,-0.091530164770
0.317897536870,0.018080207769,-0.000479170617,-0.111813902683
0.315270284500,0.017821169295,-0.000176293008,-0.092624317214
0.312643032100,0.017549912910,0.000019099932,-0.093179732455
0.310015779800,0.017444543929,0.000333096888,-0.084921554675
0.307388527400,0.017280900040,0.000641440493,-0.126150459686
0.304761275000,0.017189770254,0.000997742983,-0.150471242329
0.302134022600,0.017204528101,0.001411456841,-0.124906456261
0.299506770300,0.017194223463,0.001647830900,-0.107242848452
0.296879517900,0.017052566385,0.001798156093,-0.110159494070
0.294252265500,0.017089866490,0.001957320358,-0.096741853625
0.291625013200,0.017301345209,0.002201421048,-0.059704446504
0.288997760800,0.017333555420,0.002469471089,-0.029394705757
0.286370508400,0.017208890479,0.002578327643,-0.000581368271
0.283743256000,0.017071363089,0.002522426336,0.012501464231
0.281116003700,0.016934834170,0.002556340953,0.056740031423
0.278488751300,0.016703628952,0.002728220657,0.113600829278
0.275861498900,0.016630981835,0.002582117330,0.073750785531
0.273234246600,0.016625522647,0.002565440691,-0.004218000822
0.270606994200,0.016697073217,0.002725533481,-0.015870527417
0.267979741800,0.016858991908,0.002711463893,0.017867886628
0.265352489400,0.017075295874,0.002752630137,0.052716815195
0.262725237100,0.017384738425,0.002730314982,0.009276522010
0.260097984700,0.017768329523,0.002668278616,-0.046244240837
0.257470732300,0.018068777207,0.002649443117,-0.111386773406
0.254843480000,0.018262102165,0.002851016681,-0.184628408010
0.252216227600,0.018592175621,0.003004500008,-0.135945497975
0.249588975200,0.018813497123,0.003093858637,-0.017806816747
0.246961722900,0.019023580481,0.002948256997,0.068248636461
0.244334470500,0.019162760318,0.002658980478,0.143782638640
0.241707218100,0.019339678561,0.002404956629,0.169895407427
0.239079965700,0.019587180704,0.002113861520,0.088510605528
0.236452713400,0.019747236396,0.001980493386,-0.012378068858
0.233825461000,0.019665279548,0.001867195230,-0.038015368205
0.231198208600,0.019445844950,0.001735819243,-0.061586047064
0.228570956300,0.019119658865,0.001615665792,-0.057764390069
0.225943703900,0.018912925180,0.001592417083,0.016662655008
0.223316451500,0.018661474032,0.001548386470,0.065903318639
0.220689199100,0.018361505819,0.001491942152,0.057001700488
0.218061946800,0.018219846806,0.001427127000,0.046562800359
0.215434694400,0.018191419664,0.001310445752,0.031386485350
0.212807442000,0.018313899464,0.001148956202,-0.004921960114
0.210180189700,0.018566752473,0.001044745042,-0.027330789208
0.207552937300,0.018902128101,0.000908066158,-0.074054780921
0.204925684900,0.019265017389,0.000834264606,-0.122502019160
0.202298432500,0.019504515037,0.000881423145,-0.138943675823
0.199671180200,0.019609249294,0.000919958008,-0.145993047811
0.197043927800,0.019575890170,0.001060809578,-0.093031016845
0.194416675400,0.019536238007,0.001283556539,-0.021231943650
0.191789423100,0.019461495846,0.001476864354,-0.011006987453
0.189162170700,0.019390086314,0.001649522607,-0.012671146596
0.186534918300,0.019327841942,0.001858265729,0.000238433847
0.183907666000,0.019253864463,0.001965911665,0.039637593300
0.181280413600,0.019192125934,0.001967139541,0.159655384696
0.178653161200,0.019103649348,0.002117870445,0.280030778117
0.176025908800,0.019072619822,0.002543538951,0.295323803224
0.173398656500,0.018956501293,0.002933511675,0.235155879486
0.170771404100,0.018767444011,0.003242011252,0.223279930212
0.168144151700,0.018677257074,0.003293858937,0.276913091648
0.165516899400,0.018702111463,0.003169603668,0.263675048101
0.162889647000,0.018663226745,0.003076462131,0.144266898361
0.160262394600,0.018701515936,0.003006357529,0.062258901386
0.157635142200,0.018868664181,0.003025147967,0.057532276227
0.155007889900,0.019156077853,0.002953723232,0.074913349225
0.152380637500,0.019460103788,0.002991460834,0.105446428399
0.149753385100,0.019759005527,0.002992360454,0.054330369815
0.147126132800,0.019872832605,0.003124887575,-0.070742124503
0.144498880400,0.019915309605,0.003222374987,-0.188386592257
0.141871628000,0.019937638143,0.003207895643,-0.297127564603
0.139244375600,0.019948104193,0.003096328266,-0.354034004718
0.136617123300,0.019869838061,0.003121070892,-0.339147975261
0.133989870900,0.019697846442,0.003207826141,-0.268138001033
0.131362618500,0.019477179468,0.003279162372,-0.222609499373
0.128735366200,0.019319933526,0.003621511545,-0.144375085492
0.126108113800,0.019182500882,0.004028835451,-0.021839529720
0.123480861400,0.019071378232,0.004204379157,0.027725491134
0.120853609000,0.018983623847,0.004352076078,0.058088587009
0.118226356700,0.018756829313,0.004500474238,0.100051473970
0.115599104300,0.018458789785,0.004821011392,0.106617631992
0.112971851900,0.018357111204,0.005036154768,0.107723740705
0.110344599600,0.018267123510,0.005306006147,0.109455828848
0.107717347200,0.018337385412,0.005443466494,0.066442100920
0.105090094800,0.018658669324,0.005437929114,0.067401841661
0.102462842500,0.018873920244,0.005571800693,0.079792275579
0.099835590100,0.019257143082,0.005575425880,0.075297742344
0.097208337700,0.019535185591,0.005660841886,0.043115308811
0.094581085300,0.019516663868,0.005851827734,0.052917999371
0.091953833000,0.019610457798,0.006061761118,0.063937522872
0.089326580600,0.019435154263,0.006008824340,-0.002441023825
0.086699328200,0.019225422649,0.005791157480,-0.099698648893
0.084072075900,0.018937698794,0.005531192192,-0.191032490883
0.081444823500,0.018662688652,0.005046160771,-0.204991818217
0.078817571100,0.018538726474,0.004737921758,-0.118880192714
0.076190318700,0.018442719835,0.004400884723,0.023639279098
0.073563066400,0.018400314189,0.004175136310,0.150702783356
0.070935814000,0.018502746646,0.004172532131,0.297508129951
0.068308561600,0.018413020183,0.004353457621,0.414082277882
0.065681309300,0.018364981304,0.004319832251,0.558617929496
0.063054056900,0.018137731541,0.004113342674,0.650995189267
0.060426804500,0.017771292569,0.003992777939,0.574950046816
0.057799552100,0.017268702823,0.004108218650,0.439881457198
0.055172299800,0.016783458517,0.004130659851,0.371097952706
0.052545047400,0.016439020024,0.004264704321,0.327189724228
0.049917795000,0.016308058444,0.004403992818,0.379639272061
0.047290542700,0.016090635074,0.004439999880,0.408270939471
0.044663290300,0.015857009553,0.004405354491,0.318956741450
0.042036037900,0.015609305767,0.004405841999,0.207724011408
0.039408785500,0.015416813893,0.004271432179,0.199149952424
0.036781533200,0.015220697088,0.004134395517,0.203614982036
0.034154280800,0.014848492079,0.003975575409,0.208202666189
0.031527028400,0.014582506711,0.003901958776,0.176879241244
0.028899776100,0.014386828207,0.003737864610,0.105620421514
0.026272523700,0.013992821022,0.003410400809,0.086409802548
0.023645271300,0.013038074006,0.003110417158,0.126782717246
0.021018019000,0.012671777311,0.002879356924,0.088394953797
0.018390766600,0.012610133443,0.002491689419,0.006998751087
0.015763514200,0.012476322121,0.002216922167,-0.010540522779
0.013136261800,0.012533661860,0.002134526322,-0.002694456404
0.010509009500,0.012654263622,0.002205267296,0.007934017364
0.007881757100,0.012817155586,0.001961484419,-0.018285455121
0.005254504700,0.013040275820,0.001709683034,-0.162450644172
0.002627252400,0.013131807022,0.001374258790,-1.531842426719
0.000000000000,0.012704519486,0.000984968275,-2.781379420475
