0.391460603250,0.025162111778,0.000514334528,-0.119905345532
0.388833350880,0.026133774866,0.000406260530,-0.147345370395
0.386206098510,0.025911897911,0.000711306031,-0.746871167376
0.383578846140,0.026725946726,0.000963858317,-0.693934064238
0.380951593770,0.023904101216,0.001001183300,0.004084029514
0.378324341400,0.024993025551,0.001172639846,0.323326438822
0.375697089030,0.025767613661,0.001112380977,0.070127163834
0.373069836660,0.025464240951,0.001182342474,-0.280932829602
0.370442584290,0.025378618427,0.001071618006,-0.067287494888
0.367815331920,0.026173287268,0.000913847390,-0.236413990265
0.365188079550,0.026795572667,0.000947636963,-0.316136164847
0.362560827170,0.027441737956,0.000908345439,-0.156764744055
0.359933574800,0.028230196656,0.000948988586,-0.135856862051
0.357306322430,0.028031337819,0.000886656099,-0.120859716867
0.354679070060,0.029009690252,0.000816404276,-0.115002110045
0.352051817690,0.029153238262,0.000825435643,-0.098364804086
0.349424565320,0.029181679243,0.000828742331,-0.066716243416
0.346797312950,0.029896374322,0.000847867001,0.005361232702
0.344170060580,0.029903059205,0.000925497385,0.090453794846
0.341542808210,0.029814074609,0.000913090643,0.195181426582
0.338915555840,0.029595237588,0.001020335482,0.289987705997
0.336288303460,0.028842811624,0.001017222963,-0.014083302356
0.333661051090,0.029947456671,0.001178534905,-0.078717495410
0.331033798720,0.029891742232,0.001174735076,0.128511580644
0.328406546350,0.029713271362,0.001092647355,0.088304550747
0.325779293980,0.029613396883,0.001201603576,0.068364184425
0.323152041610,0.029546413139,0.001377895498,0.049391846295
0.320524789240,0.029440107100,0.001277660352,0.037845025884
0.317897536870,0.029333070585,0.001142456745,0.003401523585
0.315270284500,0.029335861689,0.001010228398,-0.017570486318
0.312643032100,0.029284124473,0.000880302456,0.008444672094
0.310015779800,0.029121566487,0.001024283253,-0.023503034408
0.307388527400,0.029062017717,0.001311899654,-0.013496014770
0.304761275000,0.028893982212,0.001827834462,0.017139799236
0.302134022600,0.028757618219,0.002379259546,-0.002320335648
0.299506770300,0.028545846843,0.002786004052,-0.038586238495
0.296879517900,0.028387509289,0.003224021923,-0.060552213963
0.294252265500,0.028379244517,0.003501789242,-0.039654877096
0.291625013200,0.028443283949,0.003628675603,-0.017815910826
0.288997760800,0.028476828756,0.003773401476,-0.028767712122
0.286370508400,0.028549636752,0.003918062102,-0.002531726746
0.283743256000,0.028638643537,0.003993412683,0.030671756512
0.281116003700,0.028856701321,0.004159401506,0.033053445785
0.278488751300,0.029042543381,0.004217000301,0.081069591773
0.275861498900,0.029126711561,0.004055334523,0.152562318412
0.273234246600,0.029172316333,0.004007983406,0.173480694718
0.270606994200,0.029078950560,0.004093858968,0.150212957846
0.267979741800,0.029133746728,0.003933329891,0.081482126787
0.265352489400,0.029127865737,0.003630283192,0.043421086461
0.262725237100,0.028859392068,0.003317505383,0.087279515020
0.260097984700,0.028643320410,0.003125158820,0.083790242478
0.257470732300,0.028406710969,0.002906450236,-0.011043541401
0.254843480000,0.028198467231,0.002673290193,-0.073940344085
0.252216227600,0.028054299685,0.002511630275,-0.034330027037
0.249588975200,0.027986506720,0.002458384853,0.024846307997
0.246961722900,0.028001089536,0.002403616974,0.072450600156
0.244334470500,0.027988526911,0.002334683921,0.102103490635
0.241707218100,0.027926857250,0.002306614508,0.044403407860
0.239079965700,0.027826950480,0.002216905728,-0.036297942334
0.236452713400,0.027660949533,0.002216796152,-0.123774166450
0.233825461000,0.027424832620,0.002044693420,-0.175382725324
0.231198208600,0.027214653200,0.001849868645,-0.174817595771
0.228570956300,0.026819025844,0.001674708562,-0.090831663449
0.225943703900,0.026347965400,0.001320230883,0.000772826101
0.223316451500,0.025946234258,0.001064987811,0.088880542484
0.220689199100,0.025512479891,0.000971284383,0.156719174442
0.218061946800,0.025065928109,0.001076332710,0.182220353350
0.215434694400,0.024658249381,0.001169126958,0.128460129669
0.212807442000,0.024477075132,0.001004365578,0.142475273347
0.210180189700,0.024332029123,0.000863645562,0.213325541613
0.207552937300,0.024423367309,0.000782075479,0.222874435376
0.204925684900,0.024537448995,0.000860635275,0.201306487375
0.202298432500,0.024656162601,0.001083253834,0.220799361052
0.199671180200,0.024953025480,0.001295637253,0.200661012960
0.197043927800,0.025118957643,0.001498698691,0.147711112238
0.194416675400,0.025172032909,0.001656326447,0.104019328125
0.191789423100,0.025199737726,0.001814575792,0.121953567787
0.189162170700,0.025148920531,0.001961305757,0.086431329985
0.186534918300,0.025113200058,0.002289074808,0.060135972403
0.183907666000,0.024968116259,0.002505138961,0.060632463772
0.181280413600,0.024877240316,0.002674658175,-0.001154801174
0.178653161200,0.024888817577,0.002954631549,-0.025945134686
0.176025908800,0.024929483841,0.003148417443,-0.004820799699
0.173398656500,0.025146224583,0.003231072399,0.010593129338
0.170771404100,0.025285033400,0.003321868899,0.035764753582
0.168144151700,0.025431331105,0.003657040583,0.050800759014
0.165516899400,0.025593185699,0.003941742279,0.074907805239
0.162889647000,0.025757779612,0.004189307651,0.155132475821
0.160262394600,0.026053358943,0.004532052021,0.270801708176
0.157635142200,0.026217040246,0.004844088649,0.192503270619
0.155007889900,0.027067060289,0.004792120227,0.124599529131
0.152380637500,0.027498003290,0.004770341132,0.228457331595
0.149753385100,0.027939348377,0.004538178582,0.158965041331
0.147126132800,0.028292934961,0.004477755722,0.057847131497
0.144498880400,0.028545728791,0.004434120807,0.039654273656
0.141871628000,0.028753469048,0.004363533633,0.051121199154
0.139244375600,0.028743319301,0.004229023874,0.061629950618
0.136617123300,0.028616011132,0.003989011494,0.079634395530
0.133989870900,0.028462752859,0.003837956169,0.038488779986
0.131362618500,0.028279930383,0.003652243023,-0.020876487341
0.128735366200,0.028093670444,0.003431728640,-0.000683790361
0.126108113800,0.027833375344,0.003202827207,0.058803636477
0.123480861400,0.027639622644,0.003095781617,0.098812298317
0.120853609000,0.027328873267,0.002897637185,0.138182874845
0.118226356700,0.027034757367,0.002976843402,0.112144683249
0.115599104300,0.026710793386,0.002962383040,0.025855603929
0.112971851900,0.026109330498,0.003014673191,-0.026709683283
0.110344599600,0.025284000645,0.003121852619,-0.038271134096
0.107717347200,0.024394216230,0.003024985118,-0.047449088359
0.105090094800,0.023901944654,0.002897307824,-0.021220437427
0.102462842500,0.023686970719,0.002721162941,0.012969143225
0.099835590100,0.023555779073,0.002606006506,-0.008633520609
0.097208337700,0.023551753507,0.002512688708,-0.036348807764
0.094581085300,0.023755137752,0.002152806722,-0.007499061948
0.091953833000,0.023936386026,0.001866108398,0.036109923403
0.089326580600,0.024112492011,0.001739859559,0.039971554177
0.086699328200,0.024288611043,0.001716781760,-0.073874267212
0.084072075900,0.024487518244,0.002029216724,-0.207371992583
0.081444823500,0.024753680474,0.002033841394,-0.274250695318
0.078817571100,0.024947856440,0.002134784182,-0.251473810184
0.076190318700,0.024985966389,0.002084799502,-0.239370384640
0.073563066400,0.024843587299,0.001850370099,-0.226016504204
0.070935814000,0.024882508376,0.001714283024,-0.215447938610
0.068308561600,0.024928634782,0.001597902105,-0.172303153954
0.065681309300,0.024813470528,0.001633701533,-0.161604909070
0.063054056900,0.024680566332,0.001507337162,-0.116260791283
0.060426804500,0.024397172487,0.001508057312,-0.031521704632
0.057799552100,0.023958530151,0.001680426273,0.008681105201
0.055172299800,0.023549799626,0.001751657225,0.001662114354
0.052545047400,0.022428625902,0.001822884378,0.004318747015
0.049917795000,0.022871029870,0.001780894851,0.041643274228
0.047290542700,0.022623601107,0.001681276998,0.120760535005
0.044663290300,0.022522314375,0.001635619710,0.163424448509
0.042036037900,0.022389572914,0.001823547723,0.175040472296
0.039408785500,0.022240094126,0.002126817971,0.134446389382
0.036781533200,0.022262438683,0.002095528234,0.073042013213
0.034154280800,0.022225025899,0.002041135685,0.064588545196
0.031527028400,0.022311683303,0.001993898168,0.151174559038
0.028899776100,0.022374790952,0.002036445244,0.219744696254
0.026272523700,0.022352817184,0.002041898342,0.153004920284
0.023645271300,0.022190946456,0.001912283986,0.061179563576
0.021018019000,0.021981236377,0.001800395119,0.004271159163
0.018390766600,0.021872297837,0.001983894440,-0.067612913258
0.015763514200,0.021795514035,0.002010718594,-0.104363186243
0.013136261800,0.021812908721,0.002130149363,-0.095808750591
0.010509009500,0.021929920996,0.002202957354,-0.123633539775
0.007881757100,0.022349186168,0.002136727950,-0.134013078846
0.005254504700,0.022777529126,0.001929856104,-0.064418684451
0.002627252400,0.023196023432,0.001619616895,2.634873128259
0.000000000000,0.021266816094,0.001015561171,5.290142717438
