0.391460603250,0.052512115050,-0.000517237101,-0.023141023980
0.388833350880,0.052994222901,0.000223931859,0.068387960803
0.386206098510,0.053299708200,0.000722507282,0.187983599399
0.383578846140,0.053278613682,0.001203333536,0.319161230841
0.380951593770,0.052393633959,0.001062504571,0.255077749418
0.378324341400,0.052457926440,0.000951213987,0.314046451065
0.375697089030,0.051730448572,0.000773038549,0.536317470518
0.373069836660,0.053166965023,0.000721041584,0.283753360713
0.370442584290,0.053100649786,0.000853910851,-0.105385102733
0.367815331920,0.055891613562,0.000806009826,0.056130934591
0.365188079550,0.057368261443,0.000704134812,-0.019130713806
0.362560827170,0.057816615926,0.000689255562,-0.243974449257
0.359933574800,0.058076401768,0.000391436194,-0.252481832670
0.357306322430,0.058571803470,0.000032330649,-0.140476445993
0.354679070060,0.058797565211,-0.000258089984,0.005786813639
0.352051817690,0.058863754078,-0.000486311713,0.084458567376
0.349424565320,0.058843802515,-0.000743859901,0.099808943369
0.346797312950,0.058639402960,-0.001165419209,0.008772582891
0.344170060580,0.058907179548,-0.001501476290,-0.104579859349
0.341542808210,0.058918527110,-0.001799430707,-0.160063939110
0.338915555840,0.058882147309,-0.001929792251,-0.177708838283
0.336288303460,0.058626108932,-0.001844995494,-0.156765184163
0.333661051090,0.058543012313,-0.001496303978,-0.161205691625
0.331033798720,0.058466632780,-0.001129221814,-0.098307130714
0.328406546350,0.058270104158,-0.000734982742,0.010400240724
0.325779293980,0.058112249604,-0.000420642094,0.053259978345
0.323152041610,0.057947712160,-0.000189608599,0.029063877059
0.320524789240,0.057763903784,0.000003948099,0.023888555088
0.317897536870,0.057638403593,0.000038028149,0.002992104017
0.315270284500,0.057564950450,0.000145542311,0.008351087147
0.312643032100,0.057422569038,0.000304619821,0.034792390575
0.310015779800,0.057325801596,0.000570082448,-0.018072071561
0.307388527400,0.057194282383,0.000917116793,-0.044165348812
0.304761275000,0.057157293209,0.001240182253,-0.015420248778
0.302134022600,0.057129373317,0.001584961438,-0.012452729460
0.299506770300,0.056963611496,0.001966190360,-0.014690744353
0.296879517900,0.056684961322,0.002152161359,-0.036798873685
0.294252265500,0.056285430195,0.002214994825,-0.092665231120
0.291625013200,0.055972816992,0.001984576463,-0.104257290512
0.288997760800,0.055806997517,0.001977470277,-0.079633569494
0.286370508400,0.055621905429,0.001932571946,-0.031829149123
0.283743256000,0.055506873211,0.001870514978,-0.037055534532
0.281116003700,0.055555676408,0.001849892110,-0.021645319115
0.278488751300,0.055717555236,0.001925659017,0.049464311759
0.275861498900,0.055816534443,0.002159056097,0.081201426463
0.273234246600,0.055851221414,0.002232875805,0.014868335436
0.270606994200,0.055973289167,0.002403814121,-0.072488233414
0.267979741800,0.056151428522,0.002734625789,-0.101803271780
0.265352489400,0.056281726643,0.002961882841,-0.103353565322
0.262725237100,0.056292321131,0.003022711590,-0.077081891786
0.260097984700,0.056358424636,0.003000802040,-0.055790352805
0.257470732300,0.056503955538,0.003033094608,-0.056211305224
0.254843480000,0.056506751006,0.003005136371,-0.036809649799
0.252216227600,0.056504972013,0.002916318345,0.033362666655
0.249588975200,0.056489876989,0.002903396814,0.117336750829
0.246961722900,0.056406420599,0.002800902862,0.168209612349
0.244334470500,0.056424184820,0.002840971482,0.197992668792
0.241707218100,0.056327382311,0.002897751612,0.158326577915
0.239079965700,0.056192227794,0.002914256941,0.094047732323
0.236452713400,0.056208235185,0.002838868827,0.023327515663
0.233825461000,0.056228689689,0.002727298699,-0.051625022490
0.231198208600,0.056200166382,0.002628284371,-0.110649077697
0.228570956300,0.056168411665,0.002563130429,-0.150218048898
0.225943703900,0.056205768492,0.002344281390,-0.116817912756
0.223316451500,0.056190705494,0.002194387643,-0.070542831226
0.220689199100,0.056022709847,0.001951716478,-0.055725840831
0.218061946800,0.055972487982,0.001813495970,-0.022045472712
0.215434694400,0.055761982422,0.001769598676,0.050268257813
0.212807442000,0.055636825960,0.001756370325,0.067966998605
0.210180189700,0.055548575720,0.001753536151,0.072684285847
0.207552937300,0.055428181259,0.001656642583,0.068062924946
0.204925684900,0.055470867647,0.001557352733,0.083092015861
0.202298432500,0.055735740463,0.001582172559,0.106659461117
0.199671180200,0.055989074604,0.001636146102,0.053924634634
0.197043927800,0.056160784224,0.001720355869,-0.006527840808
0.194416675400,0.056195750417,0.001778700552,-0.003220350134
0.191789423100,0.056153812433,0.001810074159,0.023326851470
0.189162170700,0.055984560025,0.001901285169,0.079125955598
0.186534918300,0.055813163582,0.002007396850,0.133948934801
0.183907666000,0.055587906068,0.002273099898,0.192667562594
0.181280413600,0.055429444789,0.002516237727,0.158588880242
0.178653161200,0.055511336976,0.002731843901,0.100674859785
0.176025908800,0.055555013130,0.002851244049,0.116823706003
0.173398656500,0.055602405327,0.002912209560,0.114058044755
0.170771404100,0.055717409440,0.003068120611,0.107635139797
0.168144151700,0.055841457085,0.003311741068,0.114648667838
0.165516899400,0.055910297690,0.003524437182,0.128865109867
0.162889647000,0.055897821418,0.003499716245,0.165843034797
0.160262394600,0.055992245839,0.003424143605,0.227222931029
0.157635142200,0.056108214948,0.003373681394,0.322256817415
0.155007889900,0.056009644297,0.003165020891,0.367869217155
0.152380637500,0.056019934309,0.003204159924,0.296355275049
0.149753385100,0.056366820419,0.003243363892,0.255576232685
0.147126132800,0.056596557245,0.003256227693,0.218098858953
0.144498880400,0.056844526200,0.003269656722,0.185101435919
0.141871628000,0.057139259264,0.003257196217,0.140440283315
0.139244375600,0.057406220627,0.003123378101,0.070743712969
0.136617123300,0.057587365839,0.002895380743,-0.001701519443
0.133989870900,0.057585080345,0.002707663716,-0.058895021481
0.131362618500,0.057557101601,0.002589998305,-0.117154447790
0.128735366200,0.057464862892,0.002435484511,-0.100065596245
0.126108113800,0.057310616278,0.002353672179,-0.042235968014
0.123480861400,0.057065452163,0.002307372332,-0.048906167304
0.120853609000,0.056789562002,0.002473278206,-0.054677850189
0.118226356700,0.056525992424,0.002791996848,-0.020529820280
0.115599104300,0.056071153581,0.003004386419,-0.064819705826
0.112971851900,0.055647778891,0.003161563885,-0.113240408538
0.110344599600,0.055338210690,0.003326187441,-0.125976634136
0.107717347200,0.055015184932,0.003487945526,-0.173893872381
0.105090094800,0.054658270266,0.003617339515,-0.225361177182
0.102462842500,0.054319415233,0.003829268198,-0.180048521948
0.099835590100,0.054177139017,0.004089912044,-0.141637499046
0.097208337700,0.054165261314,0.004398565536,-0.148581787084
0.094581085300,0.054224793657,0.004537113601,-0.132140689880
0.091953833000,0.054286418604,0.004611985811,-0.044841179817
0.089326580600,0.054698674928,0.004744539172,0.049555903357
0.086699328200,0.055152945190,0.004850451821,0.007388293373
0.084072075900,0.055388129925,0.004989202998,-0.015162368744
0.081444823500,0.055451595803,0.005051802111,-0.042920521035
0.078817571100,0.055366507535,0.005014087995,-0.049006462445
0.076190318700,0.055210594873,0.005095636894,-0.039703925301
0.073563066400,0.055094880003,0.005070198235,-0.083069855605
0.070935814000,0.055080410985,0.005012248780,-0.115150445555
0.068308561600,0.054820812560,0.005124096307,-0.091577745041
0.065681309300,0.054600498811,0.005161602383,-0.046411902585
0.063054056900,0.054462417621,0.005185946558,-0.003620325444
0.060426804500,0.054506253053,0.005263507260,0.007073770042
0.057799552100,0.054372666233,0.005231386186,-0.017229810513
0.055172299800,0.054015797663,0.005292645130,-0.061431917834
0.052545047400,0.053769176698,0.005152534789,-0.096190384867
0.049917795000,0.053664251515,0.005200858189,-0.059618447779
0.047290542700,0.053375874879,0.005173703893,0.000924610584
0.044663290300,0.053239578181,0.005179969631,0.022509467066
0.042036037900,0.053366807589,0.005052579911,0.058220556901
0.039408785500,0.053342416284,0.004951594072,0.125205903187
0.036781533200,0.053208761036,0.004736653682,0.182413311961
0.034154280800,0.053290717647,0.004510670813,0.234160697209
0.031527028400,0.053343368464,0.004304448439,0.371826476366
0.028899776100,0.053233535410,0.003979728893,0.227000927874
0.026272523700,0.053162393454,0.003860059923,0.175393241711
0.023645271300,0.052943362187,0.002663904601,0.367972569636
0.021018019000,0.051354748780,0.002452502500,0.318960060247
0.018390766600,0.052398230692,0.002838041091,0.278574362666
0.015763514200,0.052010414025,0.002961012423,0.175934023126
0.013136261800,0.051746903944,0.002784894205,0.047492554122
0.010509009500,0.051451145397,0.002538340489,-0.006180326261
0.007881757100,0.051227498337,0.002232966874,-0.075907174338
0.005254504700,0.051304734460,0.001850967288,-0.221592164160
0.002627252400,0.050940723545,0.001272477408,-0.321845225289
0.000000000000,0.044509238268,0.000692609799,-0.329906566874
