0.391460603250,-0.001508049175,0.000665792295,0.042072505982
0.388833350880,-0.003230269790,0.000776164088,-0.317719653622
0.386206098510,-0.003431203539,0.001147689642,0.005137210952
0.383578846140,-0.001495741186,0.001380255897,0.250136608424
0.380951593770,-0.003844254907,0.001832558835,-0.223628756888
0.378324341400,-0.003888710784,0.002022643447,-0.179563157803
0.375697089030,-0.002906559430,0.002132457222,-0.017817855251
0.373069836660,-0.001451872382,0.002189889288,0.094706802646
0.370442584290,-0.001834147701,0.002435549898,-0.269004487548
0.367815331920,-0.001481451705,0.002448654550,-0.499312233209
0.365188079550,-0.000716886079,0.002476880573,-0.283654537280
0.362560827170,-0.000293826082,0.002842841664,-0.029377651454
0.359933574800,-0.000151443921,0.002829774991,0.132725257815
0.357306322430,-0.000805859680,0.002748817558,0.010125943999
0.354679070060,0.000457417916,0.002992128482,-0.052426772050
0.352051817690,0.000606461230,0.003027923918,0.000770271735
0.349424565320,0.000834794018,0.003053433279,-0.014140119959
0.346797312950,0.000991370595,0.003076472271,-0.019121600966
0.344170060580,0.001085482200,0.002988404820,0.014806779649
0.341542808210,0.001153926548,0.003014854241,0.017752645381
0.338915555840,0.001360551189,0.003109218047,-0.023538964749
0.336288303460,0.001425570030,0.003150793539,0.017697988898
0.333661051090,0.001274151055,0.003151225043,0.059113232141
0.331033798720,0.001199623525,0.003278068891,0.032647984918
0.328406546350,0.001041460911,0.003245016905,0.015607314286
0.325779293980,0.000828936742,0.003215060700,0.033603144860
0.323152041610,0.000585671765,0.003383030705,0.033625788137
0.320524789240,0.000408932196,0.003490026157,0.024819169377
0.317897536870,0.000221685069,0.003540844952,0.046977430841
0.315270284500,0.000099901680,0.003509990338,0.048580779481
0.312643032100,0.000092920237,0.003465709025,0.051925810584
0.310015779800,0.000009261944,0.003365596572,0.055023500933
0.307388527400,-0.000155936281,0.003237286921,0.048064367887
0.304761275000,-0.000184813446,0.003120060534,0.059914860250
0.302134022600,-0.000224291681,0.002854606522,0.035338444065
0.299506770300,-0.000321087716,0.002823897968,0.026570733240
0.296879517900,-0.000346402022,0.002686600630,0.047365638686
0.294252265500,-0.000368284570,0.002591305077,0.042127076977
0.291625013200,-0.000232616816,0.002656317793,0.029375078863
0.288997760800,-0.000056504866,0.002699547087,0.016903902848
0.286370508400,0.000022781448,0.002871197173,0.014424531867
0.283743256000,0.000125832864,0.003002252429,0.020679363583
0.281116003700,0.000259703732,0.003066994834,0.058331988259
0.278488751300,0.000468663742,0.003072136494,0.052841144477
0.275861498900,0.000700627913,0.003027393169,0.032873313018
0.273234246600,0.000785503286,0.002865241193,0.029246759468
0.270606994200,0.000792967671,0.002773903522,0.039511793484
0.267979741800,0.000806892071,0.002774958330,0.014658384539
0.265352489400,0.000723209218,0.002724500600,0.003037202385
0.262725237100,0.000699434998,0.002736063889,0.020916659646
0.260097984700,0.000621218280,0.002569807048,0.033305620868
0.257470732300,0.000427061108,0.002486055567,0.046052640152
0.254843480000,0.000247931588,0.002322647965,0.050248468218
0.252216227600,-0.000023796523,0.002151700828,0.056516498441
0.249588975200,-0.000330934395,0.001994744319,0.057566436535
0.246961722900,-0.000587719004,0.001816385546,0.087734725797
0.244334470500,-0.000807274257,0.001698171216,0.111693792123
0.241707218100,-0.001026739798,0.001553964743,0.067876947797
0.239079965700,-0.001149829007,0.001295249161,0.029498757679
0.236452713400,-0.001209249445,0.001079071340,-0.000791477039
0.233825461000,-0.001359215288,0.000861355688,-0.028622676016
0.231198208600,-0.001513892670,0.000624657337,-0.041060118707
0.228570956300,-0.001698523508,0.000503358704,-0.058113818163
0.225943703900,-0.001870434216,0.000416199890,-0.052476847108
0.223316451500,-0.001961712436,0.000360837739,-0.030648276520
0.220689199100,-0.002209429632,0.000412926229,0.041734748018
0.218061946800,-0.002497628846,0.000428045759,0.113688955156
0.215434694400,-0.003084310095,0.000454398133,0.178267156194
0.212807442000,-0.003551047258,0.000591955086,0.206792657440
0.210180189700,-0.003947546561,0.000626265640,0.179138964433
0.207552937300,-0.004306653328,0.000645648554,0.164495577102
0.204925684900,-0.004441509324,0.000613835258,0.175496965786
0.202298432500,-0.004493193567,0.000708462952,0.187014594412
0.199671180200,-0.004572475982,0.000872164843,0.186724689192
0.197043927800,-0.004568672912,0.000964255293,0.169563274408
0.194416675400,-0.004560598543,0.001170940888,0.141836933907
0.191789423100,-0.004524176183,0.001482424953,0.121542317986
0.189162170700,-0.004287744632,0.001825534537,0.096829490481
0.186534918300,-0.004037867851,0.002124695280,0.071262012162
0.183907666000,-0.004018869422,0.002257948176,0.073004591538
0.181280413600,-0.003939751760,0.002273145547,0.086145743973
0.178653161200,-0.003865324138,0.002354834823,0.077135902418
0.176025908800,-0.003756595389,0.002400275335,0.080132317878
0.173398656500,-0.003738681598,0.002466976107,0.084565427523
0.170771404100,-0.003753331489,0.002465199953,0.081443858443
0.168144151700,-0.003725658099,0.002531287551,0.075180520818
0.165516899400,-0.003702031291,0.002511393563,0.018914113595
0.162889647000,-0.003623870594,0.002477143652,-0.036080900600
0.160262394600,-0.003675675714,0.002614974505,0.210072038899
0.157635142200,-0.004885841995,0.002831094905,0.124913378345
0.155007889900,-0.003670791068,0.002706429794,-0.095798533016
0.152380637500,-0.003652818296,0.002702881767,0.143152843281
0.149753385100,-0.003604645463,0.002665535871,0.132439291064
0.147126132800,-0.003376216056,0.002550741325,0.135769340997
0.144498880400,-0.003054496934,0.002424464140,0.118914646841
0.141871628000,-0.002756641650,0.002335623038,0.023294693431
0.139244375600,-0.002319168163,0.002148610629,-0.002991195623
0.136617123300,-0.001891884428,0.001958682577,0.009992418101
0.133989870900,-0.001420346857,0.001839735787,-0.044693749226
0.131362618500,-0.000881293345,0.001610232255,-0.074889429029
0.128735366200,-0.000567984210,0.001402991206,-0.044218805438
0.126108113800,-0.000416888209,0.001121785447,-0.077973895706
0.123480861400,-0.000426941518,0.000776097707,-0.121493170393
0.120853609000,-0.000464355681,0.000494381342,-0.124152842466
0.118226356700,-0.000717212049,0.000342334510,-0.067729099730
0.115599104300,-0.001008325459,0.000126762076,-0.009594691066
0.112971851900,-0.001383172252,0.000149282931,0.057599434112
0.110344599600,-0.001786162393,0.000133814186,0.127888681270
0.107717347200,-0.002047074617,0.000138714403,0.098827137553
0.105090094800,-0.002269446948,0.000155863608,0.055201529213
0.102462842500,-0.002509078514,0.000247277084,-0.001605389873
0.099835590100,-0.002974496179,0.000179968672,-0.024038816358
0.097208337700,-0.003447698277,0.000163516945,-0.011110670600
0.094581085300,-0.003882082159,0.000273812193,-0.033222049680
0.091953833000,-0.004262312427,0.000390253129,-0.053470240619
0.089326580600,-0.004588472650,0.000613197372,0.024575092317
0.086699328200,-0.004910955129,0.000535232505,0.149009328068
0.084072075900,-0.005005334207,0.000266901791,0.196109647908
0.081444823500,-0.004798642300,-0.000048015610,0.187854230951
0.078817571100,-0.004711316721,-0.000107358139,0.137955777389
0.076190318700,-0.004485823773,-0.000146923648,0.040114914478
0.073563066400,-0.004245039845,-0.000040286742,-0.058994623392
0.070935814000,-0.004064627373,0.000053867459,-0.047014478440
0.068308561600,-0.003769364168,0.000175983996,0.018438961850
0.065681309300,-0.003639719006,0.000311691857,0.044005916815
0.063054056900,-0.003727443332,0.000351126978,0.089545841443
0.060426804500,-0.003887366221,0.000399329880,0.088813803130
0.057799552100,-0.004264896366,0.000313940569,0.066592939059
0.055172299800,-0.004767375693,0.000362926379,0.095186934359
0.052545047400,-0.005203702661,0.000292173125,0.110782393921
0.049917795000,-0.005683577158,0.000286797383,0.097867372383
0.047290542700,-0.006104231095,0.000563546432,0.020331509152
0.044663290300,-0.006428219824,0.000937444106,-0.009298200248
0.042036037900,-0.006702971744,0.001250946808,-0.040846910035
0.039408785500,-0.006843131533,0.001408088166,-0.112038426528
0.036781533200,-0.007076193145,0.001535532913,-0.067966493435
0.034154280800,-0.007256164220,0.001582379041,0.002970803490
0.031527028400,-0.007264329064,0.001511543977,0.040370432779
0.028899776100,-0.007350347743,0.001282765086,0.001972066166
0.026272523700,-0.007265881902,0.001059931396,-0.004839135588
0.023645271300,-0.005847231418,0.000571249762,-0.008349644049
0.021018019000,-0.006246722138,0.000694187952,-0.063598809258
0.018390766600,-0.007215793522,0.000767315622,-0.101130281851
0.015763514200,-0.007483228698,0.000657639650,-0.112924176769
0.013136261800,-0.007403375035,0.000659847164,0.008025027547
0.010509009500,-0.007298572222,0.001056378640,-0.133536173237
0.007881757100,-0.007168674462,0.000889447032,-0.212899777052
0.005254504700,-0.006665805394,0.000677160326,-0.061052050167
0.002627252400,-0.005978265886,0.000559780352,1.111879850596
0.000000000000,-0.004266961243,0.000458894791,2.274612663094
