0.391460603250,-0.054460263663,0.000030132505,-0.267086594028
0.388833350880,-0.054215634425,0.000000213288,-0.047456472636
0.386206098510,-0.056673934240,0.000019797951,0.057561744617
0.383578846140,-0.057839617834,0.000252395361,0.281649827746
0.380951593770,-0.056853056297,0.000424811979,0.438869245506
0.378324341400,-0.056827443856,0.000605895848,0.298359941788
0.375697089030,-0.057650680394,0.000684240113,0.270767541115
0.373069836660,-0.059278201160,0.000845258828,0.242415613321
0.370442584290,-0.059127252535,0.001020086063,0.159425652363
0.367815331920,-0.058748983052,0.001164177383,0.062315253510
0.365188079550,-0.058423362157,0.001277631171,0.001289705399
0.362560827170,-0.057993102913,0.001390365484,-0.055167310729
0.359933574800,-0.057600587410,0.001438319792,-0.115072521042
0.357306322430,-0.057496645700,0.001380643622,-0.121081284750
0.354679070060,-0.057358965020,0.001393689561,-0.126527735630
0.352051817690,-0.057270175395,0.001357141963,-0.090716416645
0.349424565320,-0.057206233731,0.001259662045,-0.004279924440
0.346797312950,-0.057211108314,0.001243919290,0.037869932994
0.344170060580,-0.057302198934,0.001328522436,0.093541827373
0.341542808210,-0.057471077009,0.001298064414,0.019248770821
0.338915555840,-0.057463677232,0.001318728865,0.023803830455
0.336288303460,-0.057597177757,0.001433226442,0.048192288540
0.333661051090,-0.057740504568,0.001417635788,0.071284214852
0.331033798720,-0.057876490644,0.001370806260,0.097756039464
0.328406546350,-0.057989672753,0.001391481948,0.098852971899
0.325779293980,-0.058055198180,0.001343642022,0.059995226803
0.323152041610,-0.058148706962,0.001313425592,-0.022098368396
0.320524789240,-0.058336885570,0.001428671485,-0.203899510095
0.317897536870,-0.058543076696,0.001604901666,-0.116397939963
0.315270284500,-0.058856766669,0.001657311702,0.138082459221
0.312643032100,-0.059225318408,0.001834098259,0.063116217346
0.310015779800,-0.059612641702,0.002062068829,0.007187340899
0.307388527400,-0.059919320260,0.002139468570,-0.009190652104
0.304761275000,-0.060173467899,0.002235721102,-0.020346249350
0.302134022600,-0.060333163249,0.002502652922,-0.018950133227
0.299506770300,-0.060517995610,0.002764158703,-0.021805970593
0.296879517900,-0.060752747751,0.003001782901,-0.010074514723
0.294252265500,-0.060880703630,0.003365848650,0.021800728494
0.291625013200,-0.060860897228,0.003626115484,0.040473856339
0.288997760800,-0.060729455637,0.003723177419,0.018553801151
0.286370508400,-0.060694163736,0.003813792816,0.047457952817
0.283743256000,-0.060603203298,0.003808589179,0.053484722911
0.281116003700,-0.060508975077,0.003813559948,0.071323234780
0.278488751300,-0.060470519646,0.003841125344,0.129950509010
0.275861498900,-0.060480895577,0.003826055248,0.125867418347
0.273234246600,-0.060510580501,0.003898006797,0.099573113680
0.270606994200,-0.060448568534,0.003750467473,0.112874034867
0.267979741800,-0.060368580554,0.003570220572,0.075484512779
0.265352489400,-0.060368819382,0.003453067194,0.112984056874
0.262725237100,-0.060299215581,0.003460506923,0.176621207245
0.260097984700,-0.060159481143,0.003380199314,0.167011141051
0.257470732300,-0.060057344559,0.003206250445,0.078002008770
0.254843480000,-0.059937293402,0.003181355784,-0.006371572085
0.252216227600,-0.059850885482,0.003244064809,-0.038768326743
0.249588975200,-0.059755852831,0.003341779868,-0.049483877235
0.246961722900,-0.059712383323,0.003432471072,-0.130240169512
0.244334470500,-0.059818483204,0.003298366142,-0.176250122570
0.241707218100,-0.059792982811,0.003165954274,-0.190304745266
0.239079965700,-0.059724297688,0.003122862065,-0.169540693682
0.236452713400,-0.059591290029,0.003072127219,-0.086576457034
0.233825461000,-0.059556713492,0.002882456722,0.021310648773
0.231198208600,-0.059675727461,0.002735078135,0.137728511271
0.228570956300,-0.059867124002,0.002755324353,0.200572829058
0.225943703900,-0.060099355713,0.002722425092,0.216231212157
0.223316451500,-0.060380758684,0.002668983038,0.248204249196
0.220689199100,-0.060653178435,0.002578402108,0.243013642503
0.218061946800,-0.060840901303,0.002431198830,0.196589360292
0.215434694400,-0.060952533591,0.002375106397,0.156998001879
0.212807442000,-0.060933763234,0.002331822523,0.137828782772
0.210180189700,-0.060777328212,0.002325277070,0.129104964082
0.207552937300,-0.060585172047,0.002424013434,0.120417505420
0.204925684900,-0.060362585804,0.002480044517,0.121879912078
0.202298432500,-0.060068980851,0.002577993338,0.130768764793
0.199671180200,-0.059804039226,0.002668647728,0.108672494590
0.197043927800,-0.059753771094,0.002805195869,0.035354342809
0.194416675400,-0.059886902607,0.003007906721,-0.012575178319
0.191789423100,-0.060113163673,0.003133483164,0.025755228738
0.189162170700,-0.060369682229,0.003351651157,0.052655935759
0.186534918300,-0.060589432233,0.003632902376,0.062280161509
0.183907666000,-0.060737897197,0.003932002267,0.110582628416
0.181280413600,-0.060933981305,0.004270258183,0.132872782553
0.178653161200,-0.061054642174,0.004613546262,0.110271832334
0.176025908800,-0.061062054640,0.004892739504,0.100106874029
0.173398656500,-0.060993014020,0.005194691824,0.084023059891
0.170771404100,-0.060980131859,0.005494229000,0.060437644349
0.168144151700,-0.060871553995,0.005722481946,0.081238849046
0.165516899400,-0.060709391441,0.006034705977,0.112058477159
0.162889647000,-0.060601400749,0.006297297475,0.165719659801
0.160262394600,-0.060446010073,0.006355673493,0.201459574250
0.157635142200,-0.060266914977,0.006353951893,0.183825192125
0.155007889900,-0.060175809539,0.006285436174,0.132153937166
0.152380637500,-0.060015980212,0.006207253092,0.052225880547
0.149753385100,-0.059603764280,0.006080928353,0.013606938214
0.147126132800,-0.059237282378,0.006063828055,0.026640687994
0.144498880400,-0.058962596032,0.006047777486,0.035836610345
0.141871628000,-0.058883542309,0.006039530121,0.081837781199
0.139244375600,-0.058924782178,0.006064869363,0.100491944249
0.136617123300,-0.059004561052,0.006080527156,0.080212380767
0.133989870900,-0.059317434067,0.006194073605,0.076067291866
0.131362618500,-0.059608302530,0.006184546281,0.059375164191
0.128735366200,-0.059881530769,0.006087125032,0.059449514414
0.126108113800,-0.060045321275,0.006032294833,0.073111721697
0.123480861400,-0.060272063825,0.006059646887,0.069856804389
0.120853609000,-0.060596293001,0.006011252258,0.063017693302
0.118226356700,-0.061006565861,0.005844797908,0.061266091346
0.115599104300,-0.061293968563,0.005563298578,0.075685260531
0.112971851900,-0.061545051295,0.005414891228,0.102645811699
0.110344599600,-0.061820210339,0.005214414767,0.089957934469
0.107717347200,-0.062015663161,0.004987759734,0.077262922729
0.105090094800,-0.062041626528,0.004543582695,0.031186149604
0.102462842500,-0.062072618618,0.004301317514,-0.027032937607
0.099835590100,-0.061812012977,0.004046762495,-0.006555207637
0.097208337700,-0.061371377576,0.003699660502,0.027411990483
0.094581085300,-0.061091332697,0.003589485427,-0.027736779805
0.091953833000,-0.061070130907,0.003473758709,-0.095911833218
0.089326580600,-0.061162511421,0.003549683884,-0.193053790010
0.086699328200,-0.061284625345,0.003724942829,-0.295825128494
0.084072075900,-0.061389885450,0.003917728997,-0.292834062231
0.081444823500,-0.061621028121,0.004017172796,-0.247167735515
0.078817571100,-0.061825385684,0.004098239328,-0.239198976563
0.076190318700,-0.062111513111,0.004072227915,-0.219861631467
0.073563066400,-0.062346063122,0.003936382281,-0.187625161399
0.070935814000,-0.062341942703,0.003801665132,-0.108335253957
0.068308561600,-0.062337150924,0.003736928204,-0.103826239516
0.065681309300,-0.062462620510,0.003502825217,-0.196018903396
0.063054056900,-0.062497897870,0.003518053567,0.128304891922
0.060426804500,-0.062697950849,0.003696037912,0.313387079093
0.057799552100,-0.063122281137,0.003702968519,0.143805153808
0.055172299800,-0.063357280246,0.003904669713,0.073345667410
0.052545047400,-0.063320891862,0.004068322871,0.013078458691
0.049917795000,-0.063437053579,0.004063504049,0.043457338494
0.047290542700,-0.063564597771,0.004083568036,0.153635847771
0.044663290300,-0.063666840469,0.003891458430,0.242946871809
0.042036037900,-0.063661450388,0.003795967907,0.163533711858
0.039408785500,-0.063572375086,0.003734088478,0.094593639551
0.036781533200,-0.063598052024,0.003541344248,0.034729843656
0.034154280800,-0.063846222655,0.003365279893,0.006501238594
0.031527028400,-0.064131421527,0.003401664430,-0.040696812035
0.028899776100,-0.064363466167,0.003561825831,-0.097283364082
0.026272523700,-0.064241961058,0.003684638767,-0.120548031011
0.023645271300,-0.063744534664,0.003820567923,-0.110544226279
0.021018019000,-0.064239461399,0.004001303728,-0.079996625271
0.018390766600,-0.066227446975,0.004116472074,-0.081391782116
0.015763514200,-0.066941430337,0.004167705081,-0.090917318052
0.013136261800,-0.067547255325,0.003938213406,-0.110344174736
0.010509009500,-0.067648041832,0.003836843143,-0.051230979861
0.007881757100,-0.067501688413,0.003701672969,-0.001352454300
0.005254504700,-0.067094588869,0.003391558432,-0.172860258952
0.002627252400,-0.066452555364,0.003207069771,-1.472127789139
0.000000000000,-0.063863561898,0.002408586003,-2.605321432737
