0.391460603250,0.022146664959,0.000864446728,1.101712433937
0.388833350880,0.023698906345,0.000792067438,-0.005916865220
0.386206098510,0.024613735640,0.000688345063,-0.385638520207
0.383578846140,0.021851260262,0.001029936575,0.179401139557
0.380951593770,0.020664339776,0.001229066345,0.158641072450
0.378324341400,0.021766673683,0.001158197518,-0.382651552827
0.375697089030,0.022225335235,0.001216422918,-0.470632330724
0.373069836660,0.020644524782,0.000918869595,0.238325767558
0.370442584290,0.022567456974,0.000998119599,-0.117592598980
0.367815331920,0.024277102513,0.000970136672,-0.489134486253
0.365188079550,0.025274531120,0.000994175659,-0.177346819506
0.362560827170,0.025975301930,0.000969017879,-0.066727356170
0.359933574800,0.026505705899,0.001002208891,-0.086091378085
0.357306322430,0.026868320271,0.000963938874,-0.096131134777
0.354679070060,0.027381016914,0.000921842708,-0.115197139651
0.352051817690,0.027840322861,0.000950157634,-0.080167615662
0.349424565320,0.027470381934,0.000970700645,-0.063153003817
0.346797312950,0.027576200414,0.001098681135,0.001407757625
0.344170060580,0.027689901254,0.001034121962,0.060200861337
0.341542808210,0.027779877080,0.001027339854,0.105926057321
0.338915555840,0.027794740147,0.001143872970,0.109860108934
0.336288303460,0.027800621317,0.001249151457,0.122442723678
0.333661051090,0.027745054362,0.001215470029,0.120205574082
0.331033798720,0.027716345966,0.001209589727,0.128171067754
0.328406546350,0.027649813817,0.001235881643,0.110939961812
0.325779293980,0.027496984806,0.001231126411,0.086403107979
0.323152041610,0.027336735812,0.001242686181,0.067516987110
0.320524789240,0.027137285402,0.001194041114,0.030380723852
0.317897536870,0.027011581219,0.001155826836,-0.000917908214
0.315270284500,0.026997912053,0.001135210133,-0.004320754784
0.312643032100,0.027085190836,0.001150055471,0.009117239361
0.310015779800,0.027080356872,0.001228258759,0.015930802931
0.307388527400,0.026889898939,0.001405539379,0.018700874307
0.304761275000,0.026621016598,0.001732631552,0.012696891964
0.302134022600,0.026473773069,0.002259405670,-0.020852557355
0.299506770300,0.026342173308,0.002677816020,-0.063814132619
0.296879517900,0.026268350725,0.003114057856,-0.070095488750
0.294252265500,0.026332995224,0.003377443122,-0.004856829277
0.291625013200,0.026323519131,0.003672550486,0.010117539561
0.288997760800,0.026327846432,0.003777044705,-0.015208986512
0.286370508400,0.026457171035,0.003888868324,-0.035573331505
0.283743256000,0.026706306893,0.004019812359,-0.045354283385
0.281116003700,0.026916831038,0.004032335681,0.033694046870
0.278488751300,0.027093439744,0.004017696302,0.125447903730
0.275861498900,0.027154319056,0.004060987842,0.126506829660
0.273234246600,0.027224876605,0.004047781465,0.137803673102
0.270606994200,0.027220050248,0.004022054962,0.170819787352
0.267979741800,0.027121578424,0.003793281252,0.129851665074
0.265352489400,0.026883223870,0.003558861687,0.071385708875
0.262725237100,0.026661602710,0.003438220051,0.038113747831
0.260097984700,0.026457580851,0.003010652843,0.030104970765
0.257470732300,0.026294342840,0.002781484754,0.008265420639
0.254843480000,0.026241318344,0.002634744159,-0.040746973919
0.252216227600,0.026156390157,0.002496172961,-0.029190018195
0.249588975200,0.026069586308,0.002494143449,0.033134049965
0.246961722900,0.025935411607,0.002525368183,0.070451021154
0.244334470500,0.025830754669,0.002492306806,0.078597444386
0.241707218100,0.025748115401,0.002372216252,0.065133245718
0.239079965700,0.025640453229,0.002292569204,-0.042283986620
0.236452713400,0.025487478533,0.002202271952,-0.113447360882
0.233825461000,0.025271424590,0.002061583670,-0.146962833534
0.231198208600,0.024947322870,0.001906641133,-0.144047214839
0.228570956300,0.024600956630,0.001685403700,-0.074452500690
0.225943703900,0.024235001843,0.001353458608,0.004792445257
0.223316451500,0.023689589664,0.001036716526,0.113621783227
0.220689199100,0.023103751934,0.000808990825,0.204109288552
0.218061946800,0.022644021939,0.000871940265,0.207407346420
0.215434694400,0.022340603179,0.000939690320,0.129780651209
0.212807442000,0.022228625952,0.000882395389,0.158128414824
0.210180189700,0.022192254274,0.000864955457,0.188749238159
0.207552937300,0.022280861342,0.000891098040,0.190163075392
0.204925684900,0.022345445558,0.000992772246,0.176333463399
0.202298432500,0.022589109234,0.001167604867,0.183950389735
0.199671180200,0.022755979377,0.001342257437,0.218573905002
0.197043927800,0.022856555403,0.001482115004,0.169342176103
0.194416675400,0.022974327700,0.001634781206,0.115346148401
0.191789423100,0.023036930214,0.001865273911,0.111286124642
0.189162170700,0.023024730889,0.002078478860,0.096292655472
0.186534918300,0.022938456296,0.002342775360,0.059820488682
0.183907666000,0.022880010442,0.002573193496,0.012479942796
0.181280413600,0.022795104166,0.002688429051,0.040091492539
0.178653161200,0.022915725479,0.002816330657,0.038449437477
0.176025908800,0.022988478664,0.003058726083,-0.015448304070
0.173398656500,0.023165058413,0.003274454648,0.009284368227
0.170771404100,0.023223977677,0.003540762041,0.052118595800
0.168144151700,0.023229864945,0.003780585102,0.070671486559
0.165516899400,0.023351752754,0.004022014166,0.087522028652
0.162889647000,0.023664636048,0.004310018958,0.092508605950
0.160262394600,0.023941391735,0.004492222003,0.130767127275
0.157635142200,0.024342141756,0.004483419819,0.182210125952
0.155007889900,0.024833389958,0.004546506168,0.216058054963
0.152380637500,0.025160326537,0.004573347274,0.163281907552
0.149753385100,0.025628751765,0.004491325047,0.098756526825
0.147126132800,0.026184646683,0.004363029956,0.060947527793
0.144498880400,0.026522442726,0.004375857508,0.069889568640
0.141871628000,0.026685221381,0.004355885101,0.102203274519
0.139244375600,0.026702186459,0.004233972751,0.095205490362
0.136617123300,0.026602606177,0.003907777413,0.066318617943
0.133989870900,0.026386997103,0.003721636611,0.035182059807
0.131362618500,0.026079779009,0.003498111624,0.004581838966
0.128735366200,0.025900788034,0.003477055684,0.030435053613
0.126108113800,0.025752582011,0.003261498651,0.062554597869
0.123480861400,0.025468018900,0.003150310939,0.062442413429
0.120853609000,0.025092656076,0.002940404765,0.069511017311
0.118226356700,0.024813037443,0.002770843757,0.098658390183
0.115599104300,0.024438470411,0.002889714614,0.073176908063
0.112971851900,0.023984218001,0.002986670016,-0.009379391077
0.110344599600,0.023215955649,0.003080616341,-0.019615609577
0.107717347200,0.022413514576,0.003168954803,0.029095582156
0.105090094800,0.021936752530,0.002981825509,0.029835115435
0.102462842500,0.021527601238,0.002795591048,0.038409005697
0.099835590100,0.021380070039,0.002632343643,0.024284336898
0.097208337700,0.021519222989,0.002375974547,-0.021676456491
0.094581085300,0.021792016702,0.001988434509,-0.026735130329
0.091953833000,0.021924647672,0.001646295878,0.019102045724
0.089326580600,0.022007602668,0.001550402350,0.007104578843
0.086699328200,0.022252104844,0.001480328492,-0.078443356269
0.084072075900,0.022627774036,0.001702751063,-0.232160777406
0.081444823500,0.022697899974,0.001815652956,-0.332394132999
0.078817571100,0.022744167330,0.001807890141,-0.294209536648
0.076190318700,0.022911362578,0.001763448339,-0.210673750469
0.073563066400,0.022982055014,0.001733910398,-0.185023579415
0.070935814000,0.022963338772,0.001700022496,-0.220892554441
0.068308561600,0.022830189322,0.001763107860,-0.211163974204
0.065681309300,0.022686293170,0.001707654081,-0.153960162110
0.063054056900,0.022423071899,0.001488250081,-0.139818854466
0.060426804500,0.022174261944,0.001461778180,-0.102145357927
0.057799552100,0.021902997505,0.001379333675,0.027140191124
0.055172299800,0.021549660271,0.001444514907,0.052576238927
0.052545047400,0.021119399238,0.001547345846,0.041674451093
0.049917795000,0.020811552116,0.001805207425,0.063239462720
0.047290542700,0.020523366535,0.001725022342,0.102776851552
0.044663290300,0.020281716225,0.001670035006,0.149131318708
0.042036037900,0.020114715330,0.001695172532,0.085061498741
0.039408785500,0.020213886716,0.001659668599,0.052057980314
0.036781533200,0.020364132053,0.001826760382,0.045944716076
0.034154280800,0.020373414937,0.002058481163,0.068547407287
0.031527028400,0.020236538109,0.002121297285,0.151584650664
0.028899776100,0.020242882054,0.001958826089,0.345944056584
0.026272523700,0.020214067399,0.001689453416,0.402531075884
0.023645271300,0.019768801137,0.001642923539,0.191322402958
0.021018019000,0.019530239116,0.001623082224,-0.262596783683
0.018390766600,0.019487613621,0.001979854775,-0.298477792563
0.015763514200,0.019345108524,0.002027483693,-0.049546355498
0.013136261800,0.019456249633,0.002061727351,-0.126111066453
0.010509009500,0.019750470821,0.001983077393,-0.162135070190
0.007881757100,0.019995202393,0.001830268907,-0.142651939127
0.005254504700,0.020348698675,0.001675570857,-0.103391547277
0.002627252400,0.020692774008,0.001460783450,1.937648905777
0.000000000000,0.019734196406,0.001020469029,3.944258646585
