0.391460603250,-0.054313664707,-0.000049046672,0.411731621392
0.388833350880,-0.053553058925,0.000155612712,0.564785860627
0.386206098510,-0.054217925832,0.000359443836,-0.035957409332
0.383578846140,-0.053650662396,0.000712141163,-0.344545563865
0.380951593770,-0.052925780931,0.000762970589,0.044923662550
0.378324341400,-0.054252131882,0.000879075620,-0.041884876941
0.375697089030,-0.054567309184,0.001014935936,-0.121028843201
0.373069836660,-0.054823166870,0.001080926551,-0.000152727722
0.370442584290,-0.055273287642,0.001221353775,0.244520201519
0.367815331920,-0.056875897201,0.001575278972,0.214801279172
0.365188079550,-0.056967174594,0.001810113107,0.134956119719
0.362560827170,-0.057603651108,0.001922033611,0.055060065998
0.359933574800,-0.057476860999,0.002124126208,-0.029831672772
0.357306322430,-0.057098711028,0.002288169636,-0.045405794617
0.354679070060,-0.056673507122,0.002506061663,-0.034461293662
0.352051817690,-0.056148793064,0.002751836161,-0.065341001824
0.349424565320,-0.055467668956,0.002858656481,-0.065081941519
0.346797312950,-0.055226184388,0.002842468082,-0.036379804779
0.344170060580,-0.055216114879,0.002845745895,-0.048376235117
0.341542808210,-0.055231735455,0.002970407105,-0.001766203189
0.338915555840,-0.055430809984,0.003056683831,0.037298904990
0.336288303460,-0.055522617071,0.002976377547,0.074267974720
0.333661051090,-0.055643114762,0.002919897277,0.072275273290
0.331033798720,-0.055798904955,0.003081692410,0.055886190285
0.328406546350,-0.055945966286,0.003128741577,0.077373450333
0.325779293980,-0.056148872260,0.003129500476,0.082970020678
0.323152041610,-0.056345632435,0.003140377821,0.100185935927
0.320524789240,-0.056505555026,0.003202050416,-0.173127895829
0.317897536870,-0.056742804634,0.003175470982,0.046277657124
0.315270284500,-0.056844401460,0.003264347322,0.377909921786
0.312643032100,-0.056820474023,0.003342266426,0.135863290875
0.310015779800,-0.056976448074,0.003289393229,0.033206978837
0.307388527400,-0.057090630368,0.003241107709,0.012037824229
0.304761275000,-0.057199425288,0.003146072643,-0.014692609184
0.302134022600,-0.057358066061,0.003117800068,-0.034567467603
0.299506770300,-0.057641662538,0.003134921787,-0.046608027329
0.296879517900,-0.057954353465,0.003169444345,-0.021475436719
0.294252265500,-0.058240686991,0.003200660683,0.016179045702
0.291625013200,-0.058492743874,0.003296012919,0.056113757728
0.288997760800,-0.058531900498,0.003403328183,0.073028995360
0.286370508400,-0.058573972379,0.003568143350,0.057285622570
0.283743256000,-0.058517127586,0.003626244066,0.069165681182
0.281116003700,-0.058340128246,0.003589073983,0.078499094350
0.278488751300,-0.058266936806,0.003662280701,0.059315231665
0.275861498900,-0.058304053533,0.003707185887,0.051732931267
0.273234246600,-0.058343816754,0.003654825937,0.056680698016
0.270606994200,-0.058479167038,0.003572171456,0.067038814379
0.267979741800,-0.058509290556,0.003466533419,0.093450836667
0.265352489400,-0.058405445038,0.003423360341,0.079442237658
0.262725237100,-0.058138261590,0.003483805541,0.038853684158
0.260097984700,-0.057775974018,0.003368270888,0.033036518304
0.257470732300,-0.057444187598,0.003327384473,-0.002930217777
0.254843480000,-0.057192240434,0.003329431612,-0.069288381284
0.252216227600,-0.057115267698,0.003213821851,-0.086408665827
0.249588975200,-0.057275006816,0.003135239224,-0.082292594428
0.246961722900,-0.057373490200,0.002976871646,-0.072304917331
0.244334470500,-0.057635533437,0.002727316526,-0.052505596124
0.241707218100,-0.057925473631,0.002469930619,-0.000969392306
0.239079965700,-0.058044320317,0.002282014482,0.024651213500
0.236452713400,-0.058320538977,0.002148169906,0.019007956762
0.233825461000,-0.058461909944,0.002088751878,-0.003029827706
0.231198208600,-0.058560061736,0.001858317640,0.023013783771
0.228570956300,-0.058752849320,0.001765150482,0.077527231751
0.225943703900,-0.058860906828,0.001667177652,0.102203659606
0.223316451500,-0.058993828227,0.001524757645,0.086107229285
0.220689199100,-0.059059754594,0.001412628578,0.059436486444
0.218061946800,-0.058983660217,0.001211209082,0.086005852777
0.215434694400,-0.058867096014,0.001027240194,0.131165245120
0.212807442000,-0.058793397527,0.000994938075,0.173348889721
0.210180189700,-0.058761233697,0.001118237622,0.195101224226
0.207552937300,-0.058812259454,0.001300933028,0.194807085135
0.204925684900,-0.058886478402,0.001499008159,0.236050470035
0.202298432500,-0.058870646313,0.001668162875,0.186480639248
0.199671180200,-0.058839788380,0.001848998954,0.134096330512
0.197043927800,-0.058840273505,0.002106530714,0.147969687150
0.194416675400,-0.058741313002,0.002393209292,0.130230353473
0.191789423100,-0.058689949709,0.002754852600,0.114682952941
0.189162170700,-0.058737470278,0.002996454250,0.125342867428
0.186534918300,-0.058669986109,0.003241200415,0.112450148100
0.183907666000,-0.058612372998,0.003411901450,0.074968182788
0.181280413600,-0.058735104694,0.003565805812,0.050096068046
0.178653161200,-0.058719854371,0.003889432757,0.009241491775
0.176025908800,-0.058651300308,0.004073318422,0.014952637542
0.173398656500,-0.058667033646,0.004386549273,0.065158457743
0.170771404100,-0.058665955426,0.004662764842,0.085095979755
0.168144151700,-0.058608651954,0.004811080891,0.090126056937
0.165516899400,-0.058588088017,0.004993960023,0.087021301929
0.162889647000,-0.058758051465,0.005150832422,0.056256535510
0.160262394600,-0.058867819050,0.005382088811,0.030097854778
0.157635142200,-0.058901463348,0.005582544970,0.022931156668
0.155007889900,-0.059046190795,0.005717520350,0.045959492914
0.152380637500,-0.059175633450,0.005685346856,0.067977435069
0.149753385100,-0.059211110446,0.005616659133,0.025460706515
0.147126132800,-0.059270012723,0.005463438822,-0.000193854093
0.144498880400,-0.059283537236,0.005235156931,0.071938391385
0.141871628000,-0.059258752927,0.005043307004,0.131905166965
0.139244375600,-0.058993425050,0.004789137445,0.158472719589
0.136617123300,-0.058674693271,0.004556050228,0.188973839949
0.133989870900,-0.058400178484,0.004377003617,0.155260221072
0.131362618500,-0.058076472283,0.003966252662,0.080662684480
0.128735366200,-0.057849726612,0.003719847618,0.086106349138
0.126108113800,-0.057581313841,0.003618926766,0.103757656627
0.123480861400,-0.057389434090,0.003435400274,0.084882552040
0.120853609000,-0.057323447177,0.003097578633,0.061906478382
0.118226356700,-0.057392591505,0.002796995732,-0.006438207928
0.115599104300,-0.057547099387,0.002557176265,-0.039736130904
0.112971851900,-0.057783195855,0.002422964226,0.026129391050
0.110344599600,-0.058117936129,0.002321692456,0.058233936367
0.107717347200,-0.058436774862,0.002138696672,0.009880289417
0.105090094800,-0.058830865446,0.002078360420,0.037136270413
0.102462842500,-0.059182447534,0.002007646681,0.094905118751
0.099835590100,-0.059613240631,0.002073144858,0.099793294772
0.097208337700,-0.060077848002,0.001832946598,0.110533226080
0.094581085300,-0.060372239423,0.001705684987,0.099029036672
0.091953833000,-0.060695407571,0.001778161485,0.043964663157
0.089326580600,-0.061042427347,0.001858558044,0.019698995094
0.086699328200,-0.061229528441,0.002024136989,0.030513079003
0.084072075900,-0.061530862421,0.002055148909,0.061627365259
0.081444823500,-0.061692637355,0.001799910288,0.080632569725
0.078817571100,-0.061578651422,0.001696809904,0.097041808904
0.076190318700,-0.061482051612,0.001627016279,0.084330423513
0.073563066400,-0.061360534140,0.001649539305,0.024849473599
0.070935814000,-0.061080992450,0.001752029630,-0.009548316847
0.068308561600,-0.060760653318,0.001726355699,0.026238627436
0.065681309300,-0.060510162853,0.001709307362,0.026867745900
0.063054056900,-0.060352039850,0.001692872396,0.068269020260
0.060426804500,-0.060228061833,0.001670991778,0.115625807273
0.057799552100,-0.060230769282,0.001778896896,0.113370135203
0.055172299800,-0.060343544185,0.001780874604,0.110047131701
0.052545047400,-0.060456389499,0.001916307145,0.166844802966
0.049917795000,-0.060711519860,0.001860637577,0.223718893250
0.047290542700,-0.061052809259,0.001828142165,0.162624280651
0.044663290300,-0.061416098185,0.001906157238,0.068156639407
0.042036037900,-0.061710765123,0.001811789473,-0.051354194037
0.039408785500,-0.061972709868,0.001979178942,-0.164207482656
0.036781533200,-0.062440033781,0.002084502637,-0.169137249707
0.034154280800,-0.062755614254,0.002218361682,-0.134576337372
0.031527028400,-0.063108816853,0.002344271090,-0.109630970221
0.028899776100,-0.063431464090,0.002335493667,-0.054153180347
0.026272523700,-0.063306158263,0.002287144312,-0.004898245181
0.023645271300,-0.063121201345,0.002347708523,-0.319085623893
0.021018019000,-0.061684450781,0.002288386407,0.063245572210
0.018390766600,-0.062866562683,0.002325948657,0.388607887498
0.015763514200,-0.063046370174,0.002422403189,0.007579278745
0.013136261800,-0.063351535713,0.002328032409,-0.022125442492
0.010509009500,-0.063446213676,0.002150594641,-0.092915792233
0.007881757100,-0.063449276055,0.002002046218,-0.196434831136
0.005254504700,-0.063196593316,0.001917071104,-0.279933943781
0.002627252400,-0.062318017331,0.001716997931,-1.339247762352
0.000000000000,-0.051358114641,0.001358433331,-2.353637643635
