0.391460603250,0.053923559841,0.000749327480,0.359386913453
0.388833350880,0.056651457257,0.001230051183,0.465286517843
0.386206098510,0.057285916230,0.001616183286,0.168127469303
0.383578846140,0.056624693826,0.001907660133,0.108985327641
0.380951593770,0.055149643663,0.002222626619,0.097423632678
0.378324341400,0.056481240947,0.002216789017,-0.077894667868
0.375697089030,0.057406677812,0.002011927477,0.140510349101
0.373069836660,0.057616091636,0.001736282270,-0.237963263914
0.370442584290,0.058827633752,0.001502495193,-0.281481542691
0.367815331920,0.059126395773,0.001195837284,-0.218520781395
0.365188079550,0.058456898412,0.001184315089,-0.229041581600
0.362560827170,0.059698736970,0.000990843361,-0.079753776531
0.359933574800,0.060699446660,0.000928169339,-0.170103218174
0.357306322430,0.061085526996,0.000935022816,-0.196209659683
0.354679070060,0.061531194955,0.000833408896,-0.084899735257
0.352051817690,0.062062331354,0.000877258140,0.143696755583
0.349424565320,0.062427991494,0.000628215695,0.210140886698
0.346797312950,0.062778057374,0.000310133967,0.150586926600
0.344170060580,0.062876884423,-0.000058914792,0.050738104873
0.341542808210,0.062973140901,-0.000204550071,0.057071722049
0.338915555840,0.062921860400,-0.000275735672,0.062344499926
0.336288303460,0.062576958148,-0.000388076090,-0.045591185781
0.333661051090,0.062319355147,-0.000251360919,-0.085626127435
0.331033798720,0.062213994549,-0.000212163882,-0.034743359459
0.328406546350,0.062083471508,-0.000066541075,-0.019693979212
0.325779293980,0.061829108446,0.000011592649,-0.032917487839
0.323152041610,0.061654134996,0.000094610403,-0.003800413632
0.320524789240,0.061508382728,0.000182227210,0.020893430332
0.317897536870,0.061297487178,0.000248033771,0.072637228277
0.315270284500,0.061125238024,0.000316015397,0.090190103362
0.312643032100,0.061052989573,0.000346868396,0.078984557785
0.310015779800,0.060983464040,0.000335381005,0.096304431738
0.307388527400,0.060929738195,0.000369643405,0.072269717287
0.304761275000,0.060812689258,0.000434311851,0.037098266527
0.302134022600,0.060518122985,0.000458858693,0.015366477585
0.299506770300,0.060293285301,0.000503482943,-0.033785908450
0.296879517900,0.060153720857,0.000568968241,-0.049868121874
0.294252265500,0.060044987495,0.000519222710,0.001452523128
0.291625013200,0.060023162995,0.000447646431,0.048930470139
0.288997760800,0.059981158288,0.000384388614,0.073299926829
0.286370508400,0.060060209631,0.000284596158,0.102193309207
0.283743256000,0.060184873106,0.000321721451,0.142694602257
0.281116003700,0.060388602302,0.000279168558,0.194593796503
0.278488751300,0.060436281087,0.000188923450,0.255111664272
0.275861498900,0.060436512634,0.000301825918,0.259176239182
0.273234246600,0.060448471986,0.000363149869,0.191628610572
0.270606994200,0.060536220722,0.000215207115,0.071233572968
0.267979741800,0.060586224131,0.000079100258,-0.035967424825
0.265352489400,0.060709406233,-0.000184970332,-0.048564728473
0.262725237100,0.060904941163,-0.000237374381,-0.061920909336
0.260097984700,0.061042360430,-0.000185766494,-0.051227052608
0.257470732300,0.061060569241,-0.000066110423,-0.094543179156
0.254843480000,0.061791430969,0.000171796697,0.204512769660
0.252216227600,0.061051931861,0.000128580201,0.242962300676
0.249588975200,0.060979500274,0.000274521218,0.060653428149
0.246961722900,0.060762013303,0.000289731411,0.009589043136
0.244334470500,0.060525961514,0.000409586595,0.005023170012
0.241707218100,0.060253559792,0.000453550336,0.010720242900
0.239079965700,0.059944724317,0.000545248448,0.024839319720
0.236452713400,0.059736791815,0.000431082672,0.024527672855
0.233825461000,0.059565710001,0.000369849646,-0.033189075543
0.231198208600,0.059429435882,0.000394909667,-0.059511596468
0.228570956300,0.059327314923,0.000351240623,-0.056330213797
0.225943703900,0.059220049933,0.000359793270,-0.057519407682
0.223316451500,0.059282484391,0.000424399108,-0.052112199473
0.220689199100,0.059292907254,0.000444977955,-0.054241668380
0.218061946800,0.059232459570,0.000385736779,-0.062136541027
0.215434694400,0.059034414338,0.000350894874,-0.025209672891
0.212807442000,0.058811247180,0.000414041930,0.007095849197
0.210180189700,0.058460332149,0.000533271810,0.045846859283
0.207552937300,0.058152778346,0.000562457467,0.071391866363
0.204925684900,0.057992816642,0.000646512296,0.053659840117
0.202298432500,0.057921612720,0.000801679759,0.066033898600
0.199671180200,0.057884645557,0.000890180807,0.067768200270
0.197043927800,0.057955073940,0.000995375467,0.029699365161
0.194416675400,0.058091709011,0.001126690114,0.012197256345
0.191789423100,0.057703596298,0.001240887005,0.035245899584
0.189162170700,0.058427235031,0.001456999256,0.044765252271
0.186534918300,0.058425488567,0.001524114380,0.043238762196
0.183907666000,0.058454427613,0.001606702962,0.043614843912
0.181280413600,0.058543734637,0.001716259198,0.061545901636
0.178653161200,0.058626503876,0.001855365052,0.039389388056
0.176025908800,0.058808673231,0.001858398146,0.026680064769
0.173398656500,0.058888901783,0.001983733239,0.084500228248
0.170771404100,0.058929813365,0.002124895445,0.105299170528
0.168144151700,0.058821805469,0.002333557423,0.079255620994
0.165516899400,0.058761424838,0.002551701218,0.059736141256
0.162889647000,0.058691959076,0.002577952522,0.016793493319
0.160262394600,0.058559229771,0.002669249916,0.040625226258
0.157635142200,0.058493513578,0.002657068003,0.070782954488
0.155007889900,0.058410642396,0.002690702591,0.051610273808
0.152380637500,0.058259886688,0.002710630551,-0.000542076428
0.149753385100,0.058160285308,0.002650600674,-0.003847104371
0.147126132800,0.058206890066,0.002669506499,-0.016924326303
0.144498880400,0.058375467119,0.002601431728,-0.060707621449
0.141871628000,0.058692342957,0.002506881946,-0.077544500660
0.139244375600,0.059033445136,0.002407654010,-0.040118974616
0.136617123300,0.059437985608,0.002263912900,-0.010513224135
0.133989870900,0.059930881324,0.002128090746,-0.025473982479
0.131362618500,0.060525509758,0.002063440413,-0.040405504678
0.128735366200,0.060924629419,0.001828726229,-0.028733699081
0.126108113800,0.061137832483,0.001673689465,-0.032792247511
0.123480861400,0.061231920506,0.001654997155,0.026934249324
0.120853609000,0.061263527760,0.001717137257,0.095967460838
0.118226356700,0.061130588282,0.001803701070,0.060341650442
0.115599104300,0.060888358396,0.001845749626,0.074880046702
0.112971851900,0.060518861338,0.001682535113,0.126534958825
0.110344599600,0.059974413196,0.001640136269,0.126454270425
0.107717347200,0.059441616389,0.001632643642,0.151026171815
0.105090094800,0.058880644186,0.001379340951,0.124195369226
0.102462842500,0.058385204159,0.001200953605,0.078972625559
0.099835590100,0.058095723509,0.001159381754,0.043213111535
0.097208337700,0.057702493124,0.001087967047,-0.011389543317
0.094581085300,0.057201946270,0.000992615233,-0.050720826383
0.091953833000,0.056825649328,0.000944063957,-0.068239952983
0.089326580600,0.056490386504,0.000732424859,-0.039213094115
0.086699328200,0.056357311945,0.000549189559,0.000677976423
0.084072075900,0.056468596836,0.000466716110,0.076777743000
0.081444823500,0.056602506829,0.000445118986,0.090242466611
0.078817571100,0.056908051071,0.000492425221,0.013190488183
0.076190318700,0.057098355843,0.000634708666,-0.088539586226
0.073563066400,0.057221497687,0.000606309596,-0.128355372674
0.070935814000,0.057478279659,0.000559667925,-0.096959683638
0.068308561600,0.057805267409,0.000534331184,-0.074932637819
0.065681309300,0.058082792182,0.000806205040,-0.039450871751
0.063054056900,0.058111574601,0.000961950842,0.004640794822
0.060426804500,0.058040767158,0.001148977440,0.020683317490
0.057799552100,0.057797582342,0.001195317340,-0.018021430703
0.055172299800,0.057438104749,0.001145333507,-0.035452998763
0.052545047400,0.057020155534,0.000992079066,-0.066131401780
0.049917795000,0.056501961502,0.000948483985,-0.002698014896
0.047290542700,0.055995452818,0.001050247637,0.053539052918
0.044663290300,0.055517178323,0.001109889768,0.010749976174
0.042036037900,0.055095135468,0.001199181103,0.022902447851
0.039408785500,0.054710411113,0.001425082195,0.081812691838
0.036781533200,0.054336525366,0.001503914156,0.024318770977
0.034154280800,0.054374860293,0.001522607583,-0.011581893064
0.031527028400,0.054422114796,0.001674224097,0.021862106464
0.028899776100,0.054481231719,0.001703381294,-0.019893012816
0.026272523700,0.054808216113,0.001416750946,-0.042503832366
0.023645271300,0.054017211642,0.001040696076,0.001770919448
0.021018019000,0.055063673000,0.000980327470,0.033628219177
0.018390766600,0.054868172246,0.000959711786,-0.029839947530
0.015763514200,0.054952738271,0.000986574094,-0.065133733260
0.013136261800,0.055153563506,0.001043012785,0.052002848972
0.010509009500,0.055229695621,0.001104065386,0.121034023074
0.007881757100,0.055212561830,0.001008691589,0.068365280932
0.005254504700,0.055457314333,0.000951874955,0.082589402416
0.002627252400,0.055964848810,0.000903625374,0.750631477309
0.000000000000,0.049674621878,0.000621151533,1.390583803730
