0.391460603250,0.004402985690,0.001011414191,-0.036520862481
0.388833350880,0.003708207177,0.001034838636,-0.165434493937
0.386206098510,0.003575849119,0.001192293411,-0.350355273186
0.383578846140,0.004157858897,0.001554217424,-0.135299218878
0.380951593770,0.003208478509,0.001846278742,0.057400389667
0.378324341400,0.003928905267,0.001992616690,-0.060808327466
0.375697089030,0.005037534262,0.002310390101,-0.060680313356
0.373069836660,0.004399434354,0.002301896079,0.094155365022
0.370442584290,0.004019233552,0.002294639851,-0.095739144924
0.367815331920,0.005209717164,0.002446927433,-0.040985907622
0.365188079550,0.004943858956,0.002452815927,-0.001336091658
0.362560827170,0.005739097630,0.002590814872,-0.152195827198
0.359933574800,0.006194826525,0.002821765939,0.129019339411
0.357306322430,0.006843118680,0.002906284407,-0.232590460344
0.354679070060,0.007193823930,0.002702338454,-0.347848496111
0.352051817690,0.007421394067,0.002829758548,0.011937788374
0.349424565320,0.007621495928,0.002786892792,-0.036390595410
0.346797312950,0.007834631429,0.002750433902,-0.110640120571
0.344170060580,0.007987203612,0.002720461916,-0.120122802090
0.341542808210,0.008039065232,0.002907421721,0.020891859560
0.338915555840,0.008158757571,0.002932223608,0.014283897477
0.336288303460,0.008161103809,0.002957097578,0.012269995188
0.333661051090,0.008142616783,0.003026515621,0.007824906776
0.331033798720,0.008033754257,0.003169215285,0.045100931990
0.328406546350,0.007956904798,0.003281443867,0.034734231077
0.325779293980,0.007810786218,0.003287252716,-0.009556964651
0.323152041610,0.007580211047,0.003329838688,0.011002836361
0.320524789240,0.007380897487,0.003384166489,0.038165482653
0.317897536870,0.007261879065,0.003332968527,0.089741924518
0.315270284500,0.007169341673,0.003335599363,0.107905448156
0.312643032100,0.007014401397,0.003248712139,0.111873151745
0.310015779800,0.006906356826,0.003061124428,0.128038796621
0.307388527400,0.006839277776,0.002880201834,0.103341389492
0.304761275000,0.006731940798,0.002847416460,0.070852995553
0.302134022600,0.006622479663,0.002766840153,0.022347911144
0.299506770300,0.006597473734,0.002491309583,0.020787365964
0.296879517900,0.006638949355,0.002358977327,0.031945764791
0.294252265500,0.006679331517,0.002356254097,0.019309536732
0.291625013200,0.006683435616,0.002458595942,0.011505344704
0.288997760800,0.006893979359,0.002454824332,0.020698037933
0.286370508400,0.007113234256,0.002713529761,0.058672127893
0.283743256000,0.007184519274,0.002729086988,0.041151253893
0.281116003700,0.007346572464,0.002814509784,0.057490459680
0.278488751300,0.007607705116,0.002849979915,0.062469655927
0.275861498900,0.007779518045,0.002872914154,0.047576278453
0.273234246600,0.007934454496,0.002828071942,0.028421125925
0.270606994200,0.007905334847,0.002841507984,0.017917672812
0.267979741800,0.007855265269,0.002858393031,0.000084597976
0.265352489400,0.007833831382,0.002762124228,0.028452743812
0.262725237100,0.007824641987,0.002650295156,0.034268952137
0.260097984700,0.007769619521,0.002532858806,0.061212465946
0.257470732300,0.007620944624,0.002316803387,0.089602348576
0.254843480000,0.007353960447,0.002084473946,0.082698364830
0.252216227600,0.007046712525,0.002017535713,0.092039540747
0.249588975200,0.006698143528,0.001966310082,0.073375194141
0.246961722900,0.006436944106,0.001814026420,0.060477147274
0.244334470500,0.006138140922,0.001765870241,0.093694521106
0.241707218100,0.006017981565,0.001565165919,0.081232305153
0.239079965700,0.005974544231,0.001248456045,0.050563280131
0.236452713400,0.005882933462,0.000984927782,-0.015197543407
0.233825461000,0.005731126011,0.000827284295,-0.033707890535
0.231198208600,0.005518280440,0.000631118580,-0.024926343806
0.228570956300,0.005291680921,0.000436328688,-0.042089636963
0.225943703900,0.005125776354,0.000343701682,-0.023716934757
0.223316451500,0.004876916266,0.000292864791,0.005114502756
0.220689199100,0.004582896826,0.000432449389,0.037342700077
0.218061946800,0.004210842300,0.000414120936,0.102405947719
0.215434694400,0.003804508318,0.000400971736,0.165894387290
0.212807442000,0.003432639659,0.000521961063,0.202854085448
0.210180189700,0.002984767315,0.000580731032,0.202775177668
0.207552937300,0.002601433809,0.000519329509,0.212701223814
0.204925684900,0.002461863761,0.000479294268,0.161864531964
0.202298432500,0.002405260985,0.000528215193,0.124001922581
0.199671180200,0.002380232139,0.000771904798,0.135385477756
0.197043927800,0.002342042819,0.001052023366,0.141076664311
0.194416675400,0.002311875456,0.001210902501,0.128104785074
0.191789423100,0.002436443509,0.001475141944,0.401231715458
0.189162170700,0.001216520517,0.001556927209,0.032528531558
0.186534918300,0.002932659693,0.001928086766,-0.175672855433
0.183907666000,0.003007416937,0.002056725429,0.058336883100
0.181280413600,0.003122138537,0.002108643012,0.051255309453
0.178653161200,0.003193427472,0.002188164444,0.074379217842
0.176025908800,0.003287897336,0.002278158270,0.095733703849
0.173398656500,0.003293608799,0.002359473686,0.127703919910
0.170771404100,0.003312465591,0.002357880435,0.113028679831
0.168144151700,0.003250693372,0.002334053175,0.078297484522
0.165516899400,0.003170550471,0.002448786079,0.013349579583
0.162889647000,0.003135836445,0.002497029038,-0.047485514365
0.160262394600,0.003205880079,0.002625704276,-0.030196444163
0.157635142200,0.003240936060,0.002625468998,0.034585864139
0.155007889900,0.003279443670,0.002580287034,0.092737912808
0.152380637500,0.003305419264,0.002554737524,0.130233703057
0.149753385100,0.003453287784,0.002423523061,0.403018864352
0.147126132800,0.002381096604,0.002229010568,0.133279201186
0.144498880400,0.003978082216,0.002241812503,-0.129960875724
0.141871628000,0.004260369332,0.002200226300,0.006151334274
0.139244375600,0.004635165579,0.002050321525,-0.089443198167
0.136617123300,0.005097476540,0.001845175997,-0.058937367786
0.133989870900,0.005611173527,0.001653760289,-0.031684371900
0.131362618500,0.006051006876,0.001539405256,-0.077817765323
0.128735366200,0.006320608384,0.001349429269,-0.088484628555
0.126108113800,0.006481327170,0.001196402182,-0.118103600846
0.123480861400,0.006554852560,0.000920589222,-0.180137439957
0.120853609000,0.006521172542,0.000651475055,-0.182463742099
0.118226356700,0.006370989549,0.000502908142,-0.105482379198
0.115599104300,0.006190685518,0.000377028407,-0.005887778219
0.112971851900,0.005795657102,0.000240655674,0.066087091358
0.110344599600,0.005352780778,0.000157183405,0.106297802672
0.107717347200,0.004986615670,0.000122393407,0.100292331452
0.105090094800,0.004617347982,0.000236123525,0.057295735349
0.102462842500,0.004318594205,0.000290217175,-0.000141979812
0.099835590100,0.003982783360,0.000345562035,-0.034503113135
0.097208337700,0.003579020717,0.000274871293,-0.051660612602
0.094581085300,0.003106032748,0.000324959669,-0.043637851445
0.091953833000,0.002594920638,0.000429561390,-0.018469193209
0.089326580600,0.002246358509,0.000468243928,0.010188018569
0.086699328200,0.002009573205,0.000441700205,0.085544951255
0.084072075900,0.001971245134,0.000228350438,0.180891812906
0.081444823500,0.002129516518,-0.000123891862,0.157839041570
0.078817571100,0.002308160443,-0.000227061620,0.089587320424
0.076190318700,0.002559027604,-0.000116407412,0.028424474433
0.073563066400,0.002703227807,0.000058882732,-0.028565502958
0.070935814000,0.003032949876,0.000245998140,0.001061378082
0.068308561600,0.003272075153,0.000259173438,0.030839367350
0.065681309300,0.003364608710,0.000257749302,0.016183201761
0.063054056900,0.003187744591,0.000462636624,0.046355250024
0.060426804500,0.003019646026,0.000554747071,0.060694772302
0.057799552100,0.002760127506,0.000556853878,0.118099609191
0.055172299800,0.002346784072,0.000449318664,0.147743639322
0.052545047400,0.001927715723,0.000382692886,0.085023390154
0.049917795000,0.001481950353,0.000446016694,0.053329759909
0.047290542700,0.000996770100,0.000631303330,0.084717276339
0.044663290300,0.000752752350,0.000956966036,0.044854432202
0.042036037900,0.000480548456,0.001259775338,-0.030534124558
0.039408785500,0.000165480444,0.001593913679,-0.064109514256
0.036781533200,-0.000126746997,0.001792346247,-0.093993231491
0.034154280800,-0.000303482182,0.001635326541,-0.069965843583
0.031527028400,-0.000302205169,0.001628811746,-0.033936691951
0.028899776100,-0.000283098912,0.001350378564,-0.025300658210
0.026272523700,-0.000263343532,0.001280134112,-0.012293680339
0.023645271300,-0.000041053715,0.000990601153,-0.057553160824
0.021018019000,-0.000096105344,0.000807438878,-0.121150340591
0.018390766600,-0.000358027180,0.000909825417,-0.136856583403
0.015763514200,-0.000432892115,0.001004050866,-0.151844774200
0.013136261800,-0.000613863355,0.000841632272,-0.084949617613
0.010509009500,-0.000402126229,0.001028907454,-0.018866637635
0.007881757100,-0.000025278508,0.000974020306,-0.027784574406
0.005254504700,0.000255363355,0.000884995961,0.015255769724
0.002627252400,0.000732414311,0.000721086189,1.308326790358
0.000000000000,0.001239959970,0.000402012653,2.544243346963
