0.391460603250,-0.032523896334,-0.000771360440,1.461417771270
0.388833350880,-0.034792246478,-0.000795895814,1.056745434542
0.386206098510,-0.035211358089,-0.000514321895,0.286446473189
0.383578846140,-0.035146252821,-0.000046634810,-0.181220288378
0.380951593770,-0.035427259813,0.000188228822,0.026854790073
0.378324341400,-0.037078682525,0.000621236552,0.258404151787
0.375697089030,-0.037380601285,0.000506159318,0.122208785172
0.373069836660,-0.037444189168,0.000256564775,0.153007932494
0.370442584290,-0.037074338788,0.000064840516,-0.307570732445
0.367815331920,-0.036759583979,0.000038324389,0.246079961993
0.365188079550,-0.037049690148,0.000049421176,0.663652906610
0.362560827170,-0.036800291041,-0.000087564750,0.018886581450
0.359933574800,-0.036595112970,-0.000153200888,-0.094629341101
0.357306322430,-0.036398204472,-0.000347185534,-0.144754259180
0.354679070060,-0.036127567169,-0.000475814563,-0.037989738233
0.352051817690,-0.036052288163,-0.000484742450,0.038113214978
0.349424565320,-0.036108615892,-0.000531671737,0.041340050359
0.346797312950,-0.036287495627,-0.000701516612,0.075912900291
0.344170060580,-0.036581835960,-0.000852405601,0.099626171449
0.341542808210,-0.036869395066,-0.000799762406,0.059960908055
0.338915555840,-0.037122529313,-0.000754261374,0.049764259471
0.336288303460,-0.037404703496,-0.000667892235,0.017482777927
0.333661051090,-0.037595963432,-0.000511199257,0.056693565541
0.331033798720,-0.037867936400,-0.000394848942,0.103863298870
0.328406546350,-0.038048661817,-0.000220187614,0.070756833807
0.325779293980,-0.038152426980,0.000110401916,0.030734579266
0.323152041610,-0.038314921005,0.000283359294,0.053079078060
0.320524789240,-0.038436456292,0.000359428278,0.036646330526
0.317897536870,-0.038644620500,0.000661286757,-0.030070116728
0.315270284500,-0.038918512705,0.000845816185,-0.074258709719
0.312643032100,-0.039140662634,0.000927140084,-0.099672744532
0.310015779800,-0.039392371063,0.001121419729,-0.078938195744
0.307388527400,-0.039590090510,0.001298720304,-0.090238540685
0.304761275000,-0.039782743361,0.001456740940,-0.059194526554
0.302134022600,-0.039802885702,0.001717781391,-0.004869866517
0.299506770300,-0.039806084425,0.002094778607,-0.030083766020
0.296879517900,-0.039820795187,0.002509420170,-0.025245946473
0.294252265500,-0.039845658486,0.002873059819,0.027022506006
0.291625013200,-0.039790508690,0.003192925404,0.045785936706
0.288997760800,-0.039648995397,0.003283938888,0.059587389766
0.286370508400,-0.039531970284,0.003439417401,0.167779288635
0.283743256000,-0.039659803876,0.003457951667,0.232992039186
0.281116003700,-0.039938341510,0.003445438731,0.207521656596
0.278488751300,-0.040096347313,0.003439979034,0.177047566249
0.275861498900,-0.040161240670,0.003406539375,0.141903914247
0.273234246600,-0.040160674601,0.003163883925,0.115282629146
0.270606994200,-0.040177020116,0.003020016819,0.111360126529
0.267979741800,-0.040092883042,0.002931277267,0.088636028643
0.265352489400,-0.039894456530,0.002785836077,0.075712624350
0.262725237100,-0.039639673606,0.002768800894,0.043315954235
0.260097984700,-0.039551123534,0.002835776519,-0.014455491373
0.257470732300,-0.039366920553,0.002857489128,-0.121671269984
0.254843480000,-0.039027112313,0.002914266180,-0.183837228668
0.252216227600,-0.038723167615,0.003087270966,-0.159624759642
0.249588975200,-0.038477480393,0.003203795018,-0.123981502311
0.246961722900,-0.038316516975,0.003152922264,-0.024192263532
0.244334470500,-0.038270102098,0.003189616820,0.091379884547
0.241707218100,-0.038250149073,0.002939383269,0.145557582968
0.239079965700,-0.038036395477,0.002626636311,0.120099292412
0.236452713400,-0.037901504257,0.002368233463,0.047529340510
0.233825461000,-0.037970838873,0.002219579903,-0.023574333867
0.231198208600,-0.038072122179,0.002049466876,-0.009001803430
0.228570956300,-0.038274966476,0.001827552621,0.052988444199
0.225943703900,-0.038517358403,0.001808880066,0.106107577929
0.223316451500,-0.038834554696,0.001739477606,0.077947506848
0.220689199100,-0.039030900627,0.001520114145,0.054609338839
0.218061946800,-0.039246097070,0.001337886615,0.084859618542
0.215434694400,-0.039396372332,0.001108979799,0.085234013549
0.212807442000,-0.039397171398,0.001008354522,0.061501341972
0.210180189700,-0.039312289487,0.000970470424,0.003006924396
0.207552937300,-0.039046224319,0.001153568580,-0.015725757832
0.204925684900,-0.038633798700,0.001306937578,0.009327694794
0.202298432500,-0.038175317110,0.001491448960,0.006933903548
0.199671180200,-0.037968695636,0.001739481910,-0.013928695121
0.197043927800,-0.037975268708,0.002036400366,-0.048922992655
0.194416675400,-0.038072309251,0.002318869665,-0.086583512295
0.191789423100,-0.038204856364,0.002619092469,-0.068044134259
0.189162170700,-0.038262851606,0.002803808337,-0.022445699924
0.186534918300,-0.038452796371,0.003001217340,-0.005636477209
0.183907666000,-0.038615375869,0.003010755517,0.000629425006
0.181280413600,-0.038556035163,0.003199231912,0.068214851870
0.178653161200,-0.038569157825,0.003494059115,0.173357577347
0.176025908800,-0.038664186231,0.003647589401,0.247936265375
0.173398656500,-0.038708360870,0.003989736689,0.282479639465
0.170771404100,-0.038676521224,0.004418454897,0.293187549898
0.168144151700,-0.038734933834,0.004673171905,0.307050133686
0.165516899400,-0.038857515670,0.004826704899,0.385405264696
0.162889647000,-0.038866835518,0.004981500885,0.478288197464
0.160262394600,-0.038844995717,0.005019978616,0.446241067484
0.157635142200,-0.038774022090,0.004806511895,0.307398879701
0.155007889900,-0.038628834659,0.004747839425,0.170548896878
0.152380637500,-0.038325515885,0.004728524588,0.080753662504
0.149753385100,-0.038019367526,0.004633579854,0.052171770435
0.147126132800,-0.037751316386,0.004639242530,0.045810385550
0.144498880400,-0.037698368209,0.004717492118,-0.000920490267
0.141871628000,-0.037703467008,0.004647259647,-0.060568858070
0.139244375600,-0.037767813789,0.004623983549,-0.141811280419
0.136617123300,-0.037905837121,0.004788192817,-0.209607260405
0.133989870900,-0.038024855458,0.004951780319,-0.132828864523
0.131362618500,-0.038268667500,0.005035915451,-0.074233894158
0.128735366200,-0.038504052432,0.005109009350,-0.072040528790
0.126108113800,-0.038524213011,0.005269964737,-0.075917252734
0.123480861400,-0.038639001216,0.005396215347,-0.048163469948
0.120853609000,-0.038817699658,0.005452593010,0.024497974788
0.118226356700,-0.038987692418,0.005693338996,0.065747811291
0.115599104300,-0.039110175684,0.005942829270,0.047733520029
0.112971851900,-0.039266888519,0.006033282315,0.046502490637
0.110344599600,-0.039436916519,0.006098040965,0.004903587392
0.107717347200,-0.039586485959,0.005918128399,0.002179350964
0.105090094800,-0.039563102757,0.005911851229,0.047970785182
0.102462842500,-0.039276446814,0.005902118801,0.075472307007
0.099835590100,-0.038900429080,0.005909857973,0.062771250883
0.097208337700,-0.038692768336,0.005961260938,-0.017808233328
0.094581085300,-0.038623485100,0.006001795134,-0.015294975661
0.091953833000,-0.038528233982,0.006084798526,-0.100649935332
0.089326580600,-0.038588823866,0.006200186141,-0.177402430396
0.086699328200,-0.038769505238,0.006352491824,-0.169201703097
0.084072075900,-0.038969936947,0.006466819862,-0.205467661058
0.081444823500,-0.039206116033,0.006350237459,-0.230329378184
0.078817571100,-0.039547971287,0.006202082115,-0.199739816221
0.076190318700,-0.039706523054,0.006050521580,-0.135587171071
0.073563066400,-0.039700924660,0.005801573663,-0.071620488841
0.070935814000,-0.039814319305,0.005446866940,0.034638762093
0.068308561600,-0.039817329239,0.005272548863,0.132186581135
0.065681309300,-0.039795164278,0.005375936730,0.221275576061
0.063054056900,-0.039895568455,0.005447703613,0.229013002157
0.060426804500,-0.040252379901,0.005337022869,0.287271172948
0.057799552100,-0.040670838323,0.005401086908,0.313843405599
0.055172299800,-0.040976525898,0.005353982935,0.296982177422
0.052545047400,-0.041277366753,0.005268200793,0.253580424782
0.049917795000,-0.041464079107,0.005192531562,0.164276701129
0.047290542700,-0.041620899571,0.005303152043,0.105570934913
0.044663290300,-0.041872671024,0.005376858007,0.091007677777
0.042036037900,-0.042058287528,0.005369094516,0.125470524749
0.039408785500,-0.042310618048,0.005066308355,0.157569621366
0.036781533200,-0.042495807704,0.004774132701,0.126205182651
0.034154280800,-0.042700309641,0.004688911112,0.041829667797
0.031527028400,-0.042976721361,0.004591496156,0.006118228169
0.028899776100,-0.043284132269,0.004590704451,-0.001368702323
0.026272523700,-0.043662303156,0.004782322576,-0.309153896653
0.023645271300,-0.044037827711,0.004346729652,-0.138870488855
0.021018019000,-0.044445137353,0.004368882636,0.230307392010
0.018390766600,-0.044838456662,0.004560553625,0.054181893896
0.015763514200,-0.045331082221,0.004533374554,-0.015214720656
0.013136261800,-0.045539218303,0.004366597860,-0.032102390333
0.010509009500,-0.045422160410,0.004140172893,-0.030522086070
0.007881757100,-0.045065365559,0.003972479760,0.036122385449
0.005254504700,-0.044773217082,0.003785537990,0.116729913660
0.002627252400,-0.043889839761,0.003387892960,-0.507212471146
0.000000000000,-0.037707516212,0.002740793391,-1.144412483960
