0.391460603250,0.005726061337,0.000309119732,-0.447896296256
0.388833350880,0.007439275509,0.000770318813,-0.496080766349
0.386206098510,0.007301395757,0.001042407579,-0.087585840542
0.383578846140,0.006529022203,0.001297410505,0.218245917116
0.380951593770,0.006547292532,0.001578914791,-0.225869911848
0.378324341400,0.006837408682,0.001424635653,-0.308069189010
0.375697089030,0.006949978577,0.001338715795,-0.079438155591
0.373069836660,0.006809893245,0.001454422493,-0.391495232990
0.370442584290,0.008076832352,0.001740235443,-0.320050206929
0.367815331920,0.008193686245,0.001947104874,0.190545272986
0.365188079550,0.008552226095,0.002118593620,-0.072900774874
0.362560827170,0.009077968648,0.002129371343,-0.385176965894
0.359933574800,0.009580459075,0.002260853813,-0.240571421938
0.357306322430,0.010036127202,0.002358575817,-0.157872916335
0.354679070060,0.010589461259,0.002560783600,-0.069131261839
0.352051817690,0.010697953558,0.002542541873,-0.016594257045
0.349424565320,0.010788909126,0.002538426724,0.000132335860
0.346797312950,0.010900087633,0.002679836810,-0.027241986557
0.344170060580,0.011011352277,0.002664652033,-0.080808210966
0.341542808210,0.010479083502,0.002720746035,-0.066305644862
0.338915555840,0.011142837398,0.002811087858,-0.029399230851
0.336288303460,0.011001373685,0.002908963625,-0.024037281835
0.333661051090,0.011011680343,0.002974751531,-0.000200648780
0.331033798720,0.011016140773,0.003155196958,0.054974670696
0.328406546350,0.010936153052,0.003271936861,0.066879343323
0.325779293980,0.010779345282,0.003326547085,0.085817632669
0.323152041610,0.010548425374,0.003413026485,0.102309704395
0.320524789240,0.010456594763,0.003531704966,0.120923585934
0.317897536870,0.010340357350,0.003504927133,0.112126902269
0.315270284500,0.010122747670,0.003472321261,0.083417217639
0.312643032100,0.009945110892,0.003417442879,0.080853300435
0.310015779800,0.009922482190,0.003411159475,0.045301066474
0.307388527400,0.009989012585,0.003428214797,-0.019049189554
0.304761275000,0.010079788629,0.003425156447,-0.037137088619
0.302134022600,0.010088144943,0.003373506752,-0.010827394302
0.299506770300,0.010010942079,0.003343783192,0.050252235781
0.296879517900,0.009980226246,0.003359102661,0.053648195222
0.294252265500,0.009893462786,0.003353041751,0.054443966269
0.291625013200,0.009769844898,0.003366141971,0.073780993133
0.288997760800,0.009801383806,0.003398026036,0.030716371024
0.286370508400,0.010000889104,0.003323562224,-0.001511123434
0.283743256000,0.010210738801,0.003220957280,0.032893250556
0.281116003700,0.010431839086,0.003150359387,0.049628124174
0.278488751300,0.010585450075,0.003223856801,0.029083775429
0.275861498900,0.010775290398,0.003226101135,0.040314626600
0.273234246600,0.011034124079,0.003197999710,0.064297141606
0.270606994200,0.011221707624,0.003197833359,0.084050838078
0.267979741800,0.011334679917,0.003260318630,0.083503985559
0.265352489400,0.011398882059,0.003268092351,0.085981538796
0.262725237100,0.011484454152,0.003236511430,0.142453674736
0.260097984700,0.011633299616,0.003160613492,0.142982389078
0.257470732300,0.011718329585,0.003122861353,0.068553320876
0.254843480000,0.011653315872,0.003160334325,0.026692663477
0.252216227600,0.011488783613,0.003041066763,0.005627642481
0.249588975200,0.011159111210,0.002854337881,-0.003682271776
0.246961722900,0.010617193185,0.002716538841,-0.016012283514
0.244334470500,0.010018781753,0.002663175333,-0.034826909486
0.241707218100,0.009613213449,0.002536165854,-0.073857895287
0.239079965700,0.009145914394,0.002459730721,-0.110795440633
0.236452713400,0.008557643165,0.002255777596,-0.136301673561
0.233825461000,0.008322942322,0.001890426334,-0.105801898713
0.231198208600,0.008190307599,0.001621690786,-0.020093970492
0.228570956300,0.008033141792,0.001404148289,0.028813430326
0.225943703900,0.008026477110,0.001186176398,0.049124069081
0.223316451500,0.008088273531,0.001025634647,0.085036470756
0.220689199100,0.008113603204,0.000848709042,0.078462202729
0.218061946800,0.008104900234,0.000748180266,0.047647817078
0.215434694400,0.008031645924,0.000564966328,0.005557277955
0.212807442000,0.007976253017,0.000359420269,0.024782210614
0.210180189700,0.007927773514,0.000301780631,0.151143141400
0.207552937300,0.007754356915,0.000205342438,0.213411106102
0.204925684900,0.007321343028,0.000147286239,0.222598634311
0.202298432500,0.006835730952,0.000254474126,0.223115000804
0.199671180200,0.006377215760,0.000396209509,0.181101867910
0.197043927800,0.006056172719,0.000554419751,0.200051635484
0.194416675400,0.005900490335,0.000660713468,0.198595547814
0.191789423100,0.005759275944,0.000782889235,0.168631182380
0.189162170700,0.005764881882,0.000926188721,0.179181955489
0.186534918300,0.005808268521,0.001058965191,0.185302595694
0.183907666000,0.006014816135,0.001197961470,0.186620459794
0.181280413600,0.006332737873,0.001354847892,0.154710272448
0.178653161200,0.006615681282,0.001625087742,0.095059350164
0.176025908800,0.006810454080,0.001895350582,0.068674106552
0.173398656500,0.006927401748,0.002155162557,0.063539130496
0.170771404100,0.007061440425,0.002402283903,0.024812127560
0.168144151700,0.007099628534,0.002756155357,-0.006873976184
0.165516899400,0.007158502088,0.002969469922,0.004412366243
0.162889647000,0.007221910944,0.003112511017,0.047727044324
0.160262394600,0.007258207095,0.003068209650,0.061148252622
0.157635142200,0.007214920799,0.002997164246,0.027023943514
0.155007889900,0.007145452886,0.002952017856,0.006439081723
0.152380637500,0.007066134622,0.003054491971,0.011671154048
0.149753385100,0.006938867761,0.003041838162,0.048087532066
0.147126132800,0.006784430058,0.003133972536,0.099374661631
0.144498880400,0.006702105846,0.003178861804,0.107748089455
0.141871628000,0.006498631842,0.003148865394,0.081023207413
0.139244375600,0.006427248309,0.003078391068,0.047412228814
0.136617123300,0.006529611071,0.003077296646,0.061184863450
0.133989870900,0.006694304553,0.003067447004,0.080238710887
0.131362618500,0.006802354176,0.002891500103,0.046879192459
0.128735366200,0.007054037449,0.002542532421,0.016057780010
0.126108113800,0.007515323208,0.002209372462,0.055859846781
0.123480861400,0.007841951355,0.001928530613,0.072451713133
0.120853609000,0.008156159184,0.001574141966,0.044080372352
0.118226356700,0.008498337009,0.001262800008,-0.017902431848
0.115599104300,0.008489869781,0.001174541693,-0.022836772400
0.112971851900,0.008307420568,0.001057476115,0.025164374972
0.110344599600,0.008096320404,0.000819129099,0.106250922742
0.107717347200,0.007768151489,0.000621090019,0.109933416213
0.105090094800,0.007530598994,0.000589426325,0.041930472809
0.102462842500,0.007285351684,0.000518895599,-0.015474462044
0.099835590100,0.006966372414,0.000419568026,-0.035221040888
0.097208337700,0.006701429594,0.000179661840,-0.023887676109
0.094581085300,0.006408772341,0.000154985711,0.040414134248
0.091953833000,0.006001662523,-0.000079045258,0.084822006674
0.089326580600,0.005646660907,-0.000285308827,0.131339508187
0.086699328200,0.005294172401,-0.000193787763,0.184072846271
0.084072075900,0.005319134663,-0.000362942582,0.148685697406
0.081444823500,0.005223446768,-0.000517598718,0.131736473968
0.078817571100,0.005181342919,-0.000591577027,0.073874103283
0.076190318700,0.005085236794,-0.000576963082,0.020352481733
0.073563066400,0.004892647738,-0.000600789767,-0.019653859408
0.070935814000,0.004920680458,-0.000836693619,0.007326623181
0.068308561600,0.005143128449,-0.001053420789,0.076783091798
0.065681309300,0.005324032261,-0.001051800521,0.096110224486
0.063054056900,0.005451905363,-0.000947795582,0.071028028530
0.060426804500,0.005853355030,-0.000828200198,0.074287057984
0.057799552100,0.006247406098,-0.000766419493,0.114419240239
0.055172299800,0.006333788303,-0.000606210259,0.128339968453
0.052545047400,0.006177380594,-0.000590924191,0.165908301399
0.049917795000,0.005878274194,-0.000630563026,0.212227616028
0.047290542700,0.005431149559,-0.000538385273,0.209252804982
0.044663290300,0.005041395263,-0.000452912026,0.127525119103
0.042036037900,0.004708829457,-0.000393663166,0.009713238479
0.039408785500,0.004292549981,-0.000415677351,-0.092357827190
0.036781533200,0.003933746356,-0.000200280997,-0.216590866382
0.034154280800,0.003576327900,-0.000069021389,-0.240704793678
0.031527028400,0.003439642073,-0.000063055550,-0.174793725482
0.028899776100,0.003267083664,0.000061188764,-0.084218023375
0.026272523700,0.003075187456,0.000104876095,0.027576030000
0.023645271300,0.002531126201,0.000048602550,0.297684884488
0.021018019000,0.002117729532,0.000084826982,0.067167161336
0.018390766600,0.002892582871,0.000209309040,-0.106391058021
0.015763514200,0.002776929347,0.000379647142,0.174151265318
0.013136261800,0.002700647456,0.000501640801,0.020644279182
0.010509009500,0.002753618587,0.000432826981,-0.139903543352
0.007881757100,0.002738309524,0.000305258424,-0.234012500731
0.005254504700,0.002973787789,0.000339797677,-0.139302392145
0.002627252400,0.003418605372,0.000302994323,1.381341456595
0.000000000000,0.003631175483,-0.000063084040,2.724476339213
