0.391460603250,-0.026649939548,-0.000727759144,0.843246339429
0.388833350880,-0.026378913493,-0.000933840518,0.664705491003
0.386206098510,-0.027554265124,-0.001107741585,-0.082318751194
0.383578846140,-0.026623323727,-0.000539642940,0.001187939616
0.380951593770,-0.028187692908,-0.000132658296,0.335320029719
0.378324341400,-0.028622095527,0.000109758176,0.125582544578
0.375697089030,-0.027748973754,0.000336232810,0.140764054246
0.373069836660,-0.028919043074,0.000378876368,-0.022491242812
0.370442584290,-0.028834779383,0.000275989523,-0.049490807271
0.367815331920,-0.029255757757,0.000166869355,-0.030192388066
0.365188079550,-0.028902771717,0.000024306372,0.021647785379
0.362560827170,-0.027049963926,-0.000119537731,-0.012428836970
0.359933574800,-0.028668630237,-0.000454551547,-0.366066054353
0.357306322430,-0.027490485207,-0.000737281424,-0.172052274518
0.354679070060,-0.028452864624,-0.000687781203,0.249337191524
0.352051817690,-0.028407989577,-0.000777640011,0.065020771712
0.349424565320,-0.028325348233,-0.000884374914,0.088648277267
0.346797312950,-0.028497861476,-0.001076054247,0.120597577882
0.344170060580,-0.028706623429,-0.001147873226,0.095353318781
0.341542808210,-0.029030982904,-0.001375566837,0.039299657533
0.338915555840,-0.029349297815,-0.001311373016,-0.005859683292
0.336288303460,-0.029772729790,-0.001133376698,-0.045282503510
0.333661051090,-0.030149838587,-0.000872845220,-0.066232650851
0.331033798720,-0.030387154697,-0.000661950859,-0.030521132127
0.328406546350,-0.030521049824,-0.000369681811,0.014619236134
0.325779293980,-0.030560484225,-0.000294339527,0.020200456957
0.323152041610,-0.030745107401,-0.000102119522,0.044642328575
0.320524789240,-0.030972007788,0.000130250349,0.007081758986
0.317897536870,-0.031245298772,0.000322727044,-0.038600720032
0.315270284500,-0.031537088258,0.000589302536,-0.066033538625
0.312643032100,-0.031761867388,0.000849264445,-0.077832150037
0.310015779800,-0.031937929842,0.001056776167,-0.097822438939
0.307388527400,-0.032096749098,0.001265919201,-0.071030239093
0.304761275000,-0.032141361810,0.001386818571,-0.041254288030
0.302134022600,-0.032173685857,0.001581666934,-0.032662853031
0.299506770300,-0.032219644098,0.002020102742,0.006265055025
0.296879517900,-0.032260212131,0.002312200856,0.046328175915
0.294252265500,-0.032224602175,0.002513869499,-0.222831739876
0.291625013200,-0.032219272472,0.003009658121,-0.085887833690
0.288997760800,-0.032211416431,0.002986025455,0.334925849845
0.286370508400,-0.032241530533,0.002973673727,0.137292605871
0.283743256000,-0.032349530436,0.003045948114,0.178559711004
0.281116003700,-0.032469008096,0.003156586386,0.206262896512
0.278488751300,-0.032646569580,0.003048322423,0.140255242599
0.275861498900,-0.032689273094,0.002953051061,0.049336630182
0.273234246600,-0.032684241201,0.002878062526,0.031619887397
0.270606994200,-0.032674662611,0.002755757229,0.061337927199
0.267979741800,-0.032545074139,0.002704560770,0.037482836018
0.265352489400,-0.032429029913,0.002686534933,0.021855744201
0.262725237100,-0.032162468425,0.002741881574,0.015539416854
0.260097984700,-0.031889523921,0.002829839429,-0.034464228961
0.257470732300,-0.031645819608,0.002836747640,-0.101325854283
0.254843480000,-0.031377488541,0.002872423540,-0.119989886564
0.252216227600,-0.031175266898,0.002989075239,-0.137862229974
0.249588975200,-0.030891579537,0.003005719914,-0.109175770088
0.246961722900,-0.030662109654,0.002997597774,-0.009393404907
0.244334470500,-0.030493465719,0.002828456128,0.082138710709
0.241707218100,-0.030365629287,0.002524785977,0.154793376856
0.239079965700,-0.030280266302,0.002264334724,0.173678364458
0.236452713400,-0.030205220200,0.002118286168,0.105206938337
0.233825461000,-0.030166526666,0.001940025234,0.011869506592
0.231198208600,-0.030225901839,0.001859057586,-0.058194836548
0.228570956300,-0.030444720574,0.001940280924,-0.014265113559
0.225943703900,-0.030750147023,0.001806720420,0.056859578975
0.223316451500,-0.031082615065,0.001705773377,0.111723688527
0.220689199100,-0.031360263859,0.001521851426,0.076936631002
0.218061946800,-0.031588255019,0.001375524250,0.025567086642
0.215434694400,-0.031767263848,0.001216555486,0.025512514316
0.212807442000,-0.031748783596,0.001119533524,-0.007224728612
0.210180189700,-0.031571187054,0.001160267687,-0.046441496795
0.207552937300,-0.031276809039,0.001246728869,-0.017371258274
0.204925684900,-0.030746552422,0.001415310523,0.019199336906
0.202298432500,-0.030411072328,0.001677763860,0.019064947103
0.199671180200,-0.030301024236,0.001992457402,0.001066637797
0.197043927800,-0.030266132536,0.002307568556,-0.007276369387
0.194416675400,-0.030341418239,0.002567169718,-0.045121401695
0.191789423100,-0.030404528473,0.002761936075,-0.110214539870
0.189162170700,-0.030447646681,0.002938371133,-0.103910407527
0.186534918300,-0.030522375905,0.003010314456,-0.045828798443
0.183907666000,-0.030566928676,0.003012939055,0.020440838728
0.181280413600,-0.030591603834,0.003216627819,0.131266532016
0.178653161200,-0.030646471750,0.003389710659,0.235140972488
0.176025908800,-0.030717170697,0.003364782453,0.263225745299
0.173398656500,-0.030887199189,0.003518749107,0.262357993575
0.170771404100,-0.030972143829,0.004042131365,0.237077191296
0.168144151700,-0.031010427529,0.004352433582,0.263489786807
0.165516899400,-0.031083308531,0.004594124551,0.388771878343
0.162889647000,-0.031115869104,0.004675289281,0.431423534415
0.160262394600,-0.031120787106,0.004559584614,0.360350259033
0.157635142200,-0.031116542177,0.004377538454,0.246642439972
0.155007889900,-0.030961981495,0.004259328163,0.127130527792
0.152380637500,-0.030599983594,0.004217552968,0.073426523866
0.149753385100,-0.030314546999,0.004137857146,0.058942568290
0.147126132800,-0.030073910478,0.004225372514,0.007206891042
0.144498880400,-0.029949459916,0.004399369563,-0.035715905312
0.141871628000,-0.029910122080,0.004654855348,-0.113874709647
0.139244375600,-0.029947669820,0.004696519717,-0.167785693465
0.136617123300,-0.029976329558,0.004684622825,-0.132137572774
0.133989870900,-0.030010534711,0.004788364594,-0.147933827874
0.131362618500,-0.030253404671,0.004888876716,-0.082888342637
0.128735366200,-0.030493812962,0.005131736844,-0.039454372132
0.126108113800,-0.030614485031,0.005181303101,-0.049302037696
0.123480861400,-0.030727880078,0.005200252042,0.031845451937
0.120853609000,-0.030848293922,0.005438693452,0.108865105786
0.118226356700,-0.030990908813,0.005631646089,0.096069535580
0.115599104300,-0.031309127337,0.005668627536,0.102240906223
0.112971851900,-0.031453863533,0.005760030538,0.082926874762
0.110344599600,-0.031518770676,0.005749874371,0.077505999358
0.107717347200,-0.031603099465,0.005721327762,0.082782097137
0.105090094800,-0.031577163317,0.005711706209,0.090165033594
0.102462842500,-0.031409049372,0.005824038978,0.064086651072
0.099835590100,-0.031162738475,0.005958428887,0.036967868899
0.097208337700,-0.030950174712,0.006024254609,0.036281911684
0.094581085300,-0.030734172039,0.006169323057,-0.030521136798
0.091953833000,-0.030670639610,0.006203929981,-0.093081383191
0.089326580600,-0.030675177311,0.006368084438,-0.168906164819
0.086699328200,-0.030790741123,0.006470463374,-0.209696702599
0.084072075900,-0.030932653557,0.006532024044,-0.232043111021
0.081444823500,-0.031098806221,0.006508505661,-0.258650468683
0.078817571100,-0.031535190461,0.006238597378,-0.206518192651
0.076190318700,-0.031701814486,0.005971743024,-0.151295889505
0.073563066400,-0.031869851543,0.005686107460,-0.083056420663
0.070935814000,-0.031908965870,0.005661581648,0.059231613266
0.068308561600,-0.031918269258,0.005651042870,0.200260997996
0.065681309300,-0.031930405257,0.005467800169,0.272106709223
0.063054056900,-0.032000802323,0.005377843027,0.302527623278
0.060426804500,-0.032267483258,0.005313707926,0.304362432982
0.057799552100,-0.032676936577,0.005289662573,0.325211563276
0.055172299800,-0.032990477965,0.005369113916,0.316393126721
0.052545047400,-0.033362966252,0.005554708607,0.247850515845
0.049917795000,-0.033640054752,0.005454397757,0.187400105177
0.047290542700,-0.033851047089,0.005535150381,0.109390356711
0.044663290300,-0.033947694685,0.005492035884,0.100896621973
0.042036037900,-0.034038397342,0.005470279797,0.162612959589
0.039408785500,-0.034345015249,0.005200953991,0.137032195602
0.036781533200,-0.034694162956,0.005037781010,0.102120220576
0.034154280800,-0.034977921717,0.004842828842,0.075147876526
0.031527028400,-0.035217089945,0.004735274223,-0.027719576106
0.028899776100,-0.035694667396,0.004555861365,-0.090879389742
0.026272523700,-0.035979911756,0.004612305594,-0.105745044016
0.023645271300,-0.034816978562,0.004327331588,-0.046125265444
0.021018019000,-0.035287388869,0.004314880689,0.046419418923
0.018390766600,-0.037121220636,0.004488448017,0.068092184661
0.015763514200,-0.037495571424,0.004335526572,-0.031772634427
0.013136261800,-0.037666023479,0.004124413219,-0.067689788679
0.010509009500,-0.037569648624,0.004146635378,-0.016152253209
0.007881757100,-0.037373198499,0.003868736075,0.057453362393
0.005254504700,-0.036896471841,0.003536346771,0.045541699681
0.002627252400,-0.036233860251,0.003090608283,-0.870593117249
0.000000000000,-0.027124394872,0.002370877377,-1.757342178008
