0.391460603250,0.056841608256,0.000151976811,0.772067388564
0.388833350880,0.056656591267,0.001024846370,0.825507202026
0.386206098510,0.054239469367,0.001596020749,0.382206584752
0.383578846140,0.055249091936,0.001792841722,0.387037176561
0.380951593770,0.055133787580,0.001973714799,0.518066732241
0.378324341400,0.056154511475,0.002045508868,-0.371255851331
0.375697089030,0.056587563943,0.001811002545,-0.716813708384
0.373069836660,0.056614295037,0.001599707396,-0.552932218474
0.370442584290,0.056487412924,0.001433003476,-0.320197900309
0.367815331920,0.056884224696,0.001321813018,-0.211372290420
0.365188079550,0.059381237783,0.001072194042,-0.157955941813
0.362560827170,0.060071645249,0.000862534361,0.085741554038
0.359933574800,0.060038970293,0.000723849053,-0.150072574221
0.357306322430,0.061107550088,0.000557158407,-0.364364444778
0.354679070060,0.061908500382,0.000622006624,-0.120547760453
0.352051817690,0.062098433405,0.000913023858,0.192762965865
0.349424565320,0.062483752402,0.000708890788,0.228148992367
0.346797312950,0.062825088947,0.000284686438,0.237720989409
0.344170060580,0.062906394306,-0.000221802062,0.132244892907
0.341542808210,0.062832919290,-0.000433496614,-0.045216523805
0.338915555840,0.062720264537,-0.000417926715,-0.112422106292
0.336288303460,0.062470614493,-0.000468177641,-0.051928903865
0.333661051090,0.062417945316,-0.000679908491,-0.051569777112
0.331033798720,0.062330397353,-0.000520001309,-0.053752268456
0.328406546350,0.062164951953,-0.000352370483,-0.046441469096
0.325779293980,0.061912437464,-0.000198563198,-0.046264341959
0.323152041610,0.061673473611,-0.000136393797,-0.022360967726
0.320524789240,0.061436135421,-0.000021884314,0.010401940585
0.317897536870,0.061231523888,-0.000032307140,0.053473086402
0.315270284500,0.061137796380,0.000013771621,0.115361875169
0.312643032100,0.061131619122,0.000129216493,0.128350962265
0.310015779800,0.061023816250,0.000196197726,0.087988491433
0.307388527400,0.060839591891,0.000165774734,0.029602866002
0.304761275000,0.060762113209,0.000180709592,0.002183537592
0.302134022600,0.060611654626,0.000292727185,0.002858513005
0.299506770300,0.060483829760,0.000311551517,-0.034373897007
0.296879517900,0.060423633515,0.000236902767,-0.042514571104
0.294252265500,0.060115944133,0.000287416980,0.027245408624
0.291625013200,0.059911109340,0.000182736941,0.069913195543
0.288997760800,0.060020714573,0.000160481549,0.087199198167
0.286370508400,0.060199407715,0.000206606849,0.114966568304
0.283743256000,0.060211775334,0.000181859993,0.151142370768
0.281116003700,0.060281234748,0.000062709452,0.238398335138
0.278488751300,0.060401054760,-0.000068675936,0.285410603946
0.275861498900,0.060320401527,0.000040345150,0.238518937513
0.273234246600,0.060369868245,0.000118646974,0.170543317965
0.270606994200,0.060402652413,0.000000301593,0.059979928295
0.267979741800,0.060416295631,-0.000054655319,-0.058901429829
0.265352489400,0.060532406000,-0.000113926567,-0.089853520355
0.262725237100,0.060820115155,-0.000215259111,-0.094280016163
0.260097984700,0.060956487202,-0.000161968130,-0.060852946260
0.257470732300,0.061040116261,-0.000084329586,0.010835483565
0.254843480000,0.061053904964,0.000000182321,0.070231394620
0.252216227600,0.060995015680,0.000110873379,0.065772739556
0.249588975200,0.060913219957,0.000364872259,0.051769839926
0.246961722900,0.060813641937,0.000475528891,0.077788361658
0.244334470500,0.060525934585,0.000501322363,0.050191463869
0.241707218100,0.060238147111,0.000526168999,-0.021265797888
0.239079965700,0.060009485298,0.000516473132,-0.011258790451
0.236452713400,0.059817773964,0.000570062005,0.026631145418
0.233825461000,0.059632194896,0.000582309073,0.018686918516
0.231198208600,0.059517492768,0.000478122076,-0.030346377982
0.228570956300,0.059445981455,0.000413633311,-0.048138558720
0.225943703900,0.059307931361,0.000457748960,-0.037606125690
0.223316451500,0.059286283433,0.000424665759,-0.024354242973
0.220689199100,0.059309703178,0.000453302065,-0.040679015903
0.218061946800,0.059241966551,0.000511510135,-0.053538389670
0.215434694400,0.059208096158,0.000457362647,-0.011133401714
0.212807442000,0.057752338894,0.000503428209,0.004624633091
0.210180189700,0.058567445573,0.000483142241,0.036673738937
0.207552937300,0.058447443234,0.000521597080,0.053045484974
0.204925684900,0.058292592443,0.000669054272,0.054872649144
0.202298432500,0.058203173563,0.000784480041,0.061820636074
0.199671180200,0.058166170058,0.000903347064,0.052550779151
0.197043927800,0.058265295963,0.001012809722,0.054285530477
0.194416675400,0.058368950506,0.001208204783,0.058794747158
0.191789423100,0.058475242069,0.001346859198,0.010079061983
0.189162170700,0.058666669210,0.001465974770,0.027018244489
0.186534918300,0.058615210972,0.001589598815,0.093830674441
0.183907666000,0.058716281357,0.001600247563,0.083383376734
0.181280413600,0.058836767095,0.001566540334,0.044898120881
0.178653161200,0.058798503062,0.001779712074,0.013806189928
0.176025908800,0.058826917997,0.002003636225,0.034923569881
0.173398656500,0.058887635987,0.002014313594,0.063892925984
0.170771404100,0.058955383207,0.002109452506,0.069853362895
0.168144151700,0.058946227534,0.002250293288,0.059667262294
0.165516899400,0.058988716842,0.002421214438,0.051047834331
0.162889647000,0.058922174066,0.002636952520,0.040172255834
0.160262394600,0.058891365065,0.002758512252,0.033606850325
0.157635142200,0.058820385333,0.002714149281,0.044674530903
0.155007889900,0.058678588826,0.002635561910,0.031262647991
0.152380637500,0.058611368281,0.002630724696,0.015900160003
0.149753385100,0.058584125472,0.002682096973,0.002537943374
0.147126132800,0.058655232568,0.002797082526,-0.157775955184
0.144498880400,0.059391740586,0.002912544145,0.047760599592
0.141871628000,0.058969912788,0.002554069272,0.050027941331
0.139244375600,0.059383361406,0.002481725007,-0.054350886299
0.136617123300,0.059830185716,0.002394979632,0.007173853383
0.133989870900,0.060268974249,0.002165268070,0.027349895223
0.131362618500,0.060711407621,0.001906368804,-0.015254951876
0.128735366200,0.061073260686,0.001639980663,-0.018173764022
0.126108113800,0.061341601348,0.001554632609,0.025961222520
0.123480861400,0.061555849017,0.001522295491,0.031374896212
0.120853609000,0.061526953778,0.001628054968,0.027183370741
0.118226356700,0.061210339080,0.001851814795,0.029003293549
0.115599104300,0.060093088197,0.001814871879,0.073837161707
0.112971851900,0.060446748656,0.001737721935,0.162533558250
0.110344599600,0.059967264905,0.001570183041,0.225569992616
0.107717347200,0.059456269740,0.001399114380,0.168253323058
0.105090094800,0.058957470739,0.001365473792,0.089588119140
0.102462842500,0.058586398115,0.001237819830,0.020041885482
0.099835590100,0.058276224107,0.001212500208,-0.004989482655
0.097208337700,0.057811139484,0.001191721701,-0.022342379270
0.094581085300,0.057415808030,0.000871740953,-0.093627052298
0.091953833000,0.057034716379,0.000735259254,-0.053575787140
0.089326580600,0.056699830575,0.000745906204,0.019956908188
0.086699328200,0.056567414329,0.000696152676,0.041418302834
0.084072075900,0.056541163997,0.000648892253,0.050822090842
0.081444823500,0.056691909703,0.000591290292,0.047763091057
0.078817571100,0.056958885685,0.000517886167,-0.019335280923
0.076190318700,0.057290710806,0.000524019311,-0.146938700751
0.073563066400,0.057415546951,0.000608188495,-0.175337583275
0.070935814000,0.057721234360,0.000570652254,-0.122681377783
0.068308561600,0.058075352932,0.000727534967,-0.073083530135
0.065681309300,0.058210765279,0.000959890278,-0.055690161387
0.063054056900,0.058135304637,0.001140261384,-0.038699447435
0.060426804500,0.057922082539,0.001272358529,-0.037193578777
0.057799552100,0.057808381510,0.001309166478,0.004711499923
0.055172299800,0.057485320664,0.001249060533,0.017507296852
0.052545047400,0.057069739290,0.001059255388,-0.014490765678
0.049917795000,0.056582998553,0.001257687641,-0.027841561617
0.047290542700,0.056155677021,0.001419259418,-0.037858793947
0.044663290300,0.055730054206,0.001401479041,-0.017765466210
0.042036037900,0.055374294013,0.001486183734,-0.010070434751
0.039408785500,0.055041078096,0.001457421629,0.026009096189
0.036781533200,0.054780600316,0.001547078804,0.049408278187
0.034154280800,0.054586955433,0.001762037238,0.030101876131
0.031527028400,0.054553375208,0.001835434926,0.021237835212
0.028899776100,0.054740648839,0.001741928571,0.007437401140
0.026272523700,0.054967785838,0.001553885593,0.218964384557
0.023645271300,0.055089425903,0.001235298775,0.254461057768
0.021018019000,0.055210732612,0.001232535718,-0.274619768610
0.018390766600,0.055489864336,0.001318075858,-0.320110314218
0.015763514200,0.055446446786,0.001299446456,0.012631518735
0.013136261800,0.054219153314,0.001273480153,0.069831279226
0.010509009500,0.054979691439,0.001116906334,0.087564854233
0.007881757100,0.055554324047,0.000972086996,0.064794709458
0.005254504700,0.055875215415,0.000936435861,0.029978570568
0.002627252400,0.056214072492,0.000775125800,0.948319262889
0.000000000000,0.053997675622,0.000361948253,1.897863918261
