0.391460603250,-0.030896356075,0.000744903028,-0.038386235594
0.388833350880,-0.031658921936,0.000836752559,-0.211768378768
0.386206098510,-0.030887344351,0.000882221106,-0.211522589850
0.383578846140,-0.031412202468,0.001137602691,-0.097367198975
0.380951593770,-0.031403024902,0.001406838777,-0.059784112564
0.378324341400,-0.031976970700,0.001574250083,-0.058471994925
0.375697089030,-0.031966778498,0.001855144034,0.020863264416
0.373069836660,-0.032195889556,0.002052396086,0.118401069214
0.370442584290,-0.033460600011,0.002209497226,0.013452305732
0.367815331920,-0.034140693495,0.002347091820,0.010137184222
0.365188079550,-0.032485937340,0.002422897307,-0.009569247957
0.362560827170,-0.031860063481,0.002598296748,-0.236233943757
0.359933574800,-0.030923641554,0.002963697471,-0.211545898371
0.357306322430,-0.030325927832,0.003005761898,-0.040735095098
0.354679070060,-0.029685614393,0.002966831780,-0.037948750529
0.352051817690,-0.030289690473,0.002832071154,-0.007025375934
0.349424565320,-0.030020893121,0.002774970091,0.001291454951
0.346797312950,-0.029898225463,0.002792779304,-0.023647891517
0.344170060580,-0.029850876329,0.002865554898,0.002826634643
0.341542808210,-0.029718889727,0.002904660664,0.064257949089
0.338915555840,-0.029643494772,0.002833559323,0.079633950057
0.336288303460,-0.029557744507,0.002824978745,0.059612000298
0.333661051090,-0.029617876864,0.002921878169,0.041683977509
0.331033798720,-0.029773582961,0.002802203324,0.060484018533
0.328406546350,-0.029951394629,0.002649473398,0.086780806175
0.325779293980,-0.030030197614,0.002635322337,0.117757122640
0.323152041610,-0.030157916983,0.002542336153,0.083878871055
0.320524789240,-0.030178895570,0.002615002969,0.007732853797
0.317897536870,-0.030252163581,0.002578580358,-0.020905934443
0.315270284500,-0.030355439435,0.002456367569,-0.017122692246
0.312643032100,-0.030419821168,0.002461812394,-0.010858733089
0.310015779800,-0.030734435353,0.002593954080,-0.030895670672
0.307388527400,-0.031107398361,0.002823218480,-0.036014789621
0.304761275000,-0.031372598144,0.003195680479,0.029286306939
0.302134022600,-0.031447064630,0.003509221312,0.045142951973
0.299506770300,-0.031528433109,0.003705252600,0.036239753014
0.296879517900,-0.031679788110,0.003831359999,0.040081906881
0.294252265500,-0.031689871314,0.003961381222,0.036564271680
0.291625013200,-0.031607043505,0.004121287063,0.047503717317
0.288997760800,-0.031474572815,0.004249982292,0.033127397033
0.286370508400,-0.031235931009,0.004360345673,0.017701417277
0.283743256000,-0.031114351563,0.004372916339,0.024798488070
0.281116003700,-0.031059249475,0.004354542768,-0.006784590586
0.278488751300,-0.030958409410,0.004377351726,-0.011089562876
0.275861498900,-0.030892355983,0.004305361205,0.038312033223
0.273234246600,-0.030857991209,0.004158881559,0.052872592435
0.270606994200,-0.030878019842,0.003939788569,0.062220438293
0.267979741800,-0.030887799152,0.003788660132,0.101226572964
0.265352489400,-0.031039962610,0.003722218016,0.125764331626
0.262725237100,-0.031249902996,0.003643493792,0.125075086146
0.260097984700,-0.031460181364,0.003615311441,0.113567165944
0.257470732300,-0.031463773195,0.003599940402,0.095120797592
0.254843480000,-0.031487462564,0.003644044272,0.082065210715
0.252216227600,-0.031623843744,0.003626134559,0.032129571288
0.249588975200,-0.031738581949,0.003427896543,-0.033698646351
0.246961722900,-0.031771211317,0.003354495042,-0.075188067963
0.244334470500,-0.031803774680,0.003298260300,-0.096241303692
0.241707218100,-0.031947412076,0.003229029139,-0.149934361637
0.239079965700,-0.032077979455,0.003065243398,-0.223176305810
0.236452713400,-0.032193346850,0.002839725140,-0.228223617165
0.233825461000,-0.032398385005,0.002715490871,-0.189165392583
0.231198208600,-0.032757263964,0.002624476411,-0.092482929707
0.228570956300,-0.033195157661,0.002558473605,0.054737685172
0.225943703900,-0.033617617339,0.002644008266,0.169730214840
0.223316451500,-0.034146728764,0.002761359174,0.250356252662
0.220689199100,-0.034529257563,0.002782501939,0.245412875274
0.218061946800,-0.034814911017,0.002679763944,0.171713737656
0.215434694400,-0.035046124910,0.002662844114,0.125791794291
0.212807442000,-0.035187979927,0.002614787835,0.104305374307
0.210180189700,-0.035232295932,0.002607002193,0.100820881524
0.207552937300,-0.035082131043,0.002565880384,0.110085145786
0.204925684900,-0.034904799610,0.002586988967,0.135515255741
0.202298432500,-0.034758215746,0.002612186921,0.143229480986
0.199671180200,-0.034683407265,0.002667886715,0.144813914485
0.197043927800,-0.034680830108,0.002692507770,0.107964416805
0.194416675400,-0.034659005926,0.002778673769,0.091580901938
0.191789423100,-0.034561959114,0.002967455913,0.112914822821
0.189162170700,-0.034591247840,0.003240567725,0.166258660403
0.186534918300,-0.034733537722,0.003462274449,0.174225353375
0.183907666000,-0.034865583759,0.003740188927,0.116084614708
0.181280413600,-0.035024005055,0.004067216948,0.108578569330
0.178653161200,-0.035041743883,0.004196582210,0.114531268241
0.176025908800,-0.034935535751,0.004331804428,0.076753350348
0.173398656500,-0.034897666951,0.004491842712,0.015259008575
0.170771404100,-0.034754426538,0.004633039780,0.011690722531
0.168144151700,-0.034417177643,0.004952268675,0.009930201041
0.165516899400,-0.034037376182,0.005193419213,0.011530584809
0.162889647000,-0.033660751259,0.005372809918,0.051328087287
0.160262394600,-0.033241493944,0.005553995132,0.090247537082
0.157635142200,-0.032870832282,0.005742750601,0.120612997298
0.155007889900,-0.032539162469,0.005803655272,0.164376395513
0.152380637500,-0.032127257911,0.005701043322,0.127025131202
0.149753385100,-0.031711796677,0.005682548735,0.064362405048
0.147126132800,-0.031303141704,0.005654642799,0.010692129031
0.144498880400,-0.031241374494,0.005432982106,-0.011754873279
0.141871628000,-0.031310804524,0.005527696454,0.035054344831
0.139244375600,-0.031360970931,0.005509944892,0.056309521078
0.136617123300,-0.031518075707,0.005388751074,0.019094497081
0.133989870900,-0.031717590374,0.005356358557,-0.056494755915
0.131362618500,-0.031903061377,0.005096786623,-0.076859127729
0.128735366200,-0.032106058262,0.004876583997,-0.023834972224
0.126108113800,-0.032357853446,0.004778950380,0.009875079139
0.123480861400,-0.032636939186,0.004656569299,-0.002621186652
0.120853609000,-0.033076020399,0.004468379724,-0.014035509240
0.118226356700,-0.033439595430,0.004361109533,-0.036573766677
0.115599104300,-0.033991338718,0.004123714349,-0.049364130996
0.112971851900,-0.034839795789,0.003800113060,-0.029280087701
0.110344599600,-0.035593846721,0.003450940238,0.009744258707
0.107717347200,-0.036146194332,0.003103453624,0.056616225655
0.105090094800,-0.036477194959,0.002562642305,0.098971518295
0.102462842500,-0.036689545968,0.002014794204,0.054718881120
0.099835590100,-0.036791190153,0.001458779839,-0.005784637729
0.097208337700,-0.036599591147,0.000770505429,-0.002118818337
0.094581085300,-0.036277639001,0.000202514965,0.010300937111
0.091953833000,-0.036079513959,0.000138749040,0.049273787931
0.089326580600,-0.035867981504,0.000228471728,0.009061464243
0.086699328200,-0.035731515714,0.000433986398,-0.116592637564
0.084072075900,-0.035675905953,0.000703557510,-0.203592178588
0.081444823500,-0.035435137504,0.000769446572,-0.206304245333
0.078817571100,-0.035334289593,0.000936059864,-0.132699465846
0.076190318700,-0.035332583864,0.001108687944,-0.055455575409
0.073563066400,-0.035289506208,0.001297112579,-0.026968121631
0.070935814000,-0.035305474188,0.001351208209,0.000970451378
0.068308561600,-0.035449706566,0.001345666282,0.009737131993
0.065681309300,-0.035720828330,0.001350845248,0.029048865062
0.063054056900,-0.035996994408,0.001144810135,0.068456193715
0.060426804500,-0.036235559803,0.001124453495,0.080246355067
0.057799552100,-0.036557390431,0.001035916960,0.104564337385
0.055172299800,-0.036885712456,0.001132815966,0.183569277020
0.052545047400,-0.037141966165,0.001215920625,0.193016948021
0.049917795000,-0.037413807981,0.001247300272,0.091378122307
0.047290542700,-0.037647213649,0.001340742446,-0.047733669278
0.044663290300,-0.037782361568,0.001312143938,-0.028058955072
0.042036037900,-0.037747874920,0.001226155762,0.036755087257
0.039408785500,-0.037841851625,0.001238618653,0.005079174680
0.036781533200,-0.037814354724,0.001512648536,-0.012976827313
0.034154280800,-0.037779483261,0.001511391862,-0.075539685963
0.031527028400,-0.037835132847,0.001577297244,-0.066387145146
0.028899776100,-0.037827357993,0.001837716242,-0.007234879554
0.026272523700,-0.037949375411,0.001991401110,0.307999679148
0.023645271300,-0.037463373066,0.001769024590,0.220280189705
0.021018019000,-0.038303462412,0.001709739398,-0.332687535876
0.018390766600,-0.038578784230,0.001781248912,-0.409934052521
0.015763514200,-0.038862824215,0.002080821682,-0.248300333126
0.013136261800,-0.038940591189,0.002071555621,-0.199742362421
0.010509009500,-0.038736940504,0.002081596082,-0.152297294516
0.007881757100,-0.038150339254,0.002009090646,-0.042241402688
0.005254504700,-0.037558810632,0.001864410680,0.060316780659
0.002627252400,-0.037099381939,0.001624299166,0.502298646006
0.000000000000,-0.034600215064,0.001262746310,0.874103588729
