0.391460603250,-0.056726831965,-0.000002485849,0.224724032776
0.388833350880,-0.055645027758,0.000265714915,0.399912144936
0.386206098510,-0.056077589870,0.000379724028,0.297820948379
0.383578846140,-0.056842755607,0.000349164492,-0.275765101494
0.380951593770,-0.056451814088,0.000541382105,-0.187847630980
0.378324341400,-0.057618871948,0.000690227513,0.022207390717
0.375697089030,-0.058164896105,0.000863076823,-0.234567283511
0.373069836660,-0.060271776937,0.001174144059,-0.259913695572
0.370442584290,-0.060882154462,0.001679757760,0.187163427360
0.367815331920,-0.061041341164,0.001656264667,0.299140603857
0.365188079550,-0.060765048018,0.001959793227,0.003559003908
0.362560827170,-0.060412239273,0.002142656288,-0.028008764337
0.359933574800,-0.060110956076,0.002220983125,-0.022107912648
0.357306322430,-0.059747200808,0.002409896736,0.013040634334
0.354679070060,-0.059474743877,0.002713384334,0.003837135639
0.352051817690,-0.058995592668,0.002935959856,-0.017747295254
0.349424565320,-0.058479648786,0.003099305099,-0.045341434206
0.346797312950,-0.058178761438,0.003268972499,-0.049310617109
0.344170060580,-0.058087035003,0.003203214680,-0.042343369335
0.341542808210,-0.058187530352,0.003288570801,-0.022674259088
0.338915555840,-0.058240732985,0.003540582601,-0.012328738133
0.336288303460,-0.058319468897,0.003583356168,-0.012284617366
0.333661051090,-0.058483353099,0.003637886598,0.012548818642
0.331033798720,-0.058571750786,0.003724979629,0.053389278473
0.328406546350,-0.058641717514,0.003872935276,0.068124934384
0.325779293980,-0.058984132478,0.003956041673,0.069404088258
0.323152041610,-0.059344379352,0.004009946248,0.067332274267
0.320524789240,-0.059532703288,0.004083537711,0.086814883001
0.317897536870,-0.059763421930,0.004205263225,0.086146350832
0.315270284500,-0.059937652313,0.004214769024,0.088528168704
0.312643032100,-0.059966594580,0.004219083075,0.087821027515
0.310015779800,-0.059999338327,0.004220345244,0.095824704252
0.307388527400,-0.060126358118,0.004252496109,0.100691075178
0.304761275000,-0.060318433797,0.004278417537,0.069977025957
0.302134022600,-0.060462807409,0.004242527095,0.035365185252
0.299506770300,-0.060625012210,0.004149645551,0.024185050386
0.296879517900,-0.060908844670,0.004266957629,0.019339733987
0.294252265500,-0.060801643661,0.004343026159,0.009394334556
0.291625013200,-0.061118599207,0.004387247388,0.028904087857
0.288997760800,-0.061150514173,0.004394462068,0.052064542561
0.286370508400,-0.060998525013,0.004478668467,0.065802495821
0.283743256000,-0.060946120498,0.004487873781,0.068884319568
0.281116003700,-0.060893952478,0.004501935784,0.110848462844
0.278488751300,-0.060782951683,0.004420745554,0.124474533007
0.275861498900,-0.060569722486,0.004481960842,0.083641797771
0.273234246600,-0.060506431138,0.004481391159,0.086506245828
0.270606994200,-0.060466782388,0.004487209960,0.091526450807
0.267979741800,-0.060411154736,0.004506027673,0.088342722693
0.265352489400,-0.060358777647,0.004401577722,0.054207217994
0.262725237100,-0.060196765390,0.004392967247,0.025199461474
0.260097984700,-0.060031395300,0.004458053624,0.031751148412
0.257470732300,-0.059859054015,0.004277906217,0.021638323396
0.254843480000,-0.059630594432,0.004132704947,-0.018181965948
0.252216227600,-0.059545928177,0.004086210663,-0.068374070920
0.249588975200,-0.059682972995,0.003977218246,-0.074664191236
0.246961722900,-0.060003023881,0.003889362882,-0.057130189632
0.244334470500,-0.060362440925,0.003593379663,-0.011185322358
0.241707218100,-0.060691803756,0.003354552472,0.010130938633
0.239079965700,-0.061032554942,0.003228100398,0.012932579496
0.236452713400,-0.061290487391,0.002973865930,0.031553321031
0.233825461000,-0.061609394751,0.002825734939,0.038571741251
0.231198208600,-0.061851442857,0.002736732381,0.044831022616
0.228570956300,-0.061943325679,0.002618614975,0.046935495301
0.225943703900,-0.062024841507,0.002379071685,0.085226234490
0.223316451500,-0.062003774704,0.002171005623,0.091680864143
0.220689199100,-0.061874655463,0.002015869019,0.034764899991
0.218061946800,-0.061833566479,0.001955386711,0.042439838386
0.215434694400,-0.061839155268,0.001774080508,0.072077910559
0.212807442000,-0.061820597471,0.001781360679,0.110301120141
0.210180189700,-0.061866189301,0.001761256900,0.165497978260
0.207552937300,-0.062128397209,0.001798082612,0.180622247298
0.204925684900,-0.062404331181,0.001906159614,0.152521250523
0.202298432500,-0.062681486773,0.002101242772,0.160543396746
0.199671180200,-0.062987463578,0.002343375165,0.172314214429
0.197043927800,-0.063192163812,0.002655890066,0.142412258015
0.194416675400,-0.063235988955,0.002970843720,0.122220805689
0.191789423100,-0.063259986415,0.003209257447,0.126400344606
0.189162170700,-0.063289488465,0.003369065666,0.124726822637
0.186534918300,-0.063146242879,0.003513457687,0.120160275646
0.183907666000,-0.063066808924,0.003653468244,0.091781682223
0.181280413600,-0.062932069705,0.003786315371,0.061922371694
0.178653161200,-0.062689872659,0.003989683179,0.036860429765
0.176025908800,-0.062630505040,0.004251006732,0.006697443285
0.173398656500,-0.062704236944,0.004376309026,0.033594788266
0.170771404100,-0.062810324074,0.004470511507,0.085116357347
0.168144151700,-0.062665818260,0.004576013194,0.090784566569
0.165516899400,-0.062547443353,0.004825729172,0.071186975856
0.162889647000,-0.062563106040,0.005131343427,0.061604522538
0.160262394600,-0.062604649372,0.005497430062,0.046315555458
0.157635142200,-0.062599876413,0.005787639653,0.001376656232
0.155007889900,-0.062744634640,0.005983181894,-0.010460606128
0.152380637500,-0.062884923740,0.006176575015,0.015236247047
0.149753385100,-0.063029642480,0.006236364982,0.020503602301
0.147126132800,-0.063188881339,0.006118108858,0.000721294020
0.144498880400,-0.063132465198,0.006002069313,0.011035511172
0.141871628000,-0.063174249369,0.005902842582,0.034384962563
0.139244375600,-0.063186431771,0.005747671872,0.097029267319
0.136617123300,-0.062959431147,0.005477808103,0.135605570689
0.133989870900,-0.062778313575,0.005107326164,0.112586047728
0.131362618500,-0.062509642596,0.004779189510,0.074927009776
0.128735366200,-0.062041597689,0.004441661812,0.053035400305
0.126108113800,-0.061534185908,0.004140698815,0.059989369037
0.123480861400,-0.061107709462,0.003997054099,0.069769523739
0.120853609000,-0.060923218783,0.003771710913,0.062728181852
0.118226356700,-0.060815255337,0.003498772584,0.065898845205
0.115599104300,-0.060756888426,0.003314731692,0.075571855162
0.112971851900,-0.060897058849,0.003021338529,0.067312702199
0.110344599600,-0.061088657221,0.002959365490,0.040724224233
0.107717347200,-0.061349955080,0.002891809405,-0.021243123272
0.105090094800,-0.061668483376,0.002563347376,-0.047532173319
0.102462842500,-0.061947026955,0.002444251227,-0.024425234385
0.099835590100,-0.062356098298,0.002380393545,0.024903187719
0.097208337700,-0.062855343212,0.002297022975,0.083949612807
0.094581085300,-0.063285872978,0.002058001672,0.113274528844
0.091953833000,-0.063629202052,0.001978223997,0.085758527847
0.089326580600,-0.063927508088,0.002010030673,0.055010275805
0.086699328200,-0.064202352912,0.001889577328,0.034442248361
0.084072075900,-0.064526024852,0.001718522806,0.069027703150
0.081444823500,-0.064747232687,0.001606123499,0.136861228924
0.078817571100,-0.064831109628,0.001535963501,0.095755230865
0.076190318700,-0.064938071316,0.001504474938,0.054110029848
0.073563066400,-0.064950345204,0.001535044586,0.052079860276
0.070935814000,-0.064739927476,0.001381497700,0.051260200019
0.068308561600,-0.064534408160,0.001312597544,0.091378381110
0.065681309300,-0.064272891608,0.001301858534,0.113134197564
0.063054056900,-0.064048290536,0.001283750882,0.133922412105
0.060426804500,-0.064001618515,0.001282064987,0.166912078367
0.057799552100,-0.064037770320,0.001271421252,0.162456781676
0.055172299800,-0.064336623330,0.001187623723,0.184729344598
0.052545047400,-0.064655928286,0.001345054644,0.236358650530
0.049917795000,-0.064958405768,0.001452936215,0.294982021733
0.047290542700,-0.065349520301,0.001462595567,0.234666047848
0.044663290300,-0.065688421434,0.001629059500,0.102424361008
0.042036037900,-0.066104419714,0.001786933169,0.002865986622
0.039408785500,-0.066526384884,0.001794510030,-0.131231631031
0.036781533200,-0.066896892242,0.001871297524,-0.257076985772
0.034154280800,-0.067088220806,0.001935542896,-0.260299849870
0.031527028400,-0.067480313756,0.001859462536,-0.202498890953
0.028899776100,-0.067779903322,0.001829298909,-0.157820772190
0.026272523700,-0.067883183839,0.001703870855,-0.239502756117
0.023645271300,-0.067755777639,0.001502312958,0.025349861432
0.021018019000,-0.067473014034,0.001612789090,0.227668725734
0.018390766600,-0.067542274373,0.001721094337,0.120048673332
0.015763514200,-0.067602250061,0.001655589301,0.107086592504
0.013136261800,-0.067553623380,0.001597602419,0.063115344612
0.010509009500,-0.067491248552,0.001463879095,-0.031931371015
0.007881757100,-0.067333630463,0.001268070399,-0.129296173143
0.005254504700,-0.066853400301,0.001187254348,-0.205479620776
0.002627252400,-0.066102777448,0.001076593396,-1.164289228834
0.000000000000,-0.055563594782,0.001084539619,-2.155551078728
