0.391460603250,0.013135081103,-0.001103357112,0.655602812928
0.388833350880,0.012096033911,-0.001835738121,0.574733439130
0.386206098510,0.011638157693,-0.002014562403,0.401312649373
0.383578846140,0.011120985554,-0.001970490034,0.157795174821
0.380951593770,0.011428960721,-0.001596227793,0.032532444623
0.378324341400,0.013208631909,-0.001171352351,0.311438180097
0.375697089030,0.014114298386,-0.001065852471,-0.037352577829
0.373069836660,0.014985512532,-0.001104418721,-0.303640955879
0.370442584290,0.015101368924,-0.001146363364,0.070612756438
0.367815331920,0.014344446803,-0.001296231721,0.096086491912
0.365188079550,0.014186439179,-0.001483340498,0.017952897327
0.362560827170,0.014464030418,-0.001543722220,-0.022331410576
0.359933574800,0.014471161407,-0.001607481151,-0.034110302338
0.357306322430,0.014327930296,-0.001573135761,-0.047371893753
0.354679070060,0.014335352805,-0.001772039216,-0.020365136201
0.352051817690,0.014792273596,-0.001842038877,0.014550003113
0.349424565320,0.015017625235,-0.001969153999,0.059496793048
0.346797312950,0.014864789266,-0.001968234330,0.015857247928
0.344170060580,0.014349476008,-0.002017519172,0.025213409247
0.341542808210,0.013390672784,-0.002018743431,0.006440860888
0.338915555840,0.013928479860,-0.001802191894,-0.032034394153
0.336288303460,0.013389893575,-0.001770936394,0.007954623246
0.333661051090,0.013326127324,-0.001770150944,0.007114208468
0.331033798720,0.013032357916,-0.001794172853,-0.030797666472
0.328406546350,0.012826235576,-0.001718780414,-0.078458807362
0.325779293980,0.012625574105,-0.001614929173,-0.129224527031
0.323152041610,0.012485343512,-0.001300767425,-0.105475585946
0.320524789240,0.012310552931,-0.001055513459,-0.082281543362
0.317897536870,0.012018308930,-0.000776278022,-0.083674731819
0.315270284500,0.011639649907,-0.000317487232,-0.047275430203
0.312643032100,0.011422433903,0.000070094513,-0.014338390864
0.310015779800,0.011304784763,0.000349555264,-0.054988005732
0.307388527400,0.011164622416,0.000555259005,-0.099597972109
0.304761275000,0.011199260566,0.000820503431,-0.069994205706
0.302134022600,0.011207094383,0.001161422936,-0.059366645996
0.299506770300,0.011152127504,0.001336342583,-0.068962489882
0.296879517900,0.011223426094,0.001628528345,-0.101812079369
0.294252265500,0.011302676314,0.001890625267,-0.147976339350
0.291625013200,0.011326864855,0.002116208261,-0.075940215036
0.288997760800,0.011343990118,0.002418648022,0.025890689610
0.286370508400,0.011229373059,0.002573188984,0.029065302368
0.283743256000,0.011147157647,0.002572999093,0.045998247861
0.281116003700,0.010969217571,0.002621435329,0.057770425456
0.278488751300,0.010735838498,0.002606002818,0.035868878353
0.275861498900,0.010597565842,0.002589845407,0.010965702354
0.273234246600,0.010498532982,0.002708262541,-0.008297354836
0.270606994200,0.010483602842,0.002817503426,-0.020091160621
0.267979741800,0.010633055203,0.002649892064,0.009511062048
0.265352489400,0.010821230661,0.002594264338,0.023939692483
0.262725237100,0.011122309330,0.002672993760,0.006048575062
0.260097984700,0.011546075176,0.002707295852,-0.022998612445
0.257470732300,0.011989589523,0.002700199420,-0.056894627910
0.254843480000,0.012260192754,0.002838486678,-0.131978100695
0.252216227600,0.012481059012,0.002909746596,-0.172947009693
0.249588975200,0.012697387356,0.002871506789,-0.083834799096
0.246961722900,0.012915102111,0.002935633587,0.026540178846
0.244334470500,0.012974263813,0.002748897559,0.148117327264
0.241707218100,0.013097191884,0.002499882755,0.176748564394
0.239079965700,0.013328610194,0.002263229512,0.079474029185
0.236452713400,0.013464952713,0.001973038785,0.008548340544
0.233825461000,0.013532989330,0.001834925040,-0.050840582971
0.231198208600,0.013296542538,0.001698171379,-0.057085383543
0.228570956300,0.013012370745,0.001693839998,-0.015881630955
0.225943703900,0.012762665645,0.001672234410,0.020123854116
0.223316451500,0.012436682795,0.001622524284,0.051319873475
0.220689199100,0.012196821155,0.001480696810,0.052260656317
0.218061946800,0.012081327826,0.001395766102,0.038763361283
0.215434694400,0.012055978395,0.001291860981,0.009386998307
0.212807442000,0.012080006120,0.001212044885,0.000689267001
0.210180189700,0.012273086430,0.001101944289,-0.004302247095
0.207552937300,0.012742808258,0.000963285651,-0.059509404298
0.204925684900,0.013157464077,0.000885833189,-0.138849332299
0.202298432500,0.013369580155,0.000837915186,-0.153486699167
0.199671180200,0.013452085774,0.000985686894,-0.123284375612
0.197043927800,0.013380227519,0.001230587683,-0.084825062398
0.194416675400,0.013321207501,0.001434249345,-0.020978014546
0.191789423100,0.013142867474,0.001528719737,0.002772771351
0.189162170700,0.013066513621,0.001734878018,0.001201415520
0.186534918300,0.012991541303,0.001865886528,0.016421645005
0.183907666000,0.012938717687,0.001987624763,0.120450258737
0.181280413600,0.012900626409,0.002106862728,0.201438108318
0.178653161200,0.012839520819,0.002295108984,0.238009572552
0.176025908800,0.012761961000,0.002732061919,0.283078729326
0.173398656500,0.012585478950,0.003086218753,0.290471070065
0.170771404100,0.012414943802,0.003209081446,0.283055540315
0.168144151700,0.012318034611,0.003258026114,0.296212577955
0.165516899400,0.012424504692,0.003248343075,0.277585385981
0.162889647000,0.012521744745,0.003242078561,0.186601487734
0.160262394600,0.012477209276,0.003120910706,0.081056343283
0.157635142200,0.012582587440,0.003066061201,0.033403153191
0.155007889900,0.012865642200,0.003116287452,0.028359899608
0.152380637500,0.013147888770,0.003067075906,0.057351092604
0.149753385100,0.013416992669,0.003068567318,0.020057511987
0.147126132800,0.013611778727,0.003086986910,-0.130682049283
0.144498880400,0.013674832704,0.003049611509,-0.280369676987
0.141871628000,0.013665765236,0.003091339541,-0.310622949137
0.139244375600,0.013653873428,0.003265301418,-0.293424182355
0.136617123300,0.013583217454,0.003274181412,-0.288432735789
0.133989870900,0.013389750846,0.003212855994,-0.202922027371
0.131362618500,0.013254019754,0.003569385001,-0.142802053854
0.128735366200,0.013114168748,0.004017425541,-0.123650277576
0.126108113800,0.012943244780,0.004076081520,-0.070301215077
0.123480861400,0.012823846529,0.004122794254,-0.011583752777
0.120853609000,0.012725178020,0.004390046178,0.056308971730
0.118226356700,0.012466322819,0.004732757458,0.095054010143
0.115599104300,0.012264995010,0.004960032673,0.102330536332
0.112971851900,0.012205430553,0.005213370813,0.097698793063
0.110344599600,0.012233814424,0.005513752726,0.109248264712
0.107717347200,0.012199890419,0.005717017428,0.075691241701
0.105090094800,0.012412161708,0.005715666371,0.031991223085
0.102462842500,0.012733487874,0.005783326747,0.047221894201
0.099835590100,0.013024730282,0.005891976508,0.062250122305
0.097208337700,0.013233816421,0.006099406563,0.066569771468
0.094581085300,0.013359712813,0.006233237284,0.055123640171
0.091953833000,0.013348341356,0.006247161572,0.052642580246
0.089326580600,0.013240197205,0.006230933556,0.026070249808
0.086699328200,0.012994265368,0.006063563318,-0.119150120564
0.084072075900,0.012698566875,0.005828051886,-0.211159834686
0.081444823500,0.012575574288,0.005563307706,-0.208555730316
0.078817571100,0.012443984397,0.005214486829,-0.131191604913
0.076190318700,0.012326184272,0.004775569197,-0.027737723519
0.073563066400,0.012179108932,0.004556015071,0.104216484161
0.070935814000,0.012157193588,0.004606412795,0.262836958266
0.068308561600,0.012334244290,0.004776513084,0.417394234038
0.065681309300,0.012292571157,0.004846820497,0.553450821902
0.063054056900,0.012007224885,0.004759771390,0.609251843437
0.060426804500,0.011477154044,0.004802981124,0.538907246979
0.057799552100,0.010941519049,0.004759225756,0.391625385200
0.055172299800,0.010546657278,0.004759879787,0.305322979454
0.052545047400,0.010303707587,0.004899782655,0.324936158084
0.049917795000,0.010147575723,0.004970236937,0.376339406994
0.047290542700,0.010077645204,0.004961158851,0.321534029057
0.044663290300,0.009932562116,0.004876631099,0.283767373810
0.042036037900,0.009682713960,0.004880675955,0.270197260069
0.039408785500,0.009325940996,0.004844364623,0.208063697183
0.036781533200,0.008886697400,0.004672263552,0.156817352783
0.034154280800,0.008578720088,0.004410367838,0.108362165684
0.031527028400,0.008303103419,0.004216410080,0.070688118671
0.028899776100,0.008144497141,0.004019212607,0.057438896683
0.026272523700,0.007834753165,0.003708458992,0.078256961302
0.023645271300,0.006436637929,0.003261690513,0.122658030622
0.021018019000,0.005785944486,0.002893281523,0.124605404270
0.018390766600,0.006192791934,0.002764687405,0.053723660129
0.015763514200,0.006128500220,0.002535880225,-0.003301250789
0.013136261800,0.006132459429,0.002333300598,-0.005798498062
0.010509009500,0.006351461230,0.002243901749,0.012013388451
0.007881757100,0.006670017199,0.002085356201,0.006758513954
0.005254504700,0.007014109171,0.001935374791,-0.237093747834
0.002627252400,0.007008398131,0.001855730559,-1.374417322802
0.000000000000,0.006633644661,0.001635026744,-2.301660417763
