0.391460603250,0.049824022105,-0.000618742296,0.655160267968
0.388833350880,0.050053095244,-0.001190944554,0.115894176765
0.386206098510,0.052771010133,-0.001857472337,0.089658378545
0.383578846140,0.053007937311,-0.001721238487,0.484166520096
0.380951593770,0.052695680318,-0.001705858630,0.094769709828
0.378324341400,0.052173001553,-0.001695441446,-0.155418152922
0.375697089030,0.051978480465,-0.001641936531,-0.283386822347
0.373069836660,0.051624309335,-0.001599340670,-0.274453706675
0.370442584290,0.052741742721,-0.001591121700,-0.185855138332
0.367815331920,0.052915464705,-0.001434136555,-0.108947607313
0.365188079550,0.052625156231,-0.001337999609,-0.091153197813
0.362560827170,0.053957808131,-0.001323356108,-0.115440768763
0.359933574800,0.054949177277,-0.001370493920,-0.058596674119
0.357306322430,0.055248266020,-0.001421858799,0.074017852584
0.354679070060,0.054896988007,-0.001512275291,0.057810816952
0.352051817690,0.054978656179,-0.001570205710,-0.161166855805
0.349424565320,0.055605664092,-0.001536612568,-0.121557268350
0.346797312950,0.055662925879,-0.001457224804,0.081122486043
0.344170060580,0.055553055931,-0.001621187870,0.101251334968
0.341542808210,0.055210789660,-0.001711479381,0.077724801596
0.338915555840,0.055062055523,-0.001520603094,0.043757712087
0.336288303460,0.054942233388,-0.001278082054,-0.006706193942
0.333661051090,0.054807137664,-0.001116851378,-0.084036859184
0.331033798720,0.054717231869,-0.000988725455,-0.200788659717
0.328406546350,0.054518809458,-0.000852011775,-0.208105764540
0.325779293980,0.054292178956,-0.000844469431,-0.177679334337
0.323152041610,0.053956733314,-0.000663441917,-0.152684150072
0.320524789240,0.053137922646,-0.000432403829,-0.081664928786
0.317897536870,0.051959257319,-0.000148587812,-0.094155960979
0.315270284500,0.052458159095,0.000171188789,-0.102957176218
0.312643032100,0.052629044233,0.000409076859,-0.107383190791
0.310015779800,0.052470741686,0.000736889496,-0.139878082557
0.307388527400,0.052268527166,0.001004902222,-0.144546136120
0.304761275000,0.052136171172,0.001213240644,-0.144018887088
0.302134022600,0.052047701911,0.001463347141,-0.151392942066
0.299506770300,0.052110194690,0.001683118657,-0.144688003009
0.296879517900,0.052158828103,0.001850115078,-0.135864230673
0.294252265500,0.052292041367,0.002131415493,-0.090399479124
0.291625013200,0.052529098730,0.002334367942,-0.046172528274
0.288997760800,0.052527988598,0.002432554216,-0.004506366816
0.286370508400,0.052589994549,0.002395123077,0.102351742462
0.283743256000,0.052639065643,0.002520161459,0.113038952158
0.281116003700,0.052598088617,0.002672576295,0.066266341509
0.278488751300,0.052459588186,0.002518526454,0.073641700581
0.275861498900,0.052461621661,0.002428075039,0.061423523229
0.273234246600,0.052509753581,0.002443102087,0.015449364584
0.270606994200,0.052498501936,0.002405324423,0.033350294526
0.267979741800,0.052562080841,0.002451070513,0.072276420792
0.265352489400,0.052632745025,0.002435984910,0.078092101902
0.262725237100,0.052704399978,0.002372286064,0.013655118892
0.260097984700,0.052951715088,0.002308533349,-0.072921718413
0.257470732300,0.053026768268,0.002371678734,-0.171426689933
0.254843480000,0.053144145801,0.002559767199,-0.163580052609
0.252216227600,0.053382007137,0.002710166383,-0.065677010696
0.249588975200,0.053421812843,0.002623208844,0.014350243528
0.246961722900,0.053516732058,0.002435228987,0.096573343404
0.244334470500,0.053640149544,0.002215236070,0.136724503968
0.241707218100,0.053756400939,0.002012417393,0.117463192957
0.239079965700,0.053876334452,0.001785734249,0.048094238456
0.236452713400,0.053905937209,0.001623793987,-0.027726628053
0.233825461000,0.053718661085,0.001544449040,-0.056983451138
0.231198208600,0.053311909293,0.001381298065,0.108915489996
0.228570956300,0.052170466783,0.001169422641,0.027825296458
0.225943703900,0.052735863235,0.001025640726,-0.125558243210
0.223316451500,0.052527947035,0.001016585032,0.024591785017
0.220689199100,0.052313485955,0.000958505836,0.066198585640
0.218061946800,0.052312351368,0.000886085503,0.089302225257
0.215434694400,0.052486710175,0.000824178992,0.055536370197
0.212807442000,0.052789955804,0.000690428140,-0.003688874780
0.210180189700,0.053116494049,0.000527583675,-0.067345926860
0.207552937300,0.053482144036,0.000463715764,-0.105358442230
0.204925684900,0.053747589135,0.000326186465,-0.138104908279
0.202298432500,0.053959108930,0.000327684700,-0.133221869650
0.199671180200,0.053866044744,0.000445802056,-0.089443764950
0.197043927800,0.053727324642,0.000558390223,-0.007096056093
0.194416675400,0.053439344256,0.000731295935,0.067323274325
0.191789423100,0.053180961110,0.000918125681,0.035525119870
0.189162170700,0.053094132185,0.001143517695,-0.016423724496
0.186534918300,0.052950674224,0.001210700284,0.041165394812
0.183907666000,0.052742650208,0.001312833360,0.111987507670
0.181280413600,0.052620715465,0.001467600585,0.131468187887
0.178653161200,0.052427064543,0.001709177493,0.177139060775
0.176025908800,0.052331865769,0.002015037905,0.236796368990
0.173398656500,0.052309076065,0.002330243217,0.246178705465
0.170771404100,0.052401017149,0.002592833384,0.240664264402
0.168144151700,0.052555794346,0.002522702683,0.221962082729
0.165516899400,0.052771828651,0.002323235773,0.150969575452
0.162889647000,0.053046942337,0.002321891366,0.109130212218
0.160262394600,0.053221670872,0.002190980417,0.098685191275
0.157635142200,0.053446856566,0.002134833754,0.079542206339
0.155007889900,0.053858527904,0.002118803198,0.097787069044
0.152380637500,0.054176479455,0.002143065809,0.084269884690
0.149753385100,0.054324558869,0.002346674299,-0.064610875731
0.147126132800,0.054350179748,0.002424851708,-0.189694848576
0.144498880400,0.054385945609,0.002490978641,-0.306308375219
0.141871628000,0.054375907462,0.002432559854,-0.409645207323
0.139244375600,0.054275987268,0.002662279934,-0.403175768240
0.136617123300,0.054176192699,0.002729150597,-0.341687611437
0.133989870900,0.053950692196,0.002907522990,-0.235214062967
0.131362618500,0.053751631345,0.002981641366,-0.123195493007
0.128735366200,0.053521131538,0.003012090176,-0.064568432469
0.126108113800,0.052733274021,0.003226344003,-0.025236096059
0.123480861400,0.052710118356,0.003418328911,0.004442759304
0.120853609000,0.052708459679,0.003500617926,0.011811065082
0.118226356700,0.052652719290,0.003455981324,-0.003265832986
0.115599104300,0.052568512139,0.003479027080,-0.013349280345
0.112971851900,0.052414744558,0.003479815015,0.015636433080
0.110344599600,0.052283436396,0.003668489581,0.028213034847
0.107717347200,0.052296675729,0.003809095770,-0.021386427584
0.105090094800,0.051134281435,0.003836367002,0.006625090143
0.102462842500,0.052425381593,0.003983083962,0.062294228418
0.099835590100,0.053131681177,0.004070742697,0.039317216398
0.097208337700,0.053213842406,0.004116233888,0.069244388014
0.094581085300,0.053240703431,0.004121172845,0.073943655374
0.091953833000,0.053239151922,0.003935297906,0.005198119440
0.089326580600,0.053039771182,0.003716982290,-0.065925146034
0.086699328200,0.052855194422,0.003455191503,-0.107010255856
0.084072075900,0.052589615999,0.002989698525,-0.075225968398
0.081444823500,0.052451831875,0.002441580653,-0.073632163308
0.078817571100,0.052287392323,0.002050305930,0.026335568874
0.076190318700,0.052033315083,0.001942277593,0.181567643877
0.073563066400,0.051905701036,0.001845417765,0.258111888627
0.070935814000,0.051966560782,0.001720950658,0.380341374340
0.068308561600,0.051791782585,0.001766167480,0.427533133177
0.065681309300,0.051561090397,0.001868108279,0.367332046883
0.063054056900,0.051272907185,0.001793278360,0.379732184619
0.060426804500,0.050995739644,0.001923301236,0.311422512788
0.057799552100,0.050587718320,0.002004895679,0.213188319988
0.055172299800,0.050446104541,0.002116048890,0.210831360070
0.052545047400,0.050437420735,0.002457836275,0.291765054229
0.049917795000,0.050478139571,0.002665859988,0.338521600590
0.047290542700,0.050460434171,0.002858256794,0.250349527894
0.044663290300,0.050534336619,0.002927040032,0.195212880135
0.042036037900,0.050531424501,0.002550054959,0.205451707643
0.039408785500,0.050251816145,0.002411239547,0.215779203931
0.036781533200,0.050083664586,0.002486709290,0.207351146192
0.034154280800,0.049729398449,0.002358659104,0.200327775386
0.031527028400,0.049245030870,0.002156992461,0.192805154665
0.028899776100,0.048859213186,0.001710098075,0.193738889982
0.026272523700,0.048396553416,0.001449114601,0.137180368009
0.023645271300,0.047759545635,0.001170101348,0.137221823732
0.021018019000,0.047181986740,0.000990883850,0.177315739995
0.018390766600,0.046800340715,0.000813626284,0.087985676830
0.015763514200,0.046596863223,0.000659635575,-0.054667238223
0.013136261800,0.046589257390,0.000633665318,-0.113093838463
0.010509009500,0.046791521503,0.000687618623,-0.065390094608
0.007881757100,0.047325251968,0.000568689167,-0.164056927087
0.005254504700,0.047973887296,0.000474279911,-0.378729803823
0.002627252400,0.047977121244,0.000249635548,-0.884983975404
0.000000000000,0.045961929831,-0.000033873858,-1.318058241285
