0.391460603250,-0.054851316315,0.000141751554,0.192315447796
0.388833350880,-0.055826738114,0.000150433488,0.108567018545
0.386206098510,-0.056015266107,0.000484460323,0.084166046375
0.383578846140,-0.055851569915,0.000375229367,-0.126958379871
0.380951593770,-0.056977070923,0.000629336558,-0.018320003249
0.378324341400,-0.056759509185,0.000908669613,0.041434549489
0.375697089030,-0.057017308522,0.001125406707,-0.183280745306
0.373069836660,-0.057388273526,0.001163521220,-0.064713759532
0.370442584290,-0.058829775097,0.001474103938,-0.173165328399
0.367815331920,-0.058873972335,0.001772070973,-0.064182285512
0.365188079550,-0.058491477106,0.001972123518,0.179577588175
0.362560827170,-0.058830381764,0.002302343635,0.094688691824
0.359933574800,-0.058125520978,0.002465472884,-0.022922970673
0.357306322430,-0.056532465028,0.002630584228,-0.000985404101
0.354679070060,-0.057399842442,0.002721761647,-0.037908710428
0.352051817690,-0.057021594309,0.002938312449,-0.059417844349
0.349424565320,-0.056624600385,0.003053665764,-0.028186939574
0.346797312950,-0.056547577231,0.003276180695,-0.056058537744
0.344170060580,-0.056519936414,0.003392035317,-0.085901128479
0.341542808210,-0.056468343822,0.003542951580,-0.056448135575
0.338915555840,-0.056441582138,0.003642443522,-0.020663384254
0.336288303460,-0.056599759093,0.003665030222,-0.008742752058
0.333661051090,-0.056753677658,0.003736152936,0.025086522654
0.331033798720,-0.056960481993,0.003777332596,0.067905600973
0.328406546350,-0.057137937471,0.003687849864,0.047562297619
0.325779293980,-0.057426217516,0.003791671628,0.072967621052
0.323152041610,-0.057596595504,0.003885847637,0.105463065962
0.320524789240,-0.057725427402,0.003932286893,0.107303006681
0.317897536870,-0.057898162535,0.004016456036,0.097135278574
0.315270284500,-0.058099258970,0.003970370618,0.090669138123
0.312643032100,-0.058231775428,0.004024820707,0.054814103387
0.310015779800,-0.058404568829,0.003935640393,0.050724116136
0.307388527400,-0.058580535539,0.003847861379,0.064045078604
0.304761275000,-0.058776689463,0.003807382714,0.036176767986
0.302134022600,-0.059012040786,0.003803390142,-0.001524669010
0.299506770300,-0.059024888605,0.003716582237,0.002785754677
0.296879517900,-0.058895528318,0.003563515988,-0.016579760530
0.294252265500,-0.058883130926,0.003566307426,-0.037192406481
0.291625013200,-0.058983478914,0.003666351782,-0.026903299183
0.288997760800,-0.059077407540,0.003726129093,0.037024665299
0.286370508400,-0.059226757203,0.003806497435,0.125646640861
0.283743256000,-0.059361634919,0.003796965081,0.139680097262
0.281116003700,-0.059449518854,0.003833479010,0.116440701499
0.278488751300,-0.059359035134,0.003825958563,0.089393011668
0.275861498900,-0.059143854573,0.003946081532,0.030354719180
0.273234246600,-0.058994821231,0.004011114960,0.013964604927
0.270606994200,-0.058830772336,0.003872651556,0.021141097955
0.267979741800,-0.058649992589,0.003776992462,0.026876457189
0.265352489400,-0.058645279871,0.003791840794,-0.004455826334
0.262725237100,-0.058629363201,0.003684997487,0.015061407369
0.260097984700,-0.058670560165,0.003547211001,0.053961461815
0.257470732300,-0.058665467293,0.003395139345,0.047441043124
0.254843480000,-0.058646043639,0.003210335748,0.050430102434
0.252216227600,-0.058617574490,0.003057991287,0.088235641057
0.249588975200,-0.058715475625,0.002947284801,0.136671227745
0.246961722900,-0.058849063999,0.002760497975,0.141929321142
0.244334470500,-0.058977544787,0.002603175419,0.117588233963
0.241707218100,-0.059269432456,0.002482557598,0.062326050544
0.239079965700,-0.059454847281,0.002365057642,0.032965069791
0.236452713400,-0.059582381543,0.002270816509,0.009086585205
0.233825461000,-0.059687298617,0.002222224063,-0.027928316339
0.231198208600,-0.059777748771,0.002171938529,-0.050687322974
0.228570956300,-0.059844783028,0.002178999676,-0.038422629931
0.225943703900,-0.059936118109,0.002249709331,0.009959786906
0.223316451500,-0.059989240073,0.002268653926,0.080270893012
0.220689199100,-0.060205576334,0.002301182035,0.087044281251
0.218061946800,-0.060470450166,0.002410590449,0.071716214415
0.215434694400,-0.060663946777,0.002469031700,0.111207895680
0.212807442000,-0.060902491437,0.002457587940,0.204192443457
0.210180189700,-0.061136451044,0.002509114072,0.197000873632
0.207552937300,-0.061242729511,0.002588646945,0.190200592867
0.204925684900,-0.061292393041,0.002609640821,0.268785178745
0.202298432500,-0.061325968188,0.002600238990,0.303815097119
0.199671180200,-0.061191792896,0.002681536353,0.279024011454
0.197043927800,-0.061154811207,0.002880127820,0.222778112070
0.194416675400,-0.061040639644,0.003018531258,0.192862141865
0.191789423100,-0.060878971218,0.003243011624,0.142964905318
0.189162170700,-0.060869383752,0.003449895146,0.093452115562
0.186534918300,-0.060831732090,0.003618390136,0.065187513306
0.183907666000,-0.060846952898,0.003727196588,0.064776015719
0.181280413600,-0.060836884451,0.003768264092,0.097507024605
0.178653161200,-0.060778999158,0.003635622362,0.084001578347
0.176025908800,-0.060836673689,0.003627211995,0.113908395613
0.173398656500,-0.060966898041,0.003799554607,0.106634539226
0.170771404100,-0.061046533879,0.003938709742,0.058527267678
0.168144151700,-0.060972183717,0.003971145330,0.005074539492
0.165516899400,-0.060965992878,0.004040618765,0.011797172001
0.162889647000,-0.060988978034,0.004263280685,0.034310153478
0.160262394600,-0.061008964606,0.004389373627,0.042188672185
0.157635142200,-0.060944948632,0.004478211660,0.093310882203
0.155007889900,-0.060876053700,0.004543140450,0.142848967162
0.152380637500,-0.060852656512,0.004539475910,0.116822953782
0.149753385100,-0.060776145392,0.004553240561,0.077227400919
0.147126132800,-0.060492548292,0.004477603415,0.078613193772
0.144498880400,-0.060072438057,0.004518256964,0.059902431851
0.141871628000,-0.059682590442,0.004591265086,0.012122985865
0.139244375600,-0.059261598854,0.004529480710,-0.038761775409
0.136617123300,-0.058860718867,0.004261967412,-0.093760423830
0.133989870900,-0.058590381157,0.003960000230,-0.116124491274
0.131362618500,-0.058526617816,0.003649277005,-0.053266241742
0.128735366200,-0.058450267308,0.003147077516,0.005582441101
0.126108113800,-0.058387803042,0.002758662720,-0.017191662313
0.123480861400,-0.058550414036,0.002407052553,-0.022459587479
0.120853609000,-0.058847938236,0.002106708498,0.051052041971
0.118226356700,-0.059281595327,0.002069315390,0.142141181381
0.115599104300,-0.059791450679,0.002171445908,0.141480444928
0.112971851900,-0.060287754184,0.002206039486,0.118635699040
0.110344599600,-0.060799677400,0.002387431511,0.140137507813
0.107717347200,-0.061250224032,0.002325305669,0.098763885945
0.105090094800,-0.061749540011,0.002297767512,0.051799894250
0.102462842500,-0.062199024616,0.002364634260,0.017793101022
0.099835590100,-0.062615392762,0.002353765218,-0.008234537543
0.097208337700,-0.063182812712,0.002193075176,0.029713795665
0.094581085300,-0.063636537305,0.002170026388,0.091427337776
0.091953833000,-0.063848737095,0.002189117907,0.072499873345
0.089326580600,-0.063829117160,0.002054075651,0.064525612172
0.086699328200,-0.063710152124,0.001879219011,0.150687799157
0.084072075900,-0.063407641929,0.001728920912,0.240807710157
0.081444823500,-0.063219535214,0.001423165542,0.223643402323
0.078817571100,-0.062929011140,0.001355940192,0.059435042332
0.076190318700,-0.062683449978,0.001336393369,-0.098327848840
0.073563066400,-0.062394511652,0.001397551252,-0.082775430368
0.070935814000,-0.062231584147,0.001550989715,0.022915750700
0.068308561600,-0.062146624225,0.001748725933,0.029642959550
0.065681309300,-0.062301141218,0.001877279628,0.005044260840
0.063054056900,-0.062347288121,0.002012317218,-0.009818131336
0.060426804500,-0.062602776856,0.002119222225,0.061831196106
0.057799552100,-0.062959864654,0.002090267165,0.059959983737
0.055172299800,-0.063422480508,0.001970432466,0.056847627070
0.052545047400,-0.063967533359,0.001989737001,0.062904979861
0.049917795000,-0.064443864738,0.002174840005,0.066381739424
0.047290542700,-0.064719805387,0.002399391571,0.046924118253
0.044663290300,-0.065109248807,0.002491165984,-0.014366643962
0.042036037900,-0.065419789393,0.002522850390,-0.096920359569
0.039408785500,-0.065507283369,0.002742257677,-0.135486612920
0.036781533200,-0.065637334774,0.002843124107,-0.114759688838
0.034154280800,-0.065561621237,0.002979055977,-0.060502849417
0.031527028400,-0.065431906180,0.002878842151,0.040243968776
0.028899776100,-0.065310982599,0.002841550205,0.082567846695
0.026272523700,-0.065044413294,0.002627711609,0.066106764823
0.023645271300,-0.064878914450,0.002288758022,0.060027954520
0.021018019000,-0.064790875647,0.002106272136,0.079219484324
0.018390766600,-0.064950704309,0.001784690906,0.118848533981
0.015763514200,-0.065099190244,0.001524811902,0.029052996548
0.013136261800,-0.065298927824,0.001539273351,-0.103251778137
0.010509009500,-0.065315671164,0.001585478080,-0.167733220053
0.007881757100,-0.065215581256,0.001511333836,-0.160934474899
0.005254504700,-0.065067364857,0.001430371239,-0.164947475630
0.002627252400,-0.064554448649,0.001574150751,-1.244812698396
0.000000000000,-0.058766620079,0.001592419449,-2.252872979948
