0.391460603250,0.005442028884,-0.000388231190,0.647092104476
0.388833350880,0.003448964551,-0.000275033463,0.422081116613
0.386206098510,0.003317695710,0.000000669472,0.141957262128
0.383578846140,0.003620467341,0.000320017676,0.027576261343
0.380951593770,0.003955015190,0.000514616597,0.651231539583
0.378324341400,0.004982263672,0.000681519503,0.775061575886
0.375697089030,0.003825424284,0.000807966935,-0.165406254965
0.373069836660,0.002736103343,0.001038215447,-0.152580339005
0.370442584290,0.003736440242,0.001171477337,0.199447899135
0.367815331920,0.004663694879,0.001040490193,0.048221993714
0.365188079550,0.005091430645,0.001001901831,-0.213226375290
0.362560827170,0.005455001261,0.000895817128,-0.472797812079
0.359933574800,0.006147068021,0.000697419544,-0.080758465089
0.357306322430,0.005940913264,0.000658270798,0.209910425775
0.354679070060,0.006132512393,0.000357624002,0.065387310786
0.352051817690,0.005996149671,0.000082942890,0.112664503698
0.349424565320,0.006284539310,-0.000186907190,0.112312671945
0.346797312950,0.006272296834,-0.000363136328,0.054304241090
0.344170060580,0.006170162337,-0.000560693440,0.005664313488
0.341542808210,0.006044157293,-0.000817364256,-0.039103881415
0.338915555840,0.005945174609,-0.000899992579,-0.019979954535
0.336288303460,0.005841235218,-0.001045482155,-0.011531208865
0.333661051090,0.005581692751,-0.001261918852,0.054915477774
0.331033798720,0.005416802376,-0.001358518650,0.121639679966
0.328406546350,0.005345103863,-0.001146236623,0.133121739591
0.325779293980,0.005166820418,-0.000916602493,0.109438173842
0.323152041610,0.004991462239,-0.000866510718,0.099025679601
0.320524789240,0.004887721209,-0.000845875014,0.090614971797
0.317897536870,0.004781170707,-0.000788037896,0.038725341761
0.315270284500,0.004620404419,-0.000519551752,-0.048621949946
0.312643032100,0.004644635143,-0.000176279768,-0.091769087379
0.310015779800,0.004591418041,-0.000047343040,-0.064305932611
0.307388527400,0.004429285218,0.000263775983,-0.023945090513
0.304761275000,0.004292827565,0.000755500348,0.039618026629
0.302134022600,0.004166241067,0.001024006907,0.094854282420
0.299506770300,0.004137050366,0.001226151879,0.075203266463
0.296879517900,0.004118104647,0.001505732251,0.007571251451
0.294252265500,0.003876736691,0.001658521145,-0.022469980229
0.291625013200,0.003608311404,0.001627265922,-0.029036329681
0.288997760800,0.003308466060,0.001485480771,-0.051065896339
0.286370508400,0.002950438810,0.001380001124,-0.021133135301
0.283743256000,0.002780288681,0.001439794761,0.038143313311
0.281116003700,0.002653845407,0.001441159024,0.166384965835
0.278488751300,0.002527847819,0.001417715324,0.253206986692
0.275861498900,0.002453440105,0.001400885422,0.237362469639
0.273234246600,0.002406589356,0.001488512293,0.189201628050
0.270606994200,0.002439212806,0.001758360131,0.071974568750
0.267979741800,0.002502262973,0.001989095171,-0.033372083626
0.265352489400,0.002752016889,0.002164536017,-0.082848320804
0.262725237100,0.002931556124,0.002222513768,-0.109335911300
0.260097984700,0.003211408973,0.002274414016,-0.136813603907
0.257470732300,0.003531848925,0.002226106178,-0.123406185664
0.254843480000,0.003545563567,0.002049599531,-0.068366545858
0.252216227600,0.003542199134,0.002090229445,0.019922785599
0.249588975200,0.003566476212,0.002080902199,0.101147353728
0.246961722900,0.003599308861,0.001960703406,0.171600761646
0.244334470500,0.003541295542,0.002058220305,0.184957743460
0.241707218100,0.003553426648,0.002261235024,0.137240150803
0.239079965700,0.003575825636,0.002260085886,0.077942863508
0.236452713400,0.003625830238,0.002353292012,0.009704349227
0.233825461000,0.003777003938,0.002375271908,-0.043747479874
0.231198208600,0.003903916561,0.002571501215,-0.101486700239
0.228570956300,0.004084448156,0.002619160500,-0.130387178334
0.225943703900,0.004349347765,0.002523942137,-0.119908552884
0.223316451500,0.004469654395,0.002238564371,-0.116312438520
0.220689199100,0.004477145294,0.002126424239,-0.086899471536
0.218061946800,0.004468763763,0.002061325246,-0.082727340493
0.215434694400,0.004498366396,0.002096171076,-0.065437955923
0.212807442000,0.004358349813,0.002027213120,-0.008285726292
0.210180189700,0.004150015144,0.001975371815,0.017698689997
0.207552937300,0.003929001989,0.001930173148,0.044639713235
0.204925684900,0.003843420778,0.002014979524,0.077465403495
0.202298432500,0.004058032861,0.002077773743,0.104275396599
0.199671180200,0.004317974570,0.002169615446,0.113829659416
0.197043927800,0.004561125858,0.002444873941,0.121501151303
0.194416675400,0.004832541869,0.002662726183,0.127230576636
0.191789423100,0.004917556439,0.002726665941,0.157460031655
0.189162170700,0.004795780215,0.002905290428,0.148027778152
0.186534918300,0.004919075299,0.003044383314,0.092463132460
0.183907666000,0.005068538779,0.003312961848,0.070870414012
0.181280413600,0.005047434946,0.003579904251,0.108268949352
0.178653161200,0.005020597555,0.003583174737,0.099148801027
0.176025908800,0.005021239073,0.003776112025,0.066429200029
0.173398656500,0.005120298487,0.004003885031,0.064053711585
0.170771404100,0.005211053503,0.004164080973,0.046922083617
0.168144151700,0.005157802785,0.004377713241,0.038335576110
0.165516899400,0.005064189183,0.004652669919,0.021734888577
0.162889647000,0.004955669925,0.004794638392,0.027113011792
0.160262394600,0.004843612716,0.004851807338,0.076141143183
0.157635142200,0.004752686343,0.004829521753,0.128540456947
0.155007889900,0.004654458887,0.004869853697,0.134051403074
0.152380637500,0.004534339346,0.004925043063,0.147497658859
0.149753385100,0.004506533909,0.004883161269,0.151914814173
0.147126132800,0.004584927353,0.004865670166,0.140228798510
0.144498880400,0.004668172296,0.004801849442,0.149231102993
0.141871628000,0.004837002607,0.004481231246,0.156637115393
0.139244375600,0.005069535158,0.004422517130,0.119625452586
0.136617123300,0.005152322262,0.004108178764,0.085527108166
0.133989870900,0.005222215731,0.003765684435,-0.014052781887
0.131362618500,0.005304359339,0.003364433686,-0.058712347893
0.128735366200,0.005415463706,0.003092913988,-0.032861083204
0.126108113800,0.005369073651,0.002705299364,0.018607795459
0.123480861400,0.005247771684,0.002587975894,0.069852486226
0.120853609000,0.004957507216,0.002561829683,0.061693136940
0.118226356700,0.004661061932,0.002604629385,0.064652816319
0.115599104300,0.004348986239,0.002714050553,0.110154389165
0.112971851900,0.004187929358,0.003003952726,0.063932672351
0.110344599600,0.003966282389,0.003177280885,-0.039615844759
0.107717347200,0.003655710693,0.003496420963,-0.100790380507
0.105090094800,0.003304206273,0.003645249405,-0.161280857620
0.102462842500,0.002796469934,0.003806423140,-0.136934009266
0.099835590100,0.002499578984,0.004004261312,-0.111385278848
0.097208337700,0.002322754751,0.003947889063,-0.136651207580
0.094581085300,0.002209238630,0.003940305798,-0.157536212094
0.091953833000,0.002416723007,0.004147302915,-0.121791863515
0.089326580600,0.002616873398,0.004293023838,-0.022292426899
0.086699328200,0.003051660915,0.004422835508,0.030274508859
0.084072075900,0.003535896803,0.004644221153,0.038400300254
0.081444823500,0.003781441896,0.004786096714,-0.066726323617
0.078817571100,0.003958711817,0.004870907138,-0.170542034084
0.076190318700,0.004048120962,0.005073484778,-0.163659402918
0.073563066400,0.003870290264,0.005060216122,-0.168161960302
0.070935814000,0.003650329017,0.005082704308,-0.235957587408
0.068308561600,0.003623322884,0.005039056363,-0.223656560799
0.065681309300,0.003625669158,0.005011403442,-0.155215829649
0.063054056900,0.003631800652,0.004935231582,-0.102869464287
0.060426804500,0.003579486705,0.005012152871,-0.053187524265
0.057799552100,0.003525792279,0.004925944511,-0.021079020780
0.055172299800,0.003444219832,0.004829813634,-0.019582487567
0.052545047400,0.003213225376,0.004857986553,0.002122249310
0.049917795000,0.002946151908,0.004727958943,-0.037878261550
0.047290542700,0.002596660223,0.004765096623,-0.061293895070
0.044663290300,0.002320799471,0.004891941056,-0.119262991861
0.042036037900,0.002047296474,0.004720396323,-0.150847887579
0.039408785500,0.001748486882,0.004566331840,-0.086936030376
0.036781533200,0.001505245286,0.004522952260,-0.040697548851
0.034154280800,0.001383748983,0.004504119548,0.001356758039
0.031527028400,0.001240498450,0.004432843295,0.125655984112
0.028899776100,0.001059446518,0.004125170529,0.150314703362
0.026272523700,0.000855562705,0.003878250717,0.107485538333
0.023645271300,0.000239470224,0.003772908065,0.155117769432
0.021018019000,0.000191519462,0.003698852195,0.291984526860
0.018390766600,0.000129053751,0.003558795616,0.320320573107
0.015763514200,-0.000173639464,0.003373774400,0.172047278478
0.013136261800,-0.000501757220,0.003222243463,0.073853926452
0.010509009500,-0.000874630528,0.003170692858,0.004156329565
0.007881757100,-0.001153839610,0.002982255505,-0.117162815791
0.005254504700,-0.001278382259,0.002801551698,-0.298249754552
0.002627252400,-0.001081806339,0.002582467291,-1.554567975381
0.000000000000,-0.000782511969,0.002263086031,-2.694678643314
