0.391460603250,0.059714490706,-0.000354115359,0.117613552206
0.388833350880,0.059312462388,-0.000874033326,0.340572887304
0.386206098510,0.058873058728,-0.001095328031,0.467299321049
0.383578846140,0.058205525975,-0.001293667754,0.367094106612
0.380951593770,0.059880323638,-0.001341702350,0.069360260068
0.378324341400,0.059857806242,-0.001334108331,-0.634809372116
0.375697089030,0.059667026887,-0.001237683773,-0.496817540647
0.373069836660,0.057976541835,-0.001113290668,0.077906758220
0.370442584290,0.059270424174,-0.001121045258,0.069029465704
0.367815331920,0.060320862998,-0.001164561361,0.044804475198
0.365188079550,0.061492526596,-0.001119057702,-0.253270311907
0.362560827170,0.061824477008,-0.001344316515,-0.397129342886
0.359933574800,0.062031981937,-0.001485870602,-0.058530394031
0.357306322430,0.062074185791,-0.001678591501,0.019081350566
0.354679070060,0.062061144158,-0.001597212076,0.055570907703
0.352051817690,0.061717335354,-0.001534903976,-0.106204506114
0.349424565320,0.062628682879,-0.001498111248,-0.170224668478
0.346797312950,0.062825441500,-0.001570466708,0.056646390751
0.344170060580,0.062939124084,-0.001756007922,0.122756361941
0.341542808210,0.062986459732,-0.001794833063,0.100021735108
0.338915555840,0.062972995516,-0.001689394441,0.048282010803
0.336288303460,0.063022078713,-0.001535534580,-0.053674331248
0.333661051090,0.062953310461,-0.001335656344,-0.152472555217
0.331033798720,0.062837540793,-0.001259451151,-0.233927946594
0.328406546350,0.062646722110,-0.001091851822,-0.194219474919
0.325779293980,0.062362264592,-0.000956106257,-0.131566450284
0.323152041610,0.061938003233,-0.000725021171,-0.110442935191
0.320524789240,0.061512388567,-0.000468835427,-0.078912079467
0.317897536870,0.061138303328,-0.000175937773,-0.037149552085
0.315270284500,0.060803959924,0.000025475030,-0.025037835649
0.312643032100,0.060647346509,0.000146415216,-0.088881030279
0.310015779800,0.060423788629,0.000236743435,-0.115847794369
0.307388527400,0.060201721237,0.000632952341,-0.123157632835
0.304761275000,0.060047980361,0.000824797913,-0.133522561168
0.302134022600,0.059914179167,0.001156648784,-0.151586460415
0.299506770300,0.060086938700,0.001550924097,-0.147418154927
0.296879517900,0.060287917428,0.001777141864,-0.124643671842
0.294252265500,0.060404503131,0.002044389259,-0.066521592204
0.291625013200,0.060577130034,0.002345394154,0.014324505491
0.288997760800,0.060606800241,0.002581362052,0.058152523781
0.286370508400,0.060696555144,0.002565751940,0.086555639400
0.283743256000,0.060250124309,0.002602337949,0.091859798873
0.281116003700,0.060608973564,0.002596280389,0.044147744875
0.278488751300,0.060747001494,0.002518322859,0.000326137451
0.275861498900,0.060762358008,0.002354303684,-0.015288364892
0.273234246600,0.060820296151,0.002223169667,-0.016715548101
0.270606994200,0.060809794538,0.002184293349,0.024470158220
0.267979741800,0.060928196383,0.002128182414,0.080238228813
0.265352489400,0.060930026388,0.002124409657,0.017094321345
0.262725237100,0.060958784506,0.002077147328,-0.072639624936
0.260097984700,0.061092990323,0.002118330354,-0.149338280992
0.257470732300,0.061126974197,0.002207842890,-0.230768583626
0.254843480000,0.061054506543,0.002277958735,-0.157699413687
0.252216227600,0.061142554381,0.002365106288,0.025607196677
0.249588975200,0.061188760868,0.002311808608,0.135961308339
0.246961722900,0.061249487027,0.002044640735,0.108500031713
0.244334470500,0.061399616138,0.001859890202,0.097432123487
0.241707218100,0.061477200810,0.001722390243,0.106899051908
0.239079965700,0.061525888258,0.001636343969,0.041457132318
0.236452713400,0.061390519424,0.001454747435,-0.027205542094
0.233825461000,0.061153300191,0.001393609349,-0.051796166630
0.231198208600,0.060868247409,0.001373432766,-0.059284078896
0.228570956300,0.060403664408,0.001239879778,-0.030766387649
0.225943703900,0.060023543136,0.001046760210,-0.000794989948
0.223316451500,0.059866786727,0.000902883889,0.018586416765
0.220689199100,0.059866294584,0.000748726083,0.027569762256
0.218061946800,0.059869946955,0.000641805867,0.054468786476
0.215434694400,0.059850627649,0.000484609735,0.036658930880
0.212807442000,0.060044502956,0.000270124789,-0.054550720104
0.210180189700,0.060312952566,0.000127950177,-0.116102100554
0.207552937300,0.060593753063,0.000016487682,-0.132430489171
0.204925684900,0.060798763891,0.000011217515,-0.145241835301
0.202298432500,0.060860673917,0.000104454521,-0.116785061081
0.199671180200,0.060803353621,0.000185103152,-0.055048050968
0.197043927800,0.060748566082,0.000318601869,0.004379424503
0.194416675400,0.060576920311,0.000445550022,-0.000819765795
0.191789423100,0.060438391572,0.000602725476,-0.040299566105
0.189162170700,0.060241017565,0.000898417559,-0.017036704630
0.186534918300,0.059995534030,0.000948371380,0.062358885411
0.183907666000,0.059776783907,0.001110060944,0.166112489986
0.181280413600,0.059671101685,0.001266537308,0.242390944482
0.178653161200,0.059619765624,0.001350800380,0.294146970640
0.176025908800,0.059626859704,0.001706999462,0.297338377774
0.173398656500,0.059733855387,0.002193084577,0.257558201754
0.170771404100,0.059922852622,0.002319134483,0.245956201600
0.168144151700,0.060281165260,0.002234258954,0.218751520878
0.165516899400,0.060665504406,0.002070251723,0.138489373311
0.162889647000,0.060933376608,0.001843404561,0.079018552096
0.160262394600,0.061238303688,0.001731375391,0.099195741606
0.157635142200,0.061594702839,0.001690895885,0.104703052088
0.155007889900,0.061840692208,0.001498306624,0.106238878092
0.152380637500,0.062106118005,0.001461022805,0.048227680156
0.149753385100,0.062253726371,0.001458991614,-0.136034775926
0.147126132800,0.062228547878,0.001624616241,-0.279480639109
0.144498880400,0.062046161964,0.001779586100,-0.342499680814
0.141871628000,0.061855099827,0.001887694496,-0.360763289178
0.139244375600,0.061681710568,0.002049134488,-0.288068099799
0.136617123300,0.061502256980,0.002060136095,-0.195296385923
0.133989870900,0.061320653701,0.002098670045,-0.140963921210
0.131362618500,0.060961931331,0.002134138942,-0.081358338150
0.128735366200,0.060666938047,0.002283076528,-0.072943299509
0.126108113800,0.060473732321,0.002563343691,-0.047508831287
0.123480861400,0.060269807539,0.002761742993,-0.026743048532
0.120853609000,0.060008333048,0.002784847144,-0.020177884616
0.118226356700,0.059615623899,0.002825560436,0.002866509889
0.115599104300,0.059470500809,0.002817607558,0.033204213381
0.112971851900,0.059358835114,0.002839652853,0.050694925589
0.110344599600,0.059361883058,0.003034700839,0.077087337757
0.107717347200,0.059392678321,0.003073358628,0.050954743683
0.105090094800,0.059487946679,0.003338232615,0.055278656811
0.102462842500,0.059686137648,0.003436995642,0.024280417774
0.099835590100,0.059812031127,0.003432340143,0.023975266037
0.097208337700,0.059933206471,0.003343860252,0.045701371914
0.094581085300,0.060016819414,0.003230062280,0.024840357723
0.091953833000,0.059866140810,0.003132970094,-0.031374545214
0.089326580600,0.059819221916,0.002930576824,-0.028663949665
0.086699328200,0.059688822814,0.002583008565,-0.002307551738
0.084072075900,0.059595185968,0.002394863361,0.051387133784
0.081444823500,0.059448751322,0.002151335258,0.130939056674
0.078817571100,0.059109319638,0.001916313688,0.213642966349
0.076190318700,0.058834777389,0.001806420548,0.279599563476
0.073563066400,0.058670190834,0.001752505662,0.383535954183
0.070935814000,0.058636202234,0.001904856982,0.501873620242
0.068308561600,0.058636748871,0.002044392613,0.468806123422
0.065681309300,0.058485450221,0.002068545938,0.321672003581
0.063054056900,0.058454053210,0.001867657314,0.263035744032
0.060426804500,0.058522124415,0.001884811026,0.241802607853
0.057799552100,0.058347301014,0.002163918675,0.270028549218
0.055172299800,0.058135091684,0.002151596457,0.334049155329
0.052545047400,0.058079589238,0.002312617973,0.371633201673
0.049917795000,0.058086173605,0.002620440809,0.314969952667
0.047290542700,0.058127607115,0.002426131976,0.239073788356
0.044663290300,0.058090507196,0.002360808863,0.198312622769
0.042036037900,0.058005286875,0.002415545274,0.155613893920
0.039408785500,0.057875037207,0.002464346950,0.118650656768
0.036781533200,0.057584329878,0.002330490273,0.116663516014
0.034154280800,0.057211448734,0.001997499987,0.206445328359
0.031527028400,0.057003899277,0.001631317280,0.253418879952
0.028899776100,0.056806534923,0.001360894999,0.221489803339
0.026272523700,0.056267621965,0.001155181855,0.247630021712
0.023645271300,0.055746988801,0.001104277884,0.216529679395
0.021018019000,0.055057811302,0.000925158529,0.106065207265
0.018390766600,0.054520234424,0.000777796004,0.046170361140
0.015763514200,0.054300375207,0.000706680488,0.006636608847
0.013136261800,0.054209092535,0.000557042803,0.019531311823
0.010509009500,0.054499061471,0.000457166370,-0.087148491212
0.007881757100,0.054911283308,0.000448114077,-0.169134553487
0.005254504700,0.055182131768,0.000188924198,-0.212089914636
0.002627252400,0.055301484858,-0.000086045989,0.377964351644
0.000000000000,0.051277612774,-0.000024681887,1.003138073884
