0.391460603250,0.018662352972,-0.000335559204,0.883522589385
0.388833350880,0.017295996907,0.000424349147,0.590817141714
0.386206098510,0.018568886869,0.001238251265,0.413019493241
0.383578846140,0.017969330998,0.001298926603,0.724629303958
0.380951593770,0.016314642262,0.001361208837,0.494516518767
0.378324341400,0.015950379956,0.001557028467,0.065887421476
0.375697089030,0.015055091083,0.001538411733,-0.029683962555
0.373069836660,0.015985029061,0.001445896604,-0.068894601900
0.370442584290,0.016618474174,0.001385218354,-0.118324664064
0.367815331920,0.017429135532,0.001334908141,-0.156860518699
0.365188079550,0.018085561842,0.001271276306,-0.146997552540
0.362560827170,0.016400294018,0.001209413998,-0.116988224679
0.359933574800,0.017765012658,0.001103564499,-0.128671437436
0.357306322430,0.018397303799,0.000991790030,-0.106564065029
0.354679070060,0.018875467221,0.001066106720,-0.090373535911
0.352051817690,0.019384974504,0.001209803072,0.020536694647
0.349424565320,0.020080075651,0.001258498105,0.148775421335
0.346797312950,0.020060191044,0.001068114938,0.134765465960
0.344170060580,0.020175380749,0.000744933819,0.082590473219
0.341542808210,0.020171379715,0.000331578969,0.070568213639
0.338915555840,0.019975793832,0.000142646088,0.042930345366
0.336288303460,0.019751621469,-0.000009435033,0.002425314355
0.333661051090,0.019475375687,-0.000206465808,-0.012915727184
0.331033798720,0.019278931130,-0.000392617081,-0.058843571600
0.328406546350,0.019087638117,-0.000413002500,-0.134233687660
0.325779293980,0.018881451016,-0.000367646469,-0.120952998776
0.323152041610,0.018708095009,-0.000277935937,-0.013647141519
0.320524789240,0.018559210491,-0.000083798500,0.047230079873
0.317897536870,0.018529162333,0.000036689970,0.149378002402
0.315270284500,0.018479856894,0.000333174284,0.153716346394
0.312643032100,0.018403890936,0.000396203048,0.126875464249
0.310015779800,0.018273267224,0.000439046962,0.119531934428
0.307388527400,0.018235192785,0.000259979912,0.076753256983
0.304761275000,0.018248570443,0.000215295834,0.026829798258
0.302134022600,0.018150572723,0.000318382294,-0.005945059331
0.299506770300,0.017967725253,0.000333274783,-0.019258675022
0.296879517900,0.017924551841,0.000340114413,-0.013802486403
0.294252265500,0.017719926451,0.000279512665,-0.007398034506
0.291625013200,0.017562928114,0.000313785295,0.052693789915
0.288997760800,0.017490659365,0.000355451560,0.070124298531
0.286370508400,0.017474674763,0.000359634332,0.086821012544
0.283743256000,0.017382951265,0.000401279118,0.143759292746
0.281116003700,0.017346474158,0.000487823179,0.184012524796
0.278488751300,0.017268923551,0.000482234298,0.192483747140
0.275861498900,0.017205497922,0.000549062196,0.156768283771
0.273234246600,0.017074182784,0.000479035731,0.106362968032
0.270606994200,0.017016849722,0.000366928060,0.051741964844
0.267979741800,0.017069543536,0.000293897061,0.042554217094
0.265352489400,0.017231926811,0.000164182567,0.077471306325
0.262725237100,0.017438383840,0.000146248615,0.098929363267
0.260097984700,0.017692144495,0.000243036982,0.090432563679
0.257470732300,0.017889731988,0.000280455541,0.030105434163
0.254843480000,0.018049108150,0.000219044972,-0.014794033305
0.252216227600,0.018181676076,0.000307837253,-0.006449595341
0.249588975200,0.018287375866,0.000512691472,-0.013089795235
0.246961722900,0.018345681796,0.000551209870,-0.045264459897
0.244334470500,0.018199038402,0.000541569159,-0.035487335735
0.241707218100,0.017977797996,0.000619892048,-0.022568816579
0.239079965700,0.017877534997,0.000740145498,-0.022819182980
0.236452713400,0.017846874160,0.000761612673,-0.027570530208
0.233825461000,0.017749606802,0.000701849798,-0.010077990647
0.231198208600,0.017645516031,0.000685800836,0.008673173943
0.228570956300,0.017530739468,0.000779767287,0.036780295534
0.225943703900,0.017526778634,0.000829075729,0.050924842609
0.223316451500,0.017487628202,0.000825397337,0.048331153939
0.220689199100,0.017471182165,0.000877413215,0.044513674334
0.218061946800,0.017497327557,0.000836931153,0.037038251684
0.215434694400,0.017559791944,0.000788959583,0.015972705350
0.212807442000,0.017747381128,0.000833654430,0.008134760093
0.210180189700,0.017787286913,0.000838167199,0.017482635509
0.207552937300,0.017769952349,0.000884510161,0.037559631963
0.204925684900,0.017782049653,0.001030205318,0.021016041604
0.202298432500,0.017900111281,0.001111270942,0.009241290099
0.199671180200,0.018091376683,0.001121497646,0.011293397979
0.197043927800,0.018221076081,0.001294735153,0.030425441800
0.194416675400,0.018335270591,0.001531287472,0.034459619064
0.191789423100,0.018483569640,0.001749824888,0.051201609397
0.189162170700,0.018538239901,0.001946894849,0.077914648322
0.186534918300,0.018667902127,0.002061191991,0.047082563428
0.183907666000,0.018806177169,0.002170101843,0.046158449383
0.181280413600,0.018831610711,0.002431018008,0.058280488338
0.178653161200,0.018837932379,0.002607082853,0.023237262170
0.176025908800,0.018883173147,0.002807115230,0.007091884689
0.173398656500,0.018864601622,0.002894826958,0.044985133009
0.170771404100,0.018854076583,0.002919069839,0.088778616883
0.168144151700,0.018856649931,0.003056468076,0.098135511443
0.165516899400,0.018770936756,0.003298915415,0.097000157557
0.162889647000,0.018605479899,0.003315412603,0.094587077609
0.160262394600,0.018441915922,0.003295168922,0.093776601789
0.157635142200,0.018370633950,0.003344659188,0.096337359477
0.155007889900,0.018292922631,0.003438427847,0.068780559253
0.152380637500,0.018336995655,0.003415699476,0.012095437458
0.149753385100,0.018332628446,0.003305941419,-0.031823355734
0.147126132800,0.018220376163,0.003208348159,-0.017088956449
0.144498880400,0.018235674331,0.003108808641,-0.000966521564
0.141871628000,0.018300522355,0.003155320220,0.022394265937
0.139244375600,0.018326390557,0.003175277023,0.033799451879
0.136617123300,0.018464103918,0.003055826521,0.020678266116
0.133989870900,0.018625682246,0.003020019988,-0.035150834540
0.131362618500,0.018891130258,0.003012518498,-0.074468910655
0.128735366200,0.019175578396,0.003010980016,-0.033149693305
0.126108113800,0.019314078356,0.003014531984,-0.042128875662
0.123480861400,0.019422137203,0.002970521475,-0.040428611952
0.120853609000,0.019376846115,0.002874836058,-0.008082981891
0.118226356700,0.019184643281,0.002958144915,0.017115676518
0.115599104300,0.018974669115,0.002924625371,0.055421735202
0.112971851900,0.018730641688,0.002774611558,0.123395546650
0.110344599600,0.018412719182,0.002782182285,0.160550438127
0.107717347200,0.018146269203,0.002645183337,0.143673168304
0.105090094800,0.017844908684,0.002623814402,0.101771730142
0.102462842500,0.017260701837,0.002515965483,0.039704591581
0.099835590100,0.016862861003,0.002337378814,0.008818638246
0.097208337700,0.016547844474,0.002183733387,-0.016078342872
0.094581085300,0.016218116217,0.002123717826,-0.058961525131
0.091953833000,0.016093509200,0.002116975348,-0.087367690474
0.089326580600,0.016009229637,0.002103342850,-0.072332667246
0.086699328200,0.015931371891,0.002159518583,-0.031870739915
0.084072075900,0.015977573426,0.002080560715,0.033999319748
0.081444823500,0.015987275893,0.001971914985,0.055365049206
0.078817571100,0.016057759098,0.001914923056,0.034605376702
0.076190318700,0.016334368079,0.001742261854,-0.013401475853
0.073563066400,0.016561614602,0.001585510447,-0.085189670981
0.070935814000,0.016724120774,0.001661036524,-0.090511480212
0.068308561600,0.017027803490,0.001770694687,-0.044804485282
0.065681309300,0.017448359200,0.001833787440,-0.022687152688
0.063054056900,0.017794876942,0.001974238339,-0.037433454235
0.060426804500,0.018017429531,0.002246540077,-0.003900408896
0.057799552100,0.018077674214,0.002392904343,0.062871702192
0.055172299800,0.018067455682,0.002447632947,0.126947367574
0.052545047400,0.017915495461,0.002396070030,0.130298370569
0.049917795000,0.017707912120,0.002341603733,0.085358599907
0.047290542700,0.017453923750,0.002431632680,0.055700569144
0.044663290300,0.017210399888,0.002427899905,0.065008767960
0.042036037900,0.017006924913,0.002585290347,0.066543904489
0.039408785500,0.016622281899,0.002657501758,0.070829142733
0.036781533200,0.016184679710,0.002675456247,0.110721491251
0.034154280800,0.015822344300,0.002617297228,0.141613153045
0.031527028400,0.015560296244,0.002740059166,0.113473716189
0.028899776100,0.015529171022,0.002646446095,0.077955380083
0.026272523700,0.015531409751,0.002594573462,0.000919394046
0.023645271300,0.014809197358,0.002547455451,-0.033587686562
0.021018019000,0.014943940057,0.002431591554,-0.035978907484
0.018390766600,0.015028906967,0.002329550306,-0.020779217754
0.015763514200,0.014921531977,0.002249626849,0.033787968306
0.013136261800,0.014568630664,0.002091779698,0.087520862983
0.010509009500,0.014286150035,0.001982627287,0.104894437381
0.007881757100,0.014031429703,0.001894120609,0.021146120385
0.005254504700,0.013904581754,0.001789657827,-0.201997722308
0.002627252400,0.014219452743,0.001641909769,-1.924815942752
0.000000000000,0.013139680296,0.001108816664,-3.464432371148
