0.391460603250,0.045281217728,0.001076041126,0.772512184760
0.388833350880,0.045180530547,0.001038076559,0.983487871859
0.386206098510,0.045410160008,0.000543944494,1.052953109021
0.383578846140,0.044203544592,0.000057560253,0.310719458614
0.380951593770,0.045228086471,-0.000032003440,-0.406079188572
0.378324341400,0.045880377710,-0.000044612987,-0.410530674883
0.375697089030,0.046504042359,-0.000079487062,-0.622494239707
0.373069836660,0.045424644618,-0.000104672093,-0.589781048765
0.370442584290,0.045208939192,-0.000236616528,-0.234264845767
0.367815331920,0.046655235972,-0.000459076215,-0.199894283312
0.365188079550,0.046489169699,-0.000690105795,-0.195945935152
0.362560827170,0.046877945284,-0.000806064922,-0.170912093735
0.359933574800,0.048371766921,-0.000915218611,-0.085758612228
0.357306322430,0.048984237368,-0.000912720284,-0.003712908856
0.354679070060,0.049342202256,-0.001058287847,-0.020713061273
0.352051817690,0.049628761729,-0.001216372723,-0.037223273201
0.349424565320,0.049853480502,-0.001283923340,-0.029606758691
0.346797312950,0.050087249906,-0.001357117325,0.009653219006
0.344170060580,0.050354490978,-0.001516746488,0.109914906130
0.341542808210,0.050590487152,-0.001642818315,0.114501876868
0.338915555840,0.050631981862,-0.001593287814,0.067979159374
0.336288303460,0.050643761701,-0.001467162768,0.032587894869
0.333661051090,0.050513898053,-0.001211949060,-0.001713518774
0.331033798720,0.050291036308,-0.001029048119,0.001027106840
0.328406546350,0.050026342612,-0.000821984855,-0.008807105156
0.325779293980,0.049671237971,-0.000655984706,0.012714822234
0.323152041610,0.049281580311,-0.000421100005,0.043632221787
0.320524789240,0.048969269329,-0.000280749295,0.024321296814
0.317897536870,0.048802704510,-0.000301401704,0.012874321931
0.315270284500,0.048626165554,-0.000233486944,0.015744896667
0.312643032100,0.048386813455,-0.000138838264,-0.023751795038
0.310015779800,0.048246954847,0.000048647168,-0.049131064053
0.307388527400,0.048027436711,0.000265499392,-0.075063783330
0.304761275000,0.047894532890,0.000533909353,-0.130875319046
0.302134022600,0.047905878090,0.000825574342,-0.106089244997
0.299506770300,0.048046585511,0.001059243762,-0.082486661520
0.296879517900,0.048095597338,0.001348187063,-0.072165790872
0.294252265500,0.048259922926,0.001517369231,0.002586023001
0.291625013200,0.048505049112,0.001637230547,0.087153787132
0.288997760800,0.048718458319,0.001890778458,0.105678845161
0.286370508400,0.048809633959,0.002071666685,0.103578048068
0.283743256000,0.048877364554,0.002104060457,0.087360990641
0.281116003700,0.048917363504,0.002080443142,0.052731215939
0.278488751300,0.048860931372,0.002035979036,0.014025044704
0.275861498900,0.048769529282,0.002067143306,-0.048381272855
0.273234246600,0.048662007637,0.002077701119,-0.030231439902
0.270606994200,0.048612650167,0.002000871995,0.026916370196
0.267979741800,0.048557978289,0.002082324706,0.023911995184
0.265352489400,0.048477029510,0.002126954978,-0.068445866304
0.262725237100,0.048549178360,0.002103364252,-0.198543260493
0.260097984700,0.048517555634,0.002082933355,-0.286956565937
0.257470732300,0.048465393414,0.002030453188,-0.248320176235
0.254843480000,0.048463176690,0.001964903647,-0.111658607247
0.252216227600,0.048423039116,0.001794546907,0.073619824448
0.249588975200,0.048478804895,0.001670540693,0.212430287222
0.246961722900,0.048500748760,0.001381608062,0.178609558488
0.244334470500,0.048375173492,0.001391468866,0.142282927398
0.241707218100,0.048376591439,0.001357775543,0.142047472603
0.239079965700,0.048365415183,0.001184939481,0.095801430054
0.236452713400,0.048064357139,0.001114105887,-0.017565979724
0.233825461000,0.047538210800,0.000948000287,-0.063827116064
0.231198208600,0.046990684779,0.000760885707,0.003389506704
0.228570956300,0.046584009384,0.000625143368,0.057379580961
0.225943703900,0.046313607158,0.000505398762,0.042366040011
0.223316451500,0.046214156018,0.000245597989,0.045385693587
0.220689199100,0.046177556617,-0.000005271511,0.037035601348
0.218061946800,0.046209053850,-0.000136733865,0.009296399619
0.215434694400,0.046318942382,-0.000069434640,-0.066530781020
0.212807442000,0.046449658586,0.000044873923,-0.131879835922
0.210180189700,0.046644322263,0.000040470405,-0.171097822887
0.207552937300,0.046744287431,0.000185825824,-0.169059883958
0.204925684900,0.046836388193,0.000326761526,-0.084017934703
0.202298432500,0.046909343750,0.000567033495,0.010739060961
0.199671180200,0.046821092724,0.000838705388,0.001452117658
0.197043927800,0.046768477010,0.000991452820,-0.028746828687
0.194416675400,0.046775661547,0.001212964367,-0.024345412403
0.191789423100,0.046720433200,0.001467732321,0.001613344628
0.189162170700,0.046673121275,0.001581533457,0.068827924829
0.186534918300,0.046599391873,0.001559778434,0.119127664881
0.183907666000,0.046637639056,0.001597025837,0.207633466194
0.181280413600,0.046754051242,0.001530046485,0.342897615664
0.178653161200,0.046818182710,0.001513083162,0.445469982520
0.176025908800,0.046979781704,0.001631159991,0.454958008241
0.173398656500,0.047293950542,0.001815553829,0.374929753269
0.170771404100,0.047573335605,0.002099544654,0.317278982444
0.168144151700,0.047849947771,0.002203245560,0.268833478768
0.165516899400,0.048155565130,0.002057513909,0.194060568985
0.162889647000,0.048479563583,0.001984608362,0.128215384058
0.160262394600,0.048714129718,0.001689404379,0.099544912153
0.157635142200,0.048966713072,0.001418083279,0.072531770623
0.155007889900,0.049238637601,0.001264580860,0.030559853646
0.152380637500,0.049350431570,0.001245958329,-0.041698428904
0.149753385100,0.049351276332,0.001251630707,-0.078702615299
0.147126132800,0.049151442666,0.001319971363,-0.081301654158
0.144498880400,0.048884246222,0.001509595527,-0.111867738209
0.141871628000,0.048568447127,0.001643621080,-0.087079212577
0.139244375600,0.048318973682,0.001865959907,-0.041869747119
0.136617123300,0.048071677803,0.001934684231,-0.007474500078
0.133989870900,0.047477122952,0.002075261362,-0.024712730986
0.131362618500,0.046943012006,0.002155713573,0.145031866527
0.128735366200,0.045223917445,0.002230023170,0.122668439795
0.126108113800,0.044780223861,0.002488504733,-0.296392764252
0.123480861400,0.045680960322,0.002693206026,-0.196941434548
0.120853609000,0.045400138192,0.002719574392,0.064219764680
0.118226356700,0.045106910600,0.002981492710,0.065009537136
0.115599104300,0.044905779496,0.003139258693,0.048761686868
0.112971851900,0.044975519567,0.002945071888,0.044692244659
0.110344599600,0.044961553196,0.003086807222,0.062819681078
0.107717347200,0.045047111931,0.003274231074,0.019459721536
0.105090094800,0.045217162221,0.003313620363,-0.058765543021
0.102462842500,0.045300027019,0.003380552652,-0.027353863072
0.099835590100,0.045284379427,0.003382819019,0.003006447579
0.097208337700,0.045479181312,0.003505956242,-0.079046538291
0.094581085300,0.045545139823,0.003399456230,-0.058659602926
0.091953833000,0.045640810774,0.003276565336,-0.027287402007
0.089326580600,0.045655663870,0.003129272564,0.033886061614
0.086699328200,0.045596702259,0.003016815082,0.097576133247
0.084072075900,0.045529304137,0.002897180149,0.172057442110
0.081444823500,0.045501849093,0.002811529408,0.217761207446
0.078817571100,0.045494725864,0.002859042513,0.223351409576
0.076190318700,0.045325335418,0.002885869395,0.263758104765
0.073563066400,0.045163865472,0.003002993121,0.257565567063
0.070935814000,0.045039517870,0.003257050374,0.267846807414
0.068308561600,0.044881756992,0.003298912971,0.279500057868
0.065681309300,0.044710916617,0.003317391561,0.227509926996
0.063054056900,0.044684510981,0.003369114273,0.225995824138
0.060426804500,0.044739085458,0.003498029331,0.218619726821
0.057799552100,0.044697313490,0.003469776770,0.211010866598
0.055172299800,0.044662843177,0.003505791620,0.305737765208
0.052545047400,0.044763324555,0.003562875724,0.353203814216
0.049917795000,0.044998513189,0.003512834555,0.270355402123
0.047290542700,0.045101355083,0.003412883062,0.230634907311
0.044663290300,0.045144165832,0.003259999047,0.137382478828
0.042036037900,0.044981631454,0.003207756640,0.037676206560
0.039408785500,0.044772636358,0.003190881056,0.004120820820
0.036781533200,0.044649597526,0.003007532563,0.028988404999
0.034154280800,0.044386671302,0.002879256856,0.106913348398
0.031527028400,0.043953652067,0.002568757675,0.147663415571
0.028899776100,0.043467671223,0.002254633189,0.130144571855
0.026272523700,0.042950384388,0.001954426903,0.112029892720
0.023645271300,0.042524810338,0.001616411589,0.071312979645
0.021018019000,0.041117498442,0.001482532970,0.157829697811
0.018390766600,0.041427368521,0.001490339511,0.238337583081
0.015763514200,0.041372046269,0.001244002575,0.177007130654
0.013136261800,0.041580072506,0.000997867714,0.070198242636
0.010509009500,0.041956019721,0.000528363968,-0.080093085934
0.007881757100,0.042289526214,0.000355044177,-0.076097136539
0.005254504700,0.042636566114,0.000075157126,-0.026146559985
0.002627252400,0.042822196854,-0.000279983132,2.113985746775
0.000000000000,0.036679124031,-0.000049704723,4.182674195787
