0.391460603250,0.044110465324,0.000816145821,0.473438772831
0.388833350880,0.043844739777,0.000389938642,0.211394440543
0.386206098510,0.043451880546,0.000367507974,0.138400857284
0.383578846140,0.043248387584,0.000263393825,0.538408619694
0.380951593770,0.042874328906,0.000150165034,0.293317585735
0.378324341400,0.043437919583,0.000072587852,0.013638020084
0.375697089030,0.042855703590,-0.000064521768,-0.283848806606
0.373069836660,0.043678337179,-0.000237173512,-0.387625173801
0.370442584290,0.043737938294,-0.000516122206,-0.279199683247
0.367815331920,0.044513016006,-0.000695863191,-0.390249637701
0.365188079550,0.044611870905,-0.000777369047,-0.179636877514
0.362560827170,0.045327196075,-0.000826451820,-0.408895433337
0.359933574800,0.047626382601,-0.000721461779,-0.420278266294
0.357306322430,0.047825001942,-0.000950930825,-0.046996062461
0.354679070060,0.047976713290,-0.001198008404,-0.012641488177
0.352051817690,0.048288087265,-0.001346887318,-0.010075289156
0.349424565320,0.048576096611,-0.001326489855,0.002306395662
0.346797312950,0.048816922423,-0.001369395602,0.045891487082
0.344170060580,0.048987277880,-0.001659688163,0.083556751197
0.341542808210,0.049086961186,-0.001652216035,0.073027230472
0.338915555840,0.049005006255,-0.001634915925,0.019076375670
0.336288303460,0.049040774861,-0.001385032040,-0.003846406157
0.333661051090,0.049115829524,-0.001147429906,0.025277498952
0.331033798720,0.049015118674,-0.000990287979,0.046627473223
0.328406546350,0.048668507933,-0.000659354315,0.045139036714
0.325779293980,0.048401871387,-0.000527014162,0.019433325554
0.323152041610,0.048041696358,-0.000256683568,0.026824000924
0.320524789240,0.047572729426,-0.000154482173,0.050642129516
0.317897536870,0.047210080621,-0.000067797404,-0.003689222944
0.315270284500,0.046973449109,-0.000087701490,-0.036004067332
0.312643032100,0.046866364485,-0.000131927941,-0.027767440177
0.310015779800,0.046700010693,0.000017464588,-0.056069140748
0.307388527400,0.046522930039,0.000372415349,-0.096586679263
0.304761275000,0.046437359936,0.000577474191,-0.106538074002
0.302134022600,0.046352525942,0.000778849556,-0.118301951817
0.299506770300,0.046530858511,0.001208378272,-0.093757433185
0.296879517900,0.046774121403,0.001464433337,-0.013197845080
0.294252265500,0.046945380069,0.001691853535,0.044774236893
0.291625013200,0.047130968184,0.001926784194,0.054717033001
0.288997760800,0.047282744986,0.002127558742,0.100932826691
0.286370508400,0.047373614364,0.002195864175,0.086867123829
0.283743256000,0.047498750004,0.002191334457,0.076319759940
0.281116003700,0.047402933789,0.002112126356,0.063957886246
0.278488751300,0.047279128094,0.002133596208,0.007072700044
0.275861498900,0.047269863590,0.002032483935,-0.037431029713
0.273234246600,0.047311587468,0.002065894402,0.008487944044
0.270606994200,0.047239769141,0.002109884284,0.019668352960
0.267979741800,0.047194757633,0.002218594722,-0.048434753853
0.265352489400,0.047029383615,0.002238396464,-0.137764607476
0.262725237100,0.046997240383,0.002100687159,-0.204864390686
0.260097984700,0.047044585898,0.001943427371,-0.251190129839
0.257470732300,0.046964284229,0.001991220598,-0.259103788101
0.254843480000,0.046896112146,0.001941256703,-0.100955249305
0.252216227600,0.046972380465,0.001900354127,0.078147041613
0.249588975200,0.047078149982,0.001800881412,0.197255417613
0.246961722900,0.047194694434,0.001683468285,0.224043468148
0.244334470500,0.047244989719,0.001550309069,0.179144239064
0.241707218100,0.047184205424,0.001317752959,0.108129063030
0.239079965700,0.046976749387,0.001118392329,0.059821897283
0.236452713400,0.046538062360,0.001026453794,0.011223172777
0.233825461000,0.046080070351,0.000934659361,-0.037526127676
0.231198208600,0.045702312190,0.000876698347,-0.041596910065
0.228570956300,0.045238279978,0.000711393586,0.033868971482
0.225943703900,0.044807754020,0.000593189790,0.079159715773
0.223316451500,0.044504760801,0.000192169685,0.047869140048
0.220689199100,0.044441490206,0.000009303132,0.038089307053
0.218061946800,0.044590818312,-0.000030871639,0.020216924090
0.215434694400,0.044722772702,-0.000097655897,-0.037438512548
0.212807442000,0.044891740163,-0.000010638663,-0.098787551614
0.210180189700,0.045017007770,0.000166208570,-0.134822983201
0.207552937300,0.045070625314,0.000291371349,-0.143915765830
0.204925684900,0.045134277145,0.000390991722,-0.106856193636
0.202298432500,0.045175952522,0.000694101425,-0.043924753848
0.199671180200,0.045231773756,0.000955368913,-0.002077815257
0.197043927800,0.045253967760,0.001173209989,-0.000059982488
0.194416675400,0.045303792738,0.001379151316,-0.025837199014
0.191789423100,0.045225815521,0.001601826748,0.002890211020
0.189162170700,0.045125522101,0.001753809103,0.106978263837
0.186534918300,0.045095548746,0.001768589110,0.158964246900
0.183907666000,0.045100376067,0.001833656701,0.194008174090
0.181280413600,0.045120931522,0.001682578889,0.288166731256
0.178653161200,0.045179412490,0.001648662444,0.402342082673
0.176025908800,0.045276839276,0.001975299062,0.424089239169
0.173398656500,0.045510814182,0.002131348835,0.397935304061
0.170771404100,0.046015115427,0.002198898236,0.388361029995
0.168144151700,0.046427040348,0.002178443164,0.286679069305
0.165516899400,0.046812207596,0.002111261722,0.174626566692
0.162889647000,0.047175327980,0.002047862565,0.138572283242
0.160262394600,0.047439882679,0.001933428521,0.138424782897
0.157635142200,0.047669488764,0.001624377840,0.069922618138
0.155007889900,0.047944837095,0.001424974969,-0.003742701310
0.152380637500,0.048140271108,0.001360521971,0.004639393315
0.149753385100,0.047990508870,0.001458760668,0.002720015128
0.147126132800,0.047787240944,0.001523981506,-0.076151661645
0.144498880400,0.047590680556,0.001594250912,-0.123470422616
0.141871628000,0.047262993856,0.001746687568,-0.103368950821
0.139244375600,0.046897385081,0.001801934688,-0.070820297326
0.136617123300,0.046607455268,0.001801517643,-0.012114437924
0.133989870900,0.046256839385,0.001850434134,-0.018388173013
0.131362618500,0.045757595440,0.001993589204,-0.097201458466
0.128735366200,0.045160731702,0.002362631243,-0.084420585460
0.126108113800,0.044562730273,0.002545229926,0.000925832812
0.123480861400,0.044101477505,0.002815096126,0.044040513197
0.120853609000,0.043717451811,0.003005026925,0.057634387164
0.118226356700,0.043436506581,0.003109206968,0.066234754414
0.115599104300,0.043346652570,0.003118980653,0.049099821357
0.112971851900,0.043291636375,0.003011368144,0.064041471560
0.110344599600,0.043373845354,0.003081021353,0.041816726278
0.107717347200,0.043662322469,0.003191826594,-0.062143049265
0.105090094800,0.043825742024,0.003402026121,-0.072906622744
0.102462842500,0.043861337941,0.003542655089,-0.031767744341
0.099835590100,0.043897191642,0.003713846901,-0.023125256091
0.097208337700,0.043987688712,0.003610900688,-0.048730547281
0.094581085300,0.044130126930,0.003485072966,-0.063726929536
0.091953833000,0.044119523725,0.003505196917,-0.028133133843
0.089326580600,0.044096243234,0.003434876622,0.024457487761
0.086699328200,0.044001401334,0.003263869904,0.133005564817
0.084072075900,0.044043777136,0.003141884505,0.186695915694
0.081444823500,0.043950899904,0.003042689528,0.201498933431
0.078817571100,0.043705908659,0.002970612125,0.183444244894
0.076190318700,0.043536741309,0.002901008375,0.185514999707
0.073563066400,0.043485798740,0.002958741892,0.283549384021
0.070935814000,0.043286081989,0.003142792608,0.329197463298
0.068308561600,0.043232450194,0.003348704266,0.278716003042
0.065681309300,0.043223968788,0.003301718676,0.234885568023
0.063054056900,0.043166877283,0.003242403363,0.188317537885
0.060426804500,0.043095720783,0.003410503089,0.168720297500
0.057799552100,0.043204244741,0.003525031236,0.244964031334
0.055172299800,0.043290615943,0.003615737068,0.315469589420
0.052545047400,0.043282359551,0.003710697613,0.334538282739
0.049917795000,0.043264625461,0.003698804791,0.338417567693
0.047290542700,0.043305896103,0.003539710707,0.256648892099
0.044663290300,0.043394594422,0.003485445866,0.083722917133
0.042036037900,0.043416052119,0.003207355320,-0.015401835348
0.039408785500,0.043241557632,0.003047993521,-0.063341936947
0.036781533200,0.042987264457,0.003081510330,0.025243559225
0.034154280800,0.042901685219,0.002782784886,0.055664140671
0.031527028400,0.042816074859,0.002502457741,0.107742964072
0.028899776100,0.042250799734,0.002267761953,0.233378025054
0.026272523700,0.041446625105,0.002129464161,0.457805569226
0.023645271300,0.040900546575,0.001855470184,0.196771345435
0.021018019000,0.040409487248,0.001675602853,-0.205389269709
0.018390766600,0.039980751548,0.001551130518,0.022994289046
0.015763514200,0.039849590242,0.001446906631,0.174725304829
0.013136261800,0.039971336658,0.001044131104,0.140697993992
0.010509009500,0.040263597530,0.000758875217,-0.016419650596
0.007881757100,0.040711324648,0.000514840867,-0.149029511611
0.005254504700,0.041189502334,0.000211662964,-0.113245037528
0.002627252400,0.041699043754,-0.000291195332,1.466635667484
0.000000000000,0.039818417251,-0.000479426202,3.001781194626
