0.391460603250,0.027389786980,0.000711708878,-1.109566890774
0.388833350880,0.028214368503,0.000768321688,-0.753248358921
0.386206098510,0.028568138369,0.000810757833,0.080990338170
0.383578846140,0.027378334886,0.000964969841,0.434116534257
0.380951593770,0.025367483974,0.001258905457,-0.505640343511
0.378324341400,0.025905445052,0.001532704075,-0.674062933982
0.375697089030,0.026333691579,0.001384080587,-0.018841077836
0.373069836660,0.026070034475,0.001268614266,0.018553366257
0.370442584290,0.027081410742,0.001258774726,-0.006010974943
0.367815331920,0.028503097469,0.001099315023,-0.298691538267
0.365188079550,0.028363057956,0.001048986176,-0.365199829496
0.362560827170,0.029836789889,0.000969547093,0.215215418673
0.359933574800,0.029852968408,0.000923118616,-0.087513311104
0.357306322430,0.030455605118,0.000862184892,-0.385948363160
0.354679070060,0.031070793863,0.000800738156,-0.080192132255
0.352051817690,0.031489701213,0.000794767982,-0.075223125092
0.349424565320,0.031738583274,0.000805806209,-0.046543963507
0.346797312950,0.031938164433,0.000845230393,0.031945312407
0.344170060580,0.031938376516,0.000886492722,0.066365671083
0.341542808210,0.032123967576,0.000907474206,0.088091389173
0.338915555840,0.032169779466,0.000876607347,0.133254702540
0.336288303460,0.032189121207,0.000940583737,0.113193902289
0.333661051090,0.032144027405,0.000978612154,0.124470976750
0.331033798720,0.032045842026,0.001138221230,0.146343263417
0.328406546350,0.031828467650,0.001275352389,0.089954200474
0.325779293980,0.031692073031,0.001230029596,0.202101598585
0.323152041610,0.030841890300,0.001188841034,0.063193100257
0.320524789240,0.031558385335,0.001203510422,-0.106164133266
0.317897536870,0.031420895791,0.001262793851,0.001745089013
0.315270284500,0.031232402824,0.001050922497,-0.025807486749
0.312643032100,0.031151872614,0.000893599879,-0.028881824392
0.310015779800,0.031194772258,0.000988629786,-0.025724406099
0.307388527400,0.031106987056,0.001317726413,-0.022062776648
0.304761275000,0.030870330349,0.001715493502,-0.033979823593
0.302134022600,0.030653906517,0.002221666973,-0.019741508369
0.299506770300,0.030642943789,0.002725090208,-0.016736594218
0.296879517900,0.030567755507,0.003162149356,-0.032598850116
0.294252265500,0.030505341307,0.003431073871,-0.043470564761
0.291625013200,0.030545348890,0.003624873925,-0.023814598129
0.288997760800,0.030528798874,0.003714085470,-0.010202070951
0.286370508400,0.030701935575,0.003841525606,0.004374624940
0.283743256000,0.030880227962,0.003917673931,-0.004602366164
0.281116003700,0.031062261953,0.003931088723,0.007167200174
0.278488751300,0.031193512382,0.003875308772,0.103381408301
0.275861498900,0.031336138651,0.003967065619,0.154297102666
0.273234246600,0.031401697141,0.003956712353,0.155451270958
0.270606994200,0.031362432173,0.003908129595,0.136289444732
0.267979741800,0.031220633770,0.003860304889,0.111404175688
0.265352489400,0.031111434218,0.003460718106,0.082437730345
0.262725237100,0.031020780089,0.003096942187,0.018778731690
0.260097984700,0.030753449026,0.003018736093,-0.064174582062
0.257470732300,0.030552743798,0.002743693229,-0.042377795641
0.254843480000,0.030452966628,0.002574175528,-0.007974541453
0.252216227600,0.030384289157,0.002588740056,-0.052978851371
0.249588975200,0.030275155939,0.002592420936,-0.036410027152
0.246961722900,0.030160533066,0.002431419061,0.066233333891
0.244334470500,0.030029819995,0.002279818810,0.142570575464
0.241707218100,0.029906426079,0.002260941273,0.112022201906
0.239079965700,0.029800551968,0.002247552289,-0.025614059970
0.236452713400,0.029748525697,0.002156881467,-0.127427236505
0.233825461000,0.029541906864,0.002103787620,-0.147345866077
0.231198208600,0.029207848481,0.001847246164,-0.156382813672
0.228570956300,0.028811486625,0.001588480781,-0.080495087262
0.225943703900,0.028362409213,0.001296539525,0.026514377642
0.223316451500,0.027921210977,0.001015527613,0.052023139058
0.220689199100,0.027391991174,0.000845144334,0.091219091780
0.218061946800,0.027047350799,0.000891624560,0.190649695655
0.215434694400,0.026731598939,0.000951825898,0.134598784773
0.212807442000,0.026548781521,0.000893223982,0.111004206913
0.210180189700,0.026535544230,0.000798095985,0.163483781837
0.207552937300,0.026615850794,0.000756379643,0.207254168775
0.204925684900,0.026759051354,0.000944942038,0.241012114452
0.202298432500,0.026987677753,0.001031385640,0.200335283696
0.199671180200,0.027079368415,0.001173336768,0.178364821586
0.197043927800,0.027209771929,0.001539424440,0.156663918985
0.194416675400,0.027331786735,0.001771291648,0.106035974223
0.191789423100,0.027380199792,0.001894033109,0.083213034729
0.189162170700,0.027368202448,0.002077399849,0.077428904330
0.186534918300,0.027261978210,0.002391441822,0.058705667651
0.183907666000,0.027162333013,0.002608380002,-0.006538567786
0.181280413600,0.027268042530,0.002886412408,-0.027751775295
0.178653161200,0.027375800360,0.003008846068,0.012474119302
0.176025908800,0.027373438468,0.003154619372,0.032160666796
0.173398656500,0.027449453309,0.003237991459,0.028726224233
0.170771404100,0.027577059088,0.003457533058,0.023440554841
0.168144151700,0.027710510832,0.003698031947,0.009129317636
0.165516899400,0.027921690219,0.003901349820,0.057574772420
0.162889647000,0.028103872481,0.004171338794,0.128395911585
0.160262394600,0.028334074106,0.004514444696,0.153544026831
0.157635142200,0.028735193974,0.004549637114,0.210764016511
0.155007889900,0.029169124066,0.004574269764,0.254769802446
0.152380637500,0.029633569369,0.004576283942,0.222154415283
0.149753385100,0.029976905623,0.004491530271,0.115373166995
0.147126132800,0.030352063993,0.004395679200,0.077480115694
0.144498880400,0.030722349305,0.004367585504,0.056632887812
0.141871628000,0.030923648440,0.004242471167,0.043249400456
0.139244375600,0.031008333743,0.004103063097,0.049713039219
0.136617123300,0.030991262453,0.003968411076,0.062899910568
0.133989870900,0.030853678134,0.003827350634,0.066097059927
0.131362618500,0.030545227062,0.003505470541,0.010646756037
0.128735366200,0.030214194398,0.003327494363,0.000704082832
0.126108113800,0.030054819886,0.003093638408,0.048736680033
0.123480861400,0.029920403113,0.002813826856,0.086397286163
0.120853609000,0.029537729965,0.002753428826,0.115034480414
0.118226356700,0.029186205525,0.002836112743,0.061792970995
0.115599104300,0.028802764452,0.002859809651,0.003972425206
0.112971851900,0.028226015431,0.003032663454,-0.020778895424
0.110344599600,0.027441219961,0.002992861328,-0.043222420162
0.107717347200,0.026804283870,0.002998319013,-0.006880359634
0.105090094800,0.026261170753,0.003038164071,0.015455824584
0.102462842500,0.025879426328,0.002959547273,0.030780692402
0.099835590100,0.025826432850,0.002694960779,0.000508135923
0.097208337700,0.025771046984,0.002375832757,-0.023485550866
0.094581085300,0.025907155511,0.002279416709,-0.010767762595
0.091953833000,0.026139839699,0.002023845856,0.030177480597
0.089326580600,0.026291588844,0.001754984589,0.030227401877
0.086699328200,0.026584174243,0.001768883298,-0.044962057139
0.084072075900,0.026796890299,0.001843363805,-0.195908520784
0.081444823500,0.026794375419,0.001922169692,-0.284465725627
0.078817571100,0.027002978460,0.002035085628,-0.265351988897
0.076190318700,0.027188857458,0.002099496179,-0.241383269241
0.073563066400,0.027310729292,0.002000694574,-0.221893246039
0.070935814000,0.027344237291,0.001913476943,-0.192015545894
0.068308561600,0.027168176876,0.001953817875,-0.128946139241
0.065681309300,0.026904262502,0.001889547366,-0.101475425574
0.063054056900,0.026627778207,0.001899828494,-0.130590560148
0.060426804500,0.026384396387,0.001797511843,-0.111830375712
0.057799552100,0.026081379238,0.001836161820,-0.038637952357
0.055172299800,0.025928978088,0.001865035422,0.018256481083
0.052545047400,0.025527947338,0.001923962659,0.062333215340
0.049917795000,0.025056594155,0.002003381396,0.088027201989
0.047290542700,0.024878373049,0.002062419604,0.150971087200
0.044663290300,0.024668193940,0.001896845918,0.164460716173
0.042036037900,0.024475783218,0.001838599668,0.185002629103
0.039408785500,0.024596628669,0.001816490039,0.131059434777
0.036781533200,0.024690240361,0.001901420481,0.076938736618
0.034154280800,0.024639049840,0.002002062968,0.081610032277
0.031527028400,0.024555316446,0.002067577238,0.120080419452
0.028899776100,0.024505709348,0.002172630294,0.222222284130
0.026272523700,0.024137737533,0.002007128018,0.332993961039
0.023645271300,0.023066243389,0.001614822062,0.163273951431
0.021018019000,0.022774436996,0.001616763496,-0.194063938500
0.018390766600,0.023525967560,0.001958974097,-0.261505675117
0.015763514200,0.023629615205,0.002180967450,-0.141367278629
0.013136261800,0.023721184809,0.002277896234,-0.092725490289
0.010509009500,0.023911491097,0.002239813192,-0.171995282989
0.007881757100,0.024304852681,0.002200220594,-0.211832601877
0.005254504700,0.024874240057,0.001966591604,0.004971271780
0.002627252400,0.025385373695,0.001547357249,3.227589400641
0.000000000000,0.025068608860,0.001402080538,6.276978797139
