0.391460603250,0.018523252321,-0.001650142357,0.835363954976
0.388833350880,0.019384084266,-0.001561792155,0.816754748440
0.386206098510,0.017057920244,-0.001868006167,0.215206825141
0.383578846140,0.016517760905,-0.001811579534,-0.142642156699
0.380951593770,0.017014914935,-0.001573329892,0.010376163075
0.378324341400,0.017254705585,-0.001152625775,0.104127323783
0.375697089030,0.017844941620,-0.001442448531,0.020395451769
0.373069836660,0.017217507525,-0.001383239716,-0.127001751890
0.370442584290,0.017633747101,-0.001296254726,-0.013922094409
0.367815331920,0.018155882281,-0.001204334136,-0.090868461869
0.365188079550,0.019127116707,-0.001215456335,-0.171715289525
0.362560827170,0.019808214756,-0.001451019779,-0.014027858479
0.359933574800,0.018752599495,-0.001661838568,0.086319950861
0.357306322430,0.019014386807,-0.001737831129,0.026766514326
0.354679070060,0.018962362152,-0.001919095101,0.052950433592
0.352051817690,0.018646987590,-0.001914126375,0.044537185460
0.349424565320,0.020095221223,-0.001985644664,0.046439700246
0.346797312950,0.018908824798,-0.001994807869,0.076237056101
0.344170060580,0.018612341048,-0.002084678431,0.051502852427
0.341542808210,0.018271299149,-0.002127145188,0.009826550641
0.338915555840,0.018025470040,-0.001965322280,-0.010809732011
0.336288303460,0.017584570042,-0.001790751707,0.001517137977
0.333661051090,0.017303825044,-0.001693009445,-0.041822057510
0.331033798720,0.017212608968,-0.001660692243,-0.115262151131
0.328406546350,0.017021274773,-0.001720891105,-0.167730760207
0.325779293980,0.016847765685,-0.001543455294,-0.164510853599
0.323152041610,0.016624378463,-0.001187691567,-0.095561702472
0.320524789240,0.016423281079,-0.000870500076,-0.114466275647
0.317897536870,0.016124549080,-0.000483149555,-0.103256406775
0.315270284500,0.015838061760,-0.000075937379,-0.067360751179
0.312643032100,0.015622571921,0.000106944473,-0.038598034108
0.310015779800,0.015483734184,0.000415755846,-0.058691265711
0.307388527400,0.015151087480,0.000680494083,-0.085664459286
0.304761275000,0.015301401202,0.000960164556,-0.111432888617
0.302134022600,0.015311679498,0.001219245776,-0.159611548073
0.299506770300,0.015366304904,0.001474098363,-0.150405120293
0.296879517900,0.015416565150,0.001723815456,-0.107146218846
0.294252265500,0.015478997007,0.002009270107,-0.068952658153
0.291625013200,0.015569215701,0.002262703351,-0.030036396864
0.288997760800,0.015624972207,0.002503996365,-0.010961824278
0.286370508400,0.015511988090,0.002600674416,0.040388629599
0.283743256000,0.015262609903,0.002537947698,0.083636806580
0.281116003700,0.014981654696,0.002645328014,0.079828245153
0.278488751300,0.014747936247,0.002680160970,0.081496600037
0.275861498900,0.014667055156,0.002570291793,0.056833249334
0.273234246600,0.014650423627,0.002596402152,0.007393295828
0.270606994200,0.014746593117,0.002672006378,-0.027342286259
0.267979741800,0.014905944288,0.002661947770,-0.016254375793
0.265352489400,0.015113964236,0.002644879137,0.002907542215
0.262725237100,0.015462685224,0.002657366495,0.002413731449
0.260097984700,0.015795984260,0.002645309096,-0.027884421283
0.257470732300,0.016094921948,0.002617185287,-0.082576635643
0.254843480000,0.016559709983,0.002711665754,-0.143804792030
0.252216227600,0.016794395951,0.002921359326,-0.160265135614
0.249588975200,0.016937434332,0.002999354613,-0.075686958841
0.246961722900,0.017027052767,0.002958786017,0.087078952102
0.244334470500,0.017063396168,0.002810821703,0.180050171750
0.241707218100,0.017242826685,0.002564619299,0.155963728355
0.239079965700,0.017418166913,0.002385934691,0.058331871109
0.236452713400,0.017466964007,0.002139563824,-0.025607273206
0.233825461000,0.017469901664,0.001879126729,-0.089581053458
0.231198208600,0.017384216152,0.001653062758,-0.086307162305
0.228570956300,0.017181771019,0.001644187895,-0.025918790929
0.225943703900,0.016822865649,0.001593453718,0.015746991845
0.223316451500,0.016463833893,0.001624313100,0.039780615843
0.220689199100,0.016245215075,0.001570609956,0.070430984339
0.218061946800,0.016066884651,0.001503830890,0.086916961837
0.215434694400,0.016077640370,0.001430229475,0.077113641985
0.212807442000,0.016192710634,0.001244887713,0.008611106423
0.210180189700,0.016531964800,0.001177438240,-0.069259000765
0.207552937300,0.016975684893,0.000978795565,-0.099655881969
0.204925684900,0.017269282494,0.000785432443,-0.095310187057
0.202298432500,0.017455825238,0.000771473964,-0.115131663714
0.199671180200,0.017600229787,0.000910835328,-0.137661407205
0.197043927800,0.017534530584,0.001307023515,-0.096600175335
0.194416675400,0.017445038646,0.001569944427,-0.032445210158
0.191789423100,0.017367012340,0.001622153229,-0.015590336207
0.189162170700,0.017214744675,0.001756578780,0.005074000842
0.186534918300,0.017010901765,0.001922804959,0.027412232237
0.183907666000,0.017000285923,0.002017467447,0.074273714955
0.181280413600,0.017056347607,0.002088755728,0.165312523535
0.178653161200,0.016948646925,0.002234003001,0.247483550177
0.176025908800,0.016883143702,0.002632799797,0.271858279059
0.173398656500,0.016757003562,0.002991268030,0.234117219111
0.170771404100,0.016694954111,0.003272078600,0.250432701666
0.168144151700,0.016678430151,0.003256318268,0.299341478911
0.165516899400,0.016646196274,0.003216647589,0.271524964903
0.162889647000,0.016699059651,0.003175782337,0.174089182744
0.160262394600,0.016692324886,0.003051029992,0.066526725535
0.157635142200,0.016824399593,0.003097511750,0.037118853639
0.155007889900,0.017011657173,0.003090824812,0.055170423625
0.152380637500,0.017320328207,0.003116732048,0.063907943943
0.149753385100,0.017587730292,0.003128040741,0.025796969458
0.147126132800,0.017765624498,0.003075763294,-0.120047763935
0.144498880400,0.017848040874,0.003149120306,-0.252982288494
0.141871628000,0.017749506423,0.003194143186,-0.307199075563
0.139244375600,0.017636900468,0.003201439159,-0.329366294974
0.136617123300,0.017478565840,0.003288892319,-0.308462861195
0.133989870900,0.017368219466,0.003307658571,-0.259117802292
0.131362618500,0.017206667245,0.003413571444,-0.186608541899
0.128735366200,0.016996494147,0.003889158080,-0.085644558710
0.126108113800,0.016991935492,0.004038907315,-0.043450270906
0.123480861400,0.017073492112,0.004139796698,-0.029247262910
0.120853609000,0.016833394822,0.004217890199,0.001015814288
0.118226356700,0.016600630473,0.004591103508,0.073031218561
0.115599104300,0.016496974463,0.004917335640,0.113149353017
0.112971851900,0.016351486029,0.005032761101,0.093332847675
0.110344599600,0.016311246446,0.005216333934,0.093839227161
0.107717347200,0.016395302458,0.005419765397,0.096836079352
0.105090094800,0.016688896445,0.005575501828,0.087915940231
0.102462842500,0.016754273227,0.005710136062,0.059879188009
0.099835590100,0.017041236050,0.005928850381,0.039740015493
0.097208337700,0.017374167010,0.006023221373,0.083693204043
0.094581085300,0.017473274131,0.006006336576,0.079499429539
0.091953833000,0.017392783537,0.005927988134,0.016148060976
0.089326580600,0.017344502573,0.005822449770,-0.036729412534
0.086699328200,0.017238789174,0.005832409178,-0.120492691100
0.084072075900,0.016926267271,0.005589346823,-0.206413851932
0.081444823500,0.016699842574,0.005305863397,-0.191429630745
0.078817571100,0.016594036407,0.004893048480,-0.103534464050
0.076190318700,0.016421983727,0.004618491642,0.037332217056
0.073563066400,0.016325566874,0.004469330577,0.144875793010
0.070935814000,0.016375446709,0.004369248554,0.260486592428
0.068308561600,0.016411048673,0.004568285502,0.420458047385
0.065681309300,0.016370667197,0.004580713251,0.581470113859
0.063054056900,0.016034965826,0.004629863592,0.636271061462
0.060426804500,0.015487801225,0.004392082035,0.549935843069
0.057799552100,0.015134152059,0.004235392051,0.411679015122
0.055172299800,0.014953512189,0.004368363448,0.351036398313
0.052545047400,0.014687166168,0.004451222118,0.334300174960
0.049917795000,0.014413769639,0.004479732589,0.348596148728
0.047290542700,0.014151372445,0.004625453699,0.363124898363
0.044663290300,0.013907642886,0.004477134891,0.341920069874
0.042036037900,0.013529934901,0.004568261523,0.267986610520
0.039408785500,0.013296797810,0.004641622086,0.228796366699
0.036781533200,0.013002530288,0.004552478918,0.193542043742
0.034154280800,0.012673667464,0.004262121227,0.177144257544
0.031527028400,0.012420813920,0.004060604304,0.164326337619
0.028899776100,0.012205669059,0.003881471040,0.089044220269
0.026272523700,0.011850210727,0.003625852826,0.069155813414
0.023645271300,0.010834201439,0.003364204354,0.075404376982
0.021018019000,0.010685047049,0.003113798145,0.090766213511
0.018390766600,0.010734314294,0.002475170074,0.059439983924
0.015763514200,0.010559408299,0.002418576066,-0.014525602349
0.013136261800,0.010505216090,0.002289328607,-0.017963831724
0.010509009500,0.010758744207,0.002228900898,0.035851868542
0.007881757100,0.010968959463,0.002034704407,-0.030933426137
0.005254504700,0.011185748303,0.001863886143,-0.269057113708
0.002627252400,0.011306887285,0.001486492964,-1.908461978349
0.000000000000,0.010977524214,0.000856119517,-3.418499015670
