0.391460603250,-0.027701574392,0.001192001642,0.012454890381
0.388833350880,-0.025852265716,0.001118750319,0.120470682977
0.386206098510,-0.026486895424,0.001193903201,0.181837780326
0.383578846140,-0.028184204277,0.001043935218,0.065031903914
0.380951593770,-0.028588901919,0.000992182904,-0.291108197506
0.378324341400,-0.028194778151,0.001179072902,-0.291944668880
0.375697089030,-0.028714264067,0.001370129254,0.185370387126
0.373069836660,-0.028410210789,0.001096180960,0.058140753805
0.370442584290,-0.028476763817,0.001010518962,-0.524279053889
0.367815331920,-0.026891694410,0.000768805608,-0.239897527551
0.365188079550,-0.027397908234,0.000582721437,-0.017634066725
0.362560827170,-0.027345247221,0.000462438548,-0.233464307656
0.359933574800,-0.027023691874,0.000636487939,-0.132397361519
0.357306322430,-0.026078496741,0.000784156285,-0.047709043038
0.354679070060,-0.026859541159,0.000890223013,-0.046861432277
0.352051817690,-0.026457881208,0.001058557829,-0.020917442697
0.349424565320,-0.026129724829,0.001356735258,0.069170905296
0.346797312950,-0.025898079067,0.001314649085,0.031592093333
0.344170060580,-0.025711409152,0.001328581629,0.037889548039
0.341542808210,-0.025665824259,0.001349063148,0.071923589186
0.338915555840,-0.025654296472,0.001347974704,0.087815757808
0.336288303460,-0.025639350257,0.001458656798,0.108337841994
0.333661051090,-0.025792060436,0.001601803170,0.133048151104
0.331033798720,-0.026106443041,0.001594370652,0.132116619021
0.328406546350,-0.026539204928,0.001650775669,-0.001681128825
0.325779293980,-0.026348754809,0.001649476179,-0.076545729510
0.323152041610,-0.026838880826,0.001858847419,0.082768057908
0.320524789240,-0.027221251223,0.002028955131,0.057898639424
0.317897536870,-0.027419177721,0.001930957754,0.042248448775
0.315270284500,-0.027611223839,0.001879792518,0.075714834698
0.312643032100,-0.027763167367,0.001849377218,0.044575763316
0.310015779800,-0.027779240750,0.001864676692,0.019544736808
0.307388527400,-0.027952975038,0.001908359773,0.029509902700
0.304761275000,-0.027962592677,0.002039291817,-0.020874605107
0.302134022600,-0.027708337283,0.002249222131,-0.012866967097
0.299506770300,-0.027577183627,0.002502089743,0.054159599862
0.296879517900,-0.027426736799,0.002661940671,0.080732410259
0.294252265500,-0.027247002508,0.002888384883,0.062935636096
0.291625013200,-0.027030662068,0.003172232602,0.062611811805
0.288997760800,-0.026967281697,0.003334311639,0.035392628902
0.286370508400,-0.026877813340,0.003321263671,-0.010252076767
0.283743256000,-0.026879972384,0.003276352342,-0.008763336205
0.281116003700,-0.026916816227,0.003141399815,0.037202937435
0.278488751300,-0.026952880387,0.002999178678,0.065338988157
0.275861498900,-0.027103206048,0.002788559195,0.062671205897
0.273234246600,-0.027188350653,0.002651502192,0.016145129892
0.270606994200,-0.027252560282,0.002511414023,-0.053941988082
0.267979741800,-0.027380169950,0.002325812961,-0.074102311189
0.265352489400,-0.027433123843,0.002174394030,-0.085409200889
0.262725237100,-0.027467051223,0.002140255146,-0.116504012586
0.260097984700,-0.027538889966,0.002387904250,-0.127573063187
0.257470732300,-0.027629713902,0.002508438653,-0.109924654479
0.254843480000,-0.027767816575,0.002602717967,-0.086277873149
0.252216227600,-0.027853272093,0.002749708755,0.014559453035
0.249588975200,-0.027781519521,0.002832250600,0.110421717359
0.246961722900,-0.027707581646,0.002789956911,0.161110377382
0.244334470500,-0.027771671127,0.002697389078,0.210581561232
0.241707218100,-0.027924712472,0.002663533447,0.242626582152
0.239079965700,-0.028239496258,0.002481731221,0.204783540055
0.236452713400,-0.028811106221,0.002234818652,0.161410658083
0.233825461000,-0.029462304874,0.002013237623,0.149151710994
0.231198208600,-0.030000917555,0.001793468835,0.146221254705
0.228570956300,-0.030432706609,0.001603213618,0.125517959581
0.225943703900,-0.030643844545,0.001415673625,0.087064568874
0.223316451500,-0.030662899277,0.001361138978,0.062944792072
0.220689199100,-0.030630235038,0.001543118771,0.018316140877
0.218061946800,-0.030513137662,0.001806704265,-0.049493493611
0.215434694400,-0.030314083551,0.002001453089,-0.106709236677
0.212807442000,-0.030168745663,0.002124599624,-0.125522783531
0.210180189700,-0.030010712704,0.002192018016,-0.104506727574
0.207552937300,-0.029915252621,0.002145420042,-0.076478795337
0.204925684900,-0.029886782714,0.002332004251,0.000396218949
0.202298432500,-0.029842733421,0.002502977601,0.057784079363
0.199671180200,-0.029713267703,0.002738492909,0.077393464286
0.197043927800,-0.029572638884,0.003051320354,0.132496586735
0.194416675400,-0.029520053659,0.003455126382,0.110669597008
0.191789423100,-0.029596023675,0.003774986050,0.064294315330
0.189162170700,-0.029612199318,0.004043339560,0.121074727289
0.186534918300,-0.029596593054,0.004252813203,0.186644545575
0.183907666000,-0.029666017077,0.004291781933,0.223160268974
0.181280413600,-0.029596198300,0.004328997720,0.257556193395
0.178653161200,-0.029427807438,0.004608195935,0.328329048714
0.176025908800,-0.029246433991,0.004949352882,0.359713170424
0.173398656500,-0.028951149521,0.005111490404,0.354027296399
0.170771404100,-0.028603811163,0.005253872933,0.305713105594
0.168144151700,-0.028136006900,0.005238336278,0.210296354236
0.165516899400,-0.027774026672,0.005283187099,0.163095518954
0.162889647000,-0.027554506471,0.005264491831,0.186129194650
0.160262394600,-0.027291178803,0.005305050684,0.212924680668
0.157635142200,-0.027034079918,0.005241211879,0.169411312844
0.155007889900,-0.026984796732,0.005126438224,0.094649457118
0.152380637500,-0.027142882288,0.005034835141,0.032557107336
0.149753385100,-0.027355562742,0.004836484031,-0.028807367558
0.147126132800,-0.027681449782,0.004543822327,-0.057724629163
0.144498880400,-0.028090944490,0.004276036824,-0.110281651716
0.141871628000,-0.028465102098,0.003942344936,-0.146259673015
0.139244375600,-0.028860241316,0.003718087101,-0.065290422458
0.136617123300,-0.029374418674,0.003660447930,-0.007114515452
0.133989870900,-0.029848760533,0.003688718262,0.021133888277
0.131362618500,-0.030428365185,0.003881743538,0.095808296429
0.128735366200,-0.030891465502,0.004086960924,0.140159565910
0.126108113800,-0.031232886815,0.004300979337,0.114744659519
0.123480861400,-0.031552057788,0.004587668536,0.113688703705
0.120853609000,-0.031837769737,0.004608651406,0.086227177848
0.118226356700,-0.031902990597,0.004627911759,0.097760483719
0.115599104300,-0.031923071318,0.004610085613,0.162956143078
0.112971851900,-0.031884121763,0.004547816401,0.120331332738
0.110344599600,-0.031738440137,0.004563081893,0.033526420570
0.107717347200,-0.031671525886,0.004593152823,-0.033172186648
0.105090094800,-0.031548161372,0.004675888617,-0.096302282946
0.102462842500,-0.031435411137,0.004691927416,-0.145021130722
0.099835590100,-0.031190406276,0.004557657073,-0.099410515637
0.097208337700,-0.030984562684,0.004562159870,0.012148150671
0.094581085300,-0.031005847331,0.004593160608,0.106788897011
0.091953833000,-0.031188722635,0.004516605167,0.196906617457
0.089326580600,-0.031479581949,0.004495990081,0.239400415220
0.086699328200,-0.031637866860,0.004126644056,0.214524564959
0.084072075900,-0.031639329607,0.004060349959,0.129080514453
0.081444823500,-0.031665648061,0.003978716279,0.044675167973
0.078817571100,-0.031751986097,0.003913548927,0.016721214154
0.076190318700,-0.031775286757,0.003815329899,0.030610884174
0.073563066400,-0.031932121341,0.003772302735,0.090771342765
0.070935814000,-0.032063169254,0.003801567633,0.090073420144
0.068308561600,-0.032111950367,0.003774295076,0.070978583700
0.065681309300,-0.032020389168,0.003896977186,0.089691824027
0.063054056900,-0.032113668656,0.003726628202,0.051326927401
0.060426804500,-0.032171636204,0.003631928928,0.012969748014
0.057799552100,-0.032233742539,0.003710339534,0.052446520369
0.055172299800,-0.032174325670,0.003653748965,0.081286969306
0.052545047400,-0.032012066629,0.003488536061,0.043452437181
0.049917795000,-0.031962717523,0.003440600533,-0.032820345665
0.047290542700,-0.032065221609,0.003573524542,-0.064238962676
0.044663290300,-0.032132646540,0.003357967284,-0.060327441801
0.042036037900,-0.032379583477,0.003109696193,-0.030738168048
0.039408785500,-0.032547775179,0.003208456477,0.025369185732
0.036781533200,-0.032588619490,0.003204208518,0.066851148025
0.034154280800,-0.033044055950,0.003122416481,0.104656057801
0.031527028400,-0.033718546142,0.003138910265,0.091081429503
0.028899776100,-0.034320242666,0.003267185451,0.122279151743
0.026272523700,-0.034760859393,0.003295619519,0.383682538825
0.023645271300,-0.034424245250,0.002866873619,0.289328880787
0.021018019000,-0.035745652729,0.002775493331,-0.204127219610
0.018390766600,-0.036166318520,0.002995540496,-0.234927289272
0.015763514200,-0.036135765119,0.002899159707,-0.098330575568
0.013136261800,-0.035663577313,0.002618395468,0.197168581748
0.010509009500,-0.036459970914,0.001934693956,-0.049015096620
0.007881757100,-0.035197804279,0.001565695175,-0.258642601640
0.005254504700,-0.034798799919,0.001259899859,-0.002680196983
0.002627252400,-0.034314833483,0.001043435142,0.357366802429
0.000000000000,-0.029130334638,0.000700393177,0.696299152634
