0.391460603250,-0.054081258154,0.000241874420,-0.026644078121
0.388833350880,-0.053038344761,0.000447462198,0.164528225942
0.386206098510,-0.053184319454,0.000443865939,0.219683221223
0.383578846140,-0.053692315102,0.000623072674,0.080112800529
0.380951593770,-0.054747813071,0.000690234363,0.120070602995
0.378324341400,-0.056228665573,0.000979458984,0.239905510289
0.375697089030,-0.056228187811,0.001165876854,0.159569371337
0.373069836660,-0.056252885567,0.001238358367,0.065928627881
0.370442584290,-0.056413479704,0.001356827354,0.138902594894
0.367815331920,-0.056606646914,0.001499963587,0.161799496308
0.365188079550,-0.056135292593,0.001768555930,0.041577107011
0.362560827170,-0.055177042741,0.001919080615,0.049409286314
0.359933574800,-0.056463234181,0.002185478823,0.081187359360
0.357306322430,-0.055588474745,0.002226944991,-0.065754607796
0.354679070060,-0.055971807946,0.002271981166,-0.106453767440
0.352051817690,-0.056366247485,0.002496102414,-0.015040993449
0.349424565320,-0.056259300882,0.002568772571,-0.010241391604
0.346797312950,-0.056185158619,0.002474175861,0.032778052544
0.344170060580,-0.056212534276,0.002598809284,-0.025012260713
0.341542808210,-0.056196342977,0.002673548019,-0.077366548934
0.338915555840,-0.056206706114,0.002643646764,-0.020939830495
0.336288303460,-0.056335236214,0.002514607232,0.008240516845
0.333661051090,-0.056329836718,0.002436521097,-0.001959907512
0.331033798720,-0.056432684828,0.002566183565,-0.007705846987
0.328406546350,-0.056647928952,0.002637884234,0.030019673746
0.325779293980,-0.056877488982,0.002596382290,0.083677279709
0.323152041610,-0.057027570612,0.002538924122,0.094046589367
0.320524789240,-0.057095750740,0.002599907105,0.080008343195
0.317897536870,-0.057289689502,0.002581611531,0.055354703100
0.315270284500,-0.057568414571,0.002514706523,0.043530204515
0.312643032100,-0.057683515611,0.002601620175,0.008210421356
0.310015779800,-0.057862599546,0.002524772158,0.026435631301
0.307388527400,-0.058073859431,0.002521449011,0.044343438783
0.304761275000,-0.058237220924,0.002532258007,0.054409114872
0.302134022600,-0.058453053428,0.002507400855,0.027404250663
0.299506770300,-0.058577968581,0.002495322614,0.032424390883
0.296879517900,-0.058584021742,0.002435159007,0.059559892453
0.294252265500,-0.058653110197,0.002509061080,0.068214620588
0.291625013200,-0.058747646477,0.002643468649,0.076029786631
0.288997760800,-0.058982466457,0.002815518980,0.121899872587
0.286370508400,-0.059268107674,0.002815844474,0.095831160824
0.283743256000,-0.059501910242,0.002752287052,0.035760655863
0.281116003700,-0.059592841927,0.002822543419,0.025890217559
0.278488751300,-0.059476111863,0.003092851327,0.020192027035
0.275861498900,-0.059282041814,0.003277740893,0.031832182502
0.273234246600,-0.059195233700,0.003278362586,0.034423063391
0.270606994200,-0.059004697937,0.003305140790,0.031045640678
0.267979741800,-0.058916589658,0.003355347700,0.069519346054
0.265352489400,-0.058921685786,0.003340620553,0.093925268689
0.262725237100,-0.058939810781,0.003255545887,0.063155593401
0.260097984700,-0.059007239005,0.003195241390,0.035467624620
0.257470732300,-0.058854288013,0.003086730575,0.070816108029
0.254843480000,-0.058678698149,0.002993856689,0.073759945266
0.252216227600,-0.058575330120,0.002912916539,0.096790246881
0.249588975200,-0.058577331645,0.002757233140,0.156141815044
0.246961722900,-0.058642508273,0.002680060007,0.160444248918
0.244334470500,-0.058840234557,0.002526078565,0.094172029296
0.241707218100,-0.059013947085,0.002334358289,0.019519855731
0.239079965700,-0.059071390480,0.002262912695,-0.033260503341
0.236452713400,-0.059098469513,0.002182044951,-0.071791066641
0.233825461000,-0.059239852928,0.002160143826,-0.100316248829
0.231198208600,-0.059369588754,0.002272014807,-0.130067154973
0.228570956300,-0.059368115946,0.002252131265,-0.110442949126
0.225943703900,-0.059361579708,0.002094777079,-0.035614799453
0.223316451500,-0.059339966378,0.001907723985,-0.007687647751
0.220689199100,-0.059305660802,0.001866649755,-0.020105106896
0.218061946800,-0.059345821815,0.001833805899,0.006429230658
0.215434694400,-0.059553379115,0.001966446007,0.052087937778
0.212807442000,-0.059746658395,0.002009743305,0.108706238242
0.210180189700,-0.059862900215,0.002020951170,0.227701240748
0.207552937300,-0.059878372888,0.002120114844,0.332910375071
0.204925684900,-0.059843927103,0.002137487292,0.306532986248
0.202298432500,-0.059713313662,0.002170353909,0.256804760418
0.199671180200,-0.059624077370,0.002080684811,0.232269026624
0.197043927800,-0.059354119241,0.002114032047,0.201726958811
0.194416675400,-0.059211268907,0.002321595706,0.196376558847
0.191789423100,-0.059156668592,0.002551487394,0.202012521294
0.189162170700,-0.059176186313,0.002784966560,0.168550086566
0.186534918300,-0.059306935967,0.002990278571,0.122927409007
0.183907666000,-0.059368205753,0.003128154593,0.109130479893
0.181280413600,-0.059418178330,0.003206610293,0.112252047604
0.178653161200,-0.059589861752,0.003147283590,0.095952698058
0.176025908800,-0.059611828606,0.003150068152,0.076953612077
0.173398656500,-0.059555371036,0.003222813615,0.041769853488
0.170771404100,-0.059516111317,0.003344219999,-0.009571951954
0.168144151700,-0.059509584085,0.003612241995,0.016410266512
0.165516899400,-0.059605562041,0.003873798699,0.029137638757
0.162889647000,-0.059618229604,0.004041104474,0.006147762673
0.160262394600,-0.059569649318,0.004174707055,0.036114944056
0.157635142200,-0.059554944688,0.004190884915,0.065184118944
0.155007889900,-0.059484116034,0.004259731647,0.046237271132
0.152380637500,-0.059549093611,0.004334720156,0.016046320804
0.149753385100,-0.059520640395,0.004408884613,-0.001991053848
0.147126132800,-0.059238245731,0.004595890419,-0.015276844008
0.144498880400,-0.058897093169,0.004603138098,-0.006749326677
0.141871628000,-0.058648122173,0.004479752208,-0.013856274473
0.139244375600,-0.058422977395,0.004254503294,-0.069616237251
0.136617123300,-0.058234153188,0.004060416664,-0.144615120034
0.133989870900,-0.058115727024,0.003882706714,-0.144368342715
0.131362618500,-0.058086017205,0.003520069887,-0.106113762592
0.128735366200,-0.057982832322,0.003158238503,-0.087243777803
0.126108113800,-0.057990080010,0.002925694587,-0.064495656427
0.123480861400,-0.058152586561,0.002788629665,-0.053285121205
0.120853609000,-0.058433273614,0.002716298262,-0.022837447620
0.118226356700,-0.058702794965,0.002787125700,0.028412777521
0.115599104300,-0.059002249931,0.002967986294,0.049381738433
0.112971851900,-0.059494239416,0.003104422018,-0.024165585281
0.110344599600,-0.060060856279,0.003085271901,-0.075772601328
0.107717347200,-0.060516059223,0.003010894461,-0.027654552902
0.105090094800,-0.060912804884,0.003019124147,-0.043098972436
0.102462842500,-0.061290022694,0.002895748342,-0.087323759930
0.099835590100,-0.061757041939,0.002851745464,-0.050058992232
0.097208337700,-0.062106868896,0.002820631561,0.012213826330
0.094581085300,-0.062343175841,0.002630251201,0.035689090585
0.091953833000,-0.062494726708,0.002449350400,-0.024054620131
0.089326580600,-0.062489282078,0.002116102887,0.002130692707
0.086699328200,-0.062274756513,0.001972870103,0.155494505591
0.084072075900,-0.061909665790,0.001864128760,0.192526257061
0.081444823500,-0.061489906945,0.001682797010,0.057705382137
0.078817571100,-0.061070622497,0.001550106393,-0.054723546988
0.076190318700,-0.060633725370,0.001611258658,-0.060320936908
0.073563066400,-0.060632240520,0.001764510793,-0.000770901857
0.070935814000,-0.060726336457,0.002080441510,0.050493438466
0.068308561600,-0.060928877151,0.002326123623,0.056609783797
0.065681309300,-0.061017265048,0.002547736970,0.025607221091
0.063054056900,-0.061295826106,0.002617845133,0.009406081222
0.060426804500,-0.061527007833,0.002691874243,0.079293455272
0.057799552100,-0.061631717130,0.002669790725,0.157798583905
0.055172299800,-0.061797350195,0.002652164435,0.190955409933
0.052545047400,-0.062112431111,0.002838493089,0.217765250381
0.049917795000,-0.062293212659,0.002884305543,0.197762432134
0.047290542700,-0.062611914133,0.002853616278,0.108550183334
0.044663290300,-0.062876470090,0.002972568000,0.052688082706
0.042036037900,-0.063158391592,0.003207626701,-0.018352610723
0.039408785500,-0.063332449544,0.003395445789,-0.087334646680
0.036781533200,-0.063270754497,0.003333336861,-0.091819282933
0.034154280800,-0.063401089090,0.003220041353,-0.060596765110
0.031527028400,-0.063324831890,0.003249291924,-0.018154277774
0.028899776100,-0.063245713186,0.003125013982,0.013058370152
0.026272523700,-0.063319815665,0.002783839303,-0.183317571003
0.023645271300,-0.062104210417,0.002595072580,0.034371529024
0.021018019000,-0.063462896328,0.002589501916,0.317869310029
0.018390766600,-0.063721208581,0.002585347531,0.115175304358
0.015763514200,-0.063987313295,0.002578965369,0.045981384217
0.013136261800,-0.064155351132,0.002711176143,-0.049332315668
0.010509009500,-0.064553494873,0.002581496709,-0.092057653646
0.007881757100,-0.064641763785,0.002456713449,-0.117158792201
0.005254504700,-0.064276462802,0.002372610278,-0.309842427197
0.002627252400,-0.062969159866,0.002092811580,-2.056501224424
0.000000000000,-0.056378660627,0.001312529393,-3.620819078607
