0.391460603250,-0.006995386705,0.001234992716,1.019325326991
0.388833350880,-0.007282888191,0.001566924769,0.112583118115
0.386206098510,-0.005996983425,0.001290221922,-0.689007684077
0.383578846140,-0.007905954045,0.001165257390,-0.142472575396
0.380951593770,-0.007049901004,0.001259017283,-0.002717204232
0.378324341400,-0.007499092567,0.001063007259,-0.294510119181
0.375697089030,-0.007867561694,0.001208093261,-0.196562444456
0.373069836660,-0.007300944438,0.001101508605,-0.173590765774
0.370442584290,-0.007305944427,0.000778984477,-0.099820780530
0.367815331920,-0.007963478558,0.000584468551,-0.276209117894
0.365188079550,-0.007578635344,0.000506162284,-0.511445336095
0.362560827170,-0.006415436069,0.000277234220,-0.344269934994
0.359933574800,-0.005251314297,0.000303575921,-0.187061714999
0.357306322430,-0.004623594397,0.000442929956,-0.110036675632
0.354679070060,-0.004671899759,0.000473182242,-0.036652617838
0.352051817690,-0.004735289299,0.000568650843,0.000228180341
0.349424565320,-0.004573809108,0.000600002977,0.020703257753
0.346797312950,-0.004352583928,0.000509581236,0.064862450576
0.344170060580,-0.004076448561,0.000470385313,0.093054064467
0.341542808210,-0.003840883941,0.000492178390,0.094888388980
0.338915555840,-0.003664013693,0.000557725343,0.105961566081
0.336288303460,-0.003763972237,0.000746612339,0.100755068138
0.333661051090,-0.003884374241,0.000909672913,0.117212386638
0.331033798720,-0.004091194796,0.001079026745,0.108524817122
0.328406546350,-0.004432669530,0.001189427607,0.070470927924
0.325779293980,-0.004833141558,0.001290198660,0.029589534755
0.323152041610,-0.005224702863,0.001361969852,0.006130832716
0.320524789240,-0.005439130118,0.001396163789,0.026023558371
0.317897536870,-0.005593803029,0.001300055225,0.015896992118
0.315270284500,-0.005754423178,0.001015114982,-0.010425713690
0.312643032100,-0.005883753413,0.001033752717,-0.043700175862
0.310015779800,-0.006002338286,0.001115948479,-0.037671989535
0.307388527400,-0.006078486075,0.001233563918,-0.005354505031
0.304761275000,-0.006097951781,0.001365930935,-0.021040136699
0.302134022600,-0.006069681776,0.001629463343,-0.042423227704
0.299506770300,-0.005901818856,0.001928994331,-0.015474147580
0.296879517900,-0.005705268952,0.002339863254,0.042302897834
0.294252265500,-0.005583479821,0.002598352355,0.079591170888
0.291625013200,-0.005377060541,0.002749988118,0.080735200777
0.288997760800,-0.005249795680,0.003033625239,0.056444284316
0.286370508400,-0.005177545636,0.003145707264,0.070247646964
0.283743256000,-0.005090626780,0.003145009315,0.104789329230
0.281116003700,-0.005039067032,0.003077252997,0.112192745087
0.278488751300,-0.005180309742,0.002919365527,0.118884825849
0.275861498900,-0.005335299160,0.002719418172,0.109563855097
0.273234246600,-0.005415764990,0.002534701228,0.083754706542
0.270606994200,-0.005544164001,0.002330738324,0.029311526681
0.267979741800,-0.005732342165,0.002125661422,-0.006822625078
0.265352489400,-0.005705844227,0.001882296336,-0.029557454151
0.262725237100,-0.005719036614,0.001848588770,-0.127240151224
0.260097984700,-0.005797218106,0.001889409972,-0.188281870636
0.257470732300,-0.005988055297,0.001821188838,-0.158027292457
0.254843480000,-0.006139956445,0.001860804017,-0.052520321059
0.252216227600,-0.006132780372,0.001783925964,0.037100093452
0.249588975200,-0.006106793186,0.001921869548,0.114476586908
0.246961722900,-0.006100599104,0.002046476679,0.198967449407
0.244334470500,-0.006197021914,0.002133389201,0.246904104888
0.241707218100,-0.006471672406,0.001900019476,0.279255413775
0.239079965700,-0.006841703124,0.001559209776,0.243805043500
0.236452713400,-0.007376514443,0.001266743561,0.159555943304
0.233825461000,-0.008018479884,0.001008330102,0.106184237172
0.231198208600,-0.008527945972,0.000777649652,0.112821606052
0.228570956300,-0.009091988677,0.000626868915,0.121243413523
0.225943703900,-0.009397362832,0.000350904875,0.098460366939
0.223316451500,-0.009407556446,0.000389209360,0.059008519127
0.220689199100,-0.009280565909,0.000502766957,0.023611458332
0.218061946800,-0.009155271525,0.000652656361,-0.028318248068
0.215434694400,-0.009001909212,0.000958956913,-0.090042712052
0.212807442000,-0.008743915190,0.001270712469,-0.100955272478
0.210180189700,-0.008612157045,0.001406021765,-0.085206941510
0.207552937300,-0.008536128217,0.001421215092,-0.079549725154
0.204925684900,-0.008365905231,0.001447709547,-0.035556155535
0.202298432500,-0.008235749350,0.001520817421,0.025118357020
0.199671180200,-0.008104869123,0.001717428601,0.075865558889
0.197043927800,-0.007996284818,0.002047545311,0.100605429635
0.194416675400,-0.007979928372,0.002299135986,0.079525286778
0.191789423100,-0.007928849877,0.002838411340,0.026145709976
0.189162170700,-0.007997880788,0.002996261986,0.068303792444
0.186534918300,-0.007997602885,0.003170341551,0.197732878680
0.183907666000,-0.007886921140,0.003280891622,0.271687618796
0.181280413600,-0.007821552816,0.003139337456,0.279235852367
0.178653161200,-0.007631441747,0.003097576887,0.330314324286
0.176025908800,-0.007458514781,0.003211035770,0.401178785528
0.173398656500,-0.007244899028,0.003616567199,0.362304033273
0.170771404100,-0.006913837664,0.003934204295,0.332472955388
0.168144151700,-0.006609885521,0.004105876039,0.255523946381
0.165516899400,-0.006353862448,0.004465449022,0.204867851828
0.162889647000,-0.006115408066,0.004521299583,0.193134505249
0.160262394600,-0.005912385072,0.004487879389,0.180038350752
0.157635142200,-0.005623353329,0.004300727910,0.160763335799
0.155007889900,-0.005517596523,0.004019214600,0.092478994308
0.152380637500,-0.005638198450,0.004015098101,0.063780733384
0.149753385100,-0.005922822524,0.003950343143,0.044428100009
0.147126132800,-0.006269738725,0.003831262807,-0.057677555357
0.144498880400,-0.006593618440,0.003658333131,-0.169816213803
0.141871628000,-0.006863258369,0.003513719964,-0.179297507409
0.139244375600,-0.007276263364,0.003261293149,-0.119406788168
0.136617123300,-0.007834981045,0.003102537343,-0.083595077391
0.133989870900,-0.008098828611,0.002972775022,-0.099924962172
0.131362618500,-0.008585042951,0.002974052754,-0.035802925266
0.128735366200,-0.009266338612,0.003190134893,0.052191901779
0.126108113800,-0.009714925771,0.003433205798,0.099200330888
0.123480861400,-0.009899363953,0.003504051057,0.087216182618
0.120853609000,-0.009894344190,0.003600368616,0.075823649382
0.118226356700,-0.010019185941,0.003704125268,0.121833432629
0.115599104300,-0.010089074706,0.003679571077,0.119745412101
0.112971851900,-0.010135304434,0.003575978544,0.102301224126
0.110344599600,-0.009956151731,0.003636613157,0.069191906242
0.107717347200,-0.009849296695,0.003700042708,-0.022692964565
0.105090094800,-0.009857225262,0.003844398524,-0.090260397937
0.102462842500,-0.009808295317,0.003962480904,-0.107714499672
0.099835590100,-0.009676776864,0.004007375358,-0.114342325593
0.097208337700,-0.009443986420,0.003859534470,-0.055284605773
0.094581085300,-0.009219071227,0.003891568799,0.092163696043
0.091953833000,-0.009388386725,0.003918602796,0.194811935933
0.089326580600,-0.009623848637,0.003772191966,0.248686804234
0.086699328200,-0.009694005909,0.003724280755,0.279208257580
0.084072075900,-0.009876108679,0.003785032014,0.222034113471
0.081444823500,-0.009963946981,0.003810617680,0.105645120616
0.078817571100,-0.010004562264,0.003668657331,0.064012250431
0.076190318700,-0.009944128242,0.003618366779,0.080965062478
0.073563066400,-0.009903670674,0.003555912299,0.131143039174
0.070935814000,-0.010020734288,0.003413456744,0.171042522412
0.068308561600,-0.010119654959,0.003385337863,0.072241243910
0.065681309300,-0.010337669730,0.003438185887,0.036807377976
0.063054056900,-0.010476276588,0.003450142632,0.069638110971
0.060426804500,-0.010436473180,0.003266137950,0.075673461337
0.057799552100,-0.010485224486,0.003262359663,0.042835666010
0.055172299800,-0.010542446698,0.003335037313,0.010525827264
0.052545047400,-0.010613692250,0.003357683978,0.033561234906
0.049917795000,-0.010536081026,0.003388212500,0.025276149239
0.047290542700,-0.010515546034,0.003179776926,0.011879915305
0.044663290300,-0.010542121815,0.002952925098,-0.032038725175
0.042036037900,-0.010536258329,0.002854804941,-0.050844936446
0.039408785500,-0.010666442368,0.002892350099,-0.018243416724
0.036781533200,-0.011037349017,0.002870445523,0.005074770695
0.034154280800,-0.011467326265,0.002778194044,0.062432582028
0.031527028400,-0.011943631599,0.002642890267,0.104102373001
0.028899776100,-0.012390337362,0.002634347863,0.115599560530
0.026272523700,-0.012707899632,0.002703455740,0.070069269902
0.023645271300,-0.012492059592,0.002644456413,0.230076128253
0.021018019000,-0.012884877209,0.002513929219,0.154236257364
0.018390766600,-0.013697522527,0.002534231844,-0.103651139061
0.015763514200,-0.013706418071,0.002514572688,-0.035783459004
0.013136261800,-0.013576477185,0.002149139484,-0.014183230788
0.010509009500,-0.013413381005,0.001732991907,0.052435520365
0.007881757100,-0.012886150684,0.001327339056,0.064428891994
0.005254504700,-0.012299904851,0.001046234732,0.116221777223
0.002627252400,-0.011568939147,0.000617976072,0.791813104738
0.000000000000,-0.009884786448,0.000151164580,1.431286310222
