0.391460603250,-0.043945496861,-0.000138353350,0.541339215251
0.388833350880,-0.044846312298,0.000149492188,0.558645077089
0.386206098510,-0.045874795017,0.000137533737,0.103439564139
0.383578846140,-0.046059103815,0.000351923165,-0.387167728977
0.380951593770,-0.044181536864,0.000616457938,-0.175945643626
0.378324341400,-0.044241272591,0.000804747778,0.009624720567
0.375697089030,-0.043888607194,0.000802052589,-0.172240391341
0.373069836660,-0.044626923100,0.000914532527,0.438872640078
0.370442584290,-0.045659790281,0.000915108807,0.621283953279
0.367815331920,-0.045480133889,0.000884634379,0.062816676469
0.365188079550,-0.046609288586,0.000943839269,-0.010932042056
0.362560827170,-0.046270264236,0.001179785439,-0.014287994353
0.359933574800,-0.044867144264,0.001235559739,-0.020081444970
0.357306322430,-0.045696978865,0.001213195162,-0.037250342871
0.354679070060,-0.045455584016,0.001282898810,-0.026319118889
0.352051817690,-0.045249773794,0.001480881003,-0.065660040532
0.349424565320,-0.045103205644,0.001566364910,-0.076520921938
0.346797312950,-0.045107217704,0.001536240282,-0.038337381175
0.344170060580,-0.045188213268,0.001557580527,-0.060603452509
0.341542808210,-0.045256603031,0.001635977032,-0.054647402077
0.338915555840,-0.045295665559,0.001676241038,0.026789527129
0.336288303460,-0.045475457042,0.001685297750,0.091965629142
0.333661051090,-0.045636338949,0.001612653654,0.084177366650
0.331033798720,-0.045807147117,0.001562962970,0.091108295205
0.328406546350,-0.045892679075,0.001428017071,0.129188353229
0.325779293980,-0.045915008616,0.001333822963,0.099618044308
0.323152041610,-0.046039984256,0.001472022677,0.066161591642
0.320524789240,-0.046281481839,0.001525776839,0.080906986817
0.317897536870,-0.046466190989,0.001570336126,0.062332861380
0.315270284500,-0.046558458491,0.001694064277,0.026338619614
0.312643032100,-0.046710342134,0.001684267705,0.029668570141
0.310015779800,-0.046894224018,0.001613375563,0.044828959923
0.307388527400,-0.046888924475,0.001659961067,-0.000880827617
0.304761275000,-0.047012576640,0.001720669438,-0.025512793518
0.302134022600,-0.047261640834,0.001867579022,0.025013919537
0.299506770300,-0.047447913975,0.002001642699,0.049545905424
0.296879517900,-0.047483363865,0.002054113688,0.038251545685
0.294252265500,-0.047496966635,0.002184829879,0.043966466691
0.291625013200,-0.047665878495,0.002160829222,0.073292148472
0.288997760800,-0.048019012179,0.002224419275,0.063565722323
0.286370508400,-0.048351880089,0.002319619115,0.041428073036
0.283743256000,-0.048544779815,0.002436079114,0.039698134906
0.281116003700,-0.048600675588,0.002582843967,0.055338877329
0.278488751300,-0.048524944091,0.002796927647,0.030154350983
0.275861498900,-0.048505649893,0.002864892316,0.025185005343
0.273234246600,-0.048513963902,0.002896222086,0.033516999543
0.270606994200,-0.048522114981,0.003233084626,0.024788465991
0.267979741800,-0.048533652751,0.003343530495,0.032415947059
0.265352489400,-0.048426383437,0.003218619115,0.042359341084
0.262725237100,-0.048309516492,0.003041133002,0.038638897323
0.260097984700,-0.048114986764,0.002871224167,0.047264158159
0.257470732300,-0.047916597721,0.002732340686,0.096662476825
0.254843480000,-0.047678111252,0.002530661369,0.143644787441
0.252216227600,-0.047521120994,0.002411731124,0.175623053164
0.249588975200,-0.047497627643,0.002335583289,0.213573422970
0.246961722900,-0.047645083282,0.002226249557,0.223890422006
0.244334470500,-0.047793924358,0.002252843386,0.186244137844
0.241707218100,-0.047978359900,0.002292479792,0.090208599509
0.239079965700,-0.048099946068,0.002221013147,-0.003354420026
0.236452713400,-0.048190031071,0.002206093024,-0.093438853719
0.233825461000,-0.048231205804,0.002201317890,-0.103954728999
0.231198208600,-0.048264420562,0.002150530974,-0.073305440911
0.228570956300,-0.048228069264,0.002117316050,-0.029035676405
0.225943703900,-0.048010838200,0.001958738819,0.015494653497
0.223316451500,-0.047784792864,0.001730252524,0.041393959759
0.220689199100,-0.047661245480,0.001651944053,0.032843930493
0.218061946800,-0.047800324236,0.001635047895,0.081272510230
0.215434694400,-0.047992102023,0.001651907633,0.161324590502
0.212807442000,-0.048068948723,0.001614266044,0.244893171295
0.210180189700,-0.048191686331,0.001527432592,0.297936792140
0.207552937300,-0.048239912009,0.001484088862,0.311323784042
0.204925684900,-0.048201218456,0.001453961709,0.273939954705
0.202298432500,-0.048038213270,0.001399919825,0.208991339134
0.199671180200,-0.047813464822,0.001337464123,0.198469850916
0.197043927800,-0.047525190273,0.001490384768,0.200037130378
0.194416675400,-0.047376822429,0.001748177941,0.179578321089
0.191789423100,-0.047313493151,0.002002514350,0.164809484426
0.189162170700,-0.047304072678,0.002221550286,0.178276568170
0.186534918300,-0.047359518360,0.002472118675,0.183089159346
0.183907666000,-0.047458568243,0.002627605150,0.137975200090
0.181280413600,-0.047497527984,0.002801609488,0.085297381801
0.178653161200,-0.047538288310,0.002931483314,0.066537745419
0.176025908800,-0.047568789266,0.003136874310,0.073996595627
0.173398656500,-0.047542542746,0.003264752664,0.051970159905
0.170771404100,-0.047523356146,0.003477645326,0.032485338079
0.168144151700,-0.047577325935,0.003739345946,0.026161460140
0.165516899400,-0.047520626494,0.003969199973,0.005929075782
0.162889647000,-0.047585790586,0.004127491162,0.011015869177
0.160262394600,-0.047798572936,0.004125527239,0.015740701735
0.157635142200,-0.047826788136,0.004337389828,-0.005461496267
0.155007889900,-0.047860177251,0.004525041534,0.001756573279
0.152380637500,-0.047822454407,0.004637040582,0.025480153614
0.149753385100,-0.047726363575,0.004807273998,0.022004607123
0.147126132800,-0.047636560327,0.004931119173,0.011769274812
0.144498880400,-0.047531534542,0.004960126309,0.011765544029
0.141871628000,-0.047331729302,0.004898948456,-0.002658256077
0.139244375600,-0.047145247438,0.004767156029,-0.028199280330
0.136617123300,-0.047067969338,0.004548776579,-0.042797752734
0.133989870900,-0.046906101322,0.004498159385,-0.073108180683
0.131362618500,-0.046803138616,0.004320578440,-0.072588117039
0.128735366200,-0.046902667515,0.004088064343,-0.046510952561
0.126108113800,-0.046981732171,0.003817258892,-0.014533137341
0.123480861400,-0.047127644719,0.003618657688,0.010766155715
0.120853609000,-0.047341855139,0.003567872562,0.045409699246
0.118226356700,-0.047559480451,0.003557863089,0.101341768227
0.115599104300,-0.047844652432,0.003561564531,0.147795344489
0.112971851900,-0.048050797573,0.003639165479,0.100009987283
0.110344599600,-0.048398425160,0.003574947958,0.017781821877
0.107717347200,-0.048757394654,0.003660059815,-0.078186619985
0.105090094800,-0.049033497939,0.003666573206,-0.166509615419
0.102462842500,-0.049453754256,0.003582979813,-0.156505677814
0.099835590100,-0.049811548662,0.003437294928,-0.082411527675
0.097208337700,-0.050053802816,0.003247537318,0.029081842587
0.094581085300,-0.050137907663,0.003003957960,0.074806418434
0.091953833000,-0.050166521216,0.002656454912,0.050379420392
0.089326580600,-0.050139162094,0.002181580235,0.069110936214
0.086699328200,-0.049900795505,0.001885639949,0.096497818790
0.084072075900,-0.049561068279,0.001725657502,0.076392040419
0.081444823500,-0.049083372887,0.001749502271,-0.038663600254
0.078817571100,-0.048772041162,0.001907377622,-0.125824066920
0.076190318700,-0.048568292864,0.002025802696,-0.106925741027
0.073563066400,-0.048575356903,0.002303622356,-0.067687816300
0.070935814000,-0.048842578077,0.002471581382,-0.033116235890
0.068308561600,-0.049056623115,0.002545351502,0.014492183902
0.065681309300,-0.049147310091,0.002533513131,0.014883044586
0.063054056900,-0.049215876841,0.002548639523,-0.011678983633
0.060426804500,-0.049239689463,0.002607530332,0.007022408872
0.057799552100,-0.049366274911,0.002418901197,0.060549577277
0.055172299800,-0.049692066402,0.002311396796,0.113999326588
0.052545047400,-0.049890328451,0.002272618670,0.172607067399
0.049917795000,-0.050203970244,0.002261349470,0.140218901185
0.047290542700,-0.050473195069,0.002121145847,0.054207005148
0.044663290300,-0.050754427934,0.002104505488,0.030672690413
0.042036037900,-0.050869407981,0.002231646419,-0.027018405938
0.039408785500,-0.051022286225,0.002420331725,-0.035864151512
0.036781533200,-0.051062872167,0.002539792899,-0.023441018236
0.034154280800,-0.051229823460,0.002396490727,-0.026422471552
0.031527028400,-0.051339866866,0.002282409295,-0.004562585599
0.028899776100,-0.051384793933,0.002315905655,0.060010399161
0.026272523700,-0.051510617674,0.002156825086,-0.221162935264
0.023645271300,-0.051740346614,0.002067287887,-0.847523257824
0.021018019000,-0.051910981809,0.001953335262,0.377731697442
0.018390766600,-0.052176090408,0.001707190147,1.004171146322
0.015763514200,-0.052642467585,0.001730076787,0.041555374365
0.013136261800,-0.053010336275,0.001775229871,-0.056815820877
0.010509009500,-0.053290158157,0.001806346810,-0.102298071574
0.007881757100,-0.053537526239,0.001805262301,-0.105786490291
0.005254504700,-0.053739958270,0.001785142884,-0.095373252872
0.002627252400,-0.053260071162,0.001751638428,-0.367108845517
0.000000000000,-0.051623302009,0.001792630901,-0.632029260839
