0.391460603250,-0.031836121400,-0.000054281910,0.275085631702
0.388833350880,-0.031652071426,0.000155718733,0.346466423361
0.386206098510,-0.032149501785,0.000603373018,0.428367786427
0.383578846140,-0.033244415163,0.001153959908,0.194199675289
0.380951593770,-0.033265345533,0.001094286368,0.147199209784
0.378324341400,-0.033270847991,0.001193858127,0.023674850089
0.375697089030,-0.034882666413,0.001338334095,-0.273622615740
0.373069836660,-0.035148368790,0.001463068168,-0.025999589393
0.370442584290,-0.035876467594,0.001496075818,0.420126841859
0.367815331920,-0.036651428677,0.001495577138,0.335781852643
0.365188079550,-0.036180470107,0.001653567327,-0.038953647945
0.362560827170,-0.036633777454,0.001797895942,-0.094206350007
0.359933574800,-0.036671732830,0.001839017897,-0.079231109875
0.357306322430,-0.035635072774,0.001915028062,-0.089213753845
0.354679070060,-0.035943182238,0.002129632662,-0.103510220384
0.352051817690,-0.035431735253,0.002320310589,-0.088477860989
0.349424565320,-0.034967152337,0.002455565375,-0.056454729173
0.346797312950,-0.034650730327,0.002421968166,-0.151812526967
0.344170060580,-0.034518821035,0.002525730447,-0.130825888144
0.341542808210,-0.034502706101,0.002390388368,-0.108238956778
0.338915555840,-0.034511954468,0.002234520707,-0.065923715941
0.336288303460,-0.034780821434,0.002061162076,-0.071467842141
0.333661051090,-0.035172194219,0.001893769746,0.016308642562
0.331033798720,-0.035421640777,0.001724988151,0.116307149936
0.328406546350,-0.035597548042,0.001646469162,0.095882606731
0.325779293980,-0.035805784503,0.001535732104,0.084108170108
0.323152041610,-0.035919159942,0.001566122005,0.082981267762
0.320524789240,-0.035998916869,0.001622748346,0.130993409432
0.317897536870,-0.036132254955,0.001649178249,0.119326834824
0.315270284500,-0.036201288384,0.001724086763,0.089958321760
0.312643032100,-0.036285807038,0.001922725105,0.100214093027
0.310015779800,-0.036389457344,0.001961247668,0.097318848636
0.307388527400,-0.036517277595,0.001813827555,0.077961942173
0.304761275000,-0.036612693629,0.001751882867,0.075199608892
0.302134022600,-0.036610984506,0.001703582405,0.089541659079
0.299506770300,-0.036843857169,0.001759677187,0.112015316882
0.296879517900,-0.037153063703,0.001830396543,0.100782195606
0.294252265500,-0.037337233171,0.001896956217,0.088333613932
0.291625013200,-0.037447711090,0.002012281339,0.106357232622
0.288997760800,-0.037434739455,0.002203201297,0.129521767897
0.286370508400,-0.037345338404,0.002369882802,0.113187942079
0.283743256000,-0.037451111711,0.002478365085,0.077438472022
0.281116003700,-0.037467983290,0.002588795939,0.042880583108
0.278488751300,-0.037384436522,0.002660164618,0.059647708941
0.275861498900,-0.037476186760,0.002654017948,0.092690733755
0.273234246600,-0.037593982988,0.002680104419,0.110206899253
0.270606994200,-0.037692029493,0.002641821755,0.120301694679
0.267979741800,-0.037704830821,0.002541241818,0.116575991527
0.265352489400,-0.037544092628,0.002560270504,0.082746853899
0.262725237100,-0.037274365089,0.002684519592,0.056985035683
0.260097984700,-0.036989632008,0.002777626426,0.030941334845
0.257470732300,-0.036711165855,0.002797531295,-0.013461119258
0.254843480000,-0.036449119997,0.002766728824,-0.065545848894
0.252216227600,-0.036322024095,0.002666150513,-0.075976360334
0.249588975200,-0.036204897563,0.002604797246,-0.057380926590
0.246961722900,-0.036102869230,0.002437183115,0.016077434464
0.244334470500,-0.036305436069,0.002254960265,0.084124868660
0.241707218100,-0.036481010669,0.002142271086,0.083891026508
0.239079965700,-0.036629979759,0.001953544564,0.050250880804
0.236452713400,-0.036798491694,0.001840569318,0.000568216639
0.233825461000,-0.036940384558,0.001757992570,-0.019267439547
0.231198208600,-0.037177091612,0.001605989472,-0.011463482558
0.228570956300,-0.037400816180,0.001479221356,0.011440779653
0.225943703900,-0.037516164308,0.001274200302,0.044679557319
0.223316451500,-0.037474759141,0.001010340836,0.035515061723
0.220689199100,-0.037416477065,0.000831629717,0.010376334196
0.218061946800,-0.037434618666,0.000655846676,0.062577680772
0.215434694400,-0.037395205974,0.000462605703,0.139022391127
0.212807442000,-0.037320484290,0.000305904116,0.189663982466
0.210180189700,-0.037189069304,0.000350316439,0.210941066855
0.207552937300,-0.037134399113,0.000550829315,0.215135922921
0.204925684900,-0.037182651483,0.000683004946,0.182890160655
0.202298432500,-0.037066065222,0.000741367061,0.121206534231
0.199671180200,-0.036930399898,0.000879060024,0.086510353966
0.197043927800,-0.036834098596,0.001230669257,0.076606084283
0.194416675400,-0.036770634727,0.001539054760,0.069009247738
0.191789423100,-0.036648366306,0.001735510954,0.065635911526
0.189162170700,-0.036591294886,0.002085467225,0.079187627045
0.186534918300,-0.036523471135,0.002259725961,0.082125744241
0.183907666000,-0.036362452034,0.002505701027,0.043790907033
0.181280413600,-0.036360801176,0.002849107231,0.040258058920
0.178653161200,-0.036346698514,0.003016964569,0.074175880883
0.176025908800,-0.036291621463,0.003190174924,0.108811931925
0.173398656500,-0.036270770318,0.003487200715,0.110630764205
0.170771404100,-0.036327968749,0.003709379158,0.068948536333
0.168144151700,-0.036362906772,0.003879422578,0.035634652688
0.165516899400,-0.036433529047,0.004073298634,0.054797699363
0.162889647000,-0.036591106377,0.004248091424,0.101265716128
0.160262394600,-0.036704583632,0.004360819241,0.079954511911
0.157635142200,-0.036745492921,0.004338567938,0.042587963684
0.155007889900,-0.036883461068,0.004162878132,0.062560813281
0.152380637500,-0.036943493760,0.003969800531,0.072254338246
0.149753385100,-0.036973136260,0.003763602901,0.045651810454
0.147126132800,-0.037039487476,0.003549706971,0.023737321998
0.144498880400,-0.037090519567,0.003433499935,0.013870303229
0.141871628000,-0.036955449730,0.003342779181,0.030031629011
0.139244375600,-0.036823330113,0.003242839491,0.041785871250
0.136617123300,-0.036749282671,0.003165140514,0.013541465109
0.133989870900,-0.036524267221,0.003112021445,-0.019221606646
0.131362618500,-0.036247817365,0.002946029343,-0.065166518365
0.128735366200,-0.036007380275,0.002781690337,-0.123132208078
0.126108113800,-0.035901365390,0.002835095624,-0.080700257586
0.123480861400,-0.035779886358,0.002774950987,-0.043646645539
0.120853609000,-0.035761278070,0.002617719208,-0.039339171495
0.118226356700,-0.035949245427,0.002407633186,-0.074825481883
0.115599104300,-0.036117685878,0.002201329814,-0.123587314539
0.112971851900,-0.036337794870,0.001875975897,-0.130115406449
0.110344599600,-0.036562400587,0.001836598559,-0.055567749985
0.107717347200,-0.036986530182,0.001703881522,0.018452807298
0.105090094800,-0.037345924620,0.001797486499,0.009787963233
0.102462842500,-0.037738284630,0.001798489242,0.017888341209
0.099835590100,-0.038170034639,0.001727283356,0.035840032608
0.097208337700,-0.038537752006,0.001654271139,0.011257995159
0.094581085300,-0.038771175266,0.001656742765,-0.017641462640
0.091953833000,-0.038935549013,0.001761691500,0.016531401688
0.089326580600,-0.038970685177,0.001905124170,0.047970719454
0.086699328200,-0.039156678864,0.002044397832,-0.009140636082
0.084072075900,-0.039266042623,0.002040961092,0.015674100358
0.081444823500,-0.039315943698,0.002151708743,0.085019961928
0.078817571100,-0.039230846635,0.002242310407,0.091800290006
0.076190318700,-0.039162746282,0.002228760211,0.125601271682
0.073563066400,-0.039095186179,0.002199395499,0.084651534548
0.070935814000,-0.038843480998,0.002236435638,0.030449052169
0.068308561600,-0.038607628310,0.002358489171,0.008888945438
0.065681309300,-0.038362288824,0.002445227489,-0.033856079570
0.063054056900,-0.037978201925,0.002498458306,-0.012942020707
0.060426804500,-0.037720613254,0.002532451925,0.055663174425
0.057799552100,-0.037622098712,0.002674644194,0.151436325988
0.055172299800,-0.037433793122,0.002735709941,0.197118430425
0.052545047400,-0.037467837224,0.002713043177,0.196711718461
0.049917795000,-0.037804595032,0.002779081373,0.154660273317
0.047290542700,-0.038122426156,0.002717835246,0.086978055129
0.044663290300,-0.038254712274,0.002779639242,-0.030159438008
0.042036037900,-0.038629646965,0.002857710715,-0.184615891041
0.039408785500,-0.038949103301,0.002869575155,-0.177382017755
0.036781533200,-0.039125953503,0.002966235549,-0.074949370466
0.034154280800,-0.039450730078,0.003103959854,0.019069265872
0.031527028400,-0.039727350179,0.003037629772,0.000773846358
0.028899776100,-0.039831573280,0.002777189451,-0.016044018307
0.026272523700,-0.040086010448,0.002682473901,-0.423845215955
0.023645271300,-0.039303133716,0.002309836375,-0.580258109542
0.021018019000,-0.040162409605,0.002296963936,0.469838054933
0.018390766600,-0.040253720633,0.002592279410,0.661741408459
0.015763514200,-0.040517415380,0.002756653768,0.001444296929
0.013136261800,-0.040902584301,0.002742324627,-0.070344801925
0.010509009500,-0.041160644679,0.002603933482,-0.097401392332
0.007881757100,-0.041417864693,0.002507129665,-0.178461049904
0.005254504700,-0.041365635082,0.002425184601,-0.200688333011
0.002627252400,-0.040887948512,0.002226215872,-0.919591242048
0.000000000000,-0.035216611436,0.002040920267,-1.650510993016
