0.391460603250,-0.057394771319,0.001001900469,-0.172985150331
0.388833350880,-0.059099302592,0.001147317361,-0.459224814281
0.386206098510,-0.059332866206,0.001012290391,-0.166748412253
0.383578846140,-0.059419704968,0.000805186023,0.193755065046
0.380951593770,-0.058341263722,0.000879698640,0.290679873894
0.378324341400,-0.059827873842,0.000899644334,0.368007634824
0.375697089030,-0.059606884180,0.000993556505,0.045405955660
0.373069836660,-0.060350836252,0.000951003593,-0.056259950725
0.370442584290,-0.060839386196,0.000850095734,-0.053373079161
0.367815331920,-0.061199369260,0.000899141829,-0.102003438396
0.365188079550,-0.061205703165,0.000640161662,-0.158756688598
0.362560827170,-0.060673965062,0.000407435341,0.022760390241
0.359933574800,-0.061083063703,0.000503900323,-0.151234341131
0.357306322430,-0.060993438379,0.000427446997,-0.323107498211
0.354679070060,-0.060867636624,0.000511803386,-0.090006853364
0.352051817690,-0.060875000374,0.000543192005,-0.023782463401
0.349424565320,-0.060804972059,0.000811793968,0.023285420166
0.346797312950,-0.060674816782,0.001074898237,0.040388264426
0.344170060580,-0.060559085596,0.001373112850,0.083242523917
0.341542808210,-0.060535782375,0.001542652589,0.088946290641
0.338915555840,-0.060569874372,0.001675275877,0.112622605707
0.336288303460,-0.060610060252,0.001566065145,-0.149424944681
0.333661051090,-0.059604695204,0.001579039159,0.054746308944
0.331033798720,-0.061159537309,0.001814866771,0.381979294713
0.328406546350,-0.061486640998,0.001915192754,0.101588326643
0.325779293980,-0.061863614935,0.002041827466,0.085630527573
0.323152041610,-0.062054403712,0.002104874919,0.097617945847
0.320524789240,-0.062208101991,0.002119640329,0.080839087829
0.317897536870,-0.062427181440,0.002077901789,0.094997495264
0.315270284500,-0.062709473030,0.001942942274,0.106805929778
0.312643032100,-0.062860931412,0.001913425049,0.051352114193
0.310015779800,-0.062874189603,0.001964390635,-0.029817101679
0.307388527400,-0.062738237395,0.002223823186,-0.040908848092
0.304761275000,-0.062512323664,0.002508322392,0.015821037051
0.302134022600,-0.062484592816,0.002725502203,-0.004232268670
0.299506770300,-0.062522518846,0.002917416153,-0.046053065162
0.296879517900,-0.062541352474,0.003194594605,-0.017233064306
0.294252265500,-0.062542684566,0.003291853355,0.027272415785
0.291625013200,-0.062467586799,0.003517849155,0.008741484786
0.288997760800,-0.062475101446,0.003438482189,-0.008089116708
0.286370508400,-0.062552603937,0.003401022171,-0.016371242376
0.283743256000,-0.062560908320,0.003492399952,-0.027344342992
0.281116003700,-0.062596273264,0.003558775604,-0.005177025158
0.278488751300,-0.062701239116,0.003539660418,0.035741145348
0.275861498900,-0.062742715002,0.003406098862,0.050371136605
0.273234246600,-0.062646028922,0.003173864228,0.008558022886
0.270606994200,-0.062584075256,0.002768019083,-0.045957108750
0.267979741800,-0.062368642950,0.002704404483,-0.070026042813
0.265352489400,-0.062030200723,0.002577481558,-0.094390457058
0.262725237100,-0.061757117407,0.002528207796,-0.102512657710
0.260097984700,-0.061529784527,0.002575978799,-0.080968287499
0.257470732300,-0.061519953106,0.002724959067,-0.033798755730
0.254843480000,-0.061421790636,0.002649989836,0.027332741438
0.252216227600,-0.061309478152,0.002676217828,0.133381339732
0.249588975200,-0.061291304293,0.002720475799,0.252497806764
0.246961722900,-0.061285410080,0.002807598327,0.291331142752
0.244334470500,-0.061465647139,0.002943239470,0.263444689203
0.241707218100,-0.061751457641,0.002894018929,0.227880236920
0.239079965700,-0.062032738000,0.002641835213,0.199317183451
0.236452713400,-0.062368574583,0.002390002696,0.129095147300
0.233825461000,-0.062651741872,0.002236757202,0.095414637809
0.231198208600,-0.062915908592,0.002012890987,0.065666019982
0.228570956300,-0.063059430148,0.001912583885,0.000233956891
0.225943703900,-0.063127640714,0.002065526983,-0.025510463353
0.223316451500,-0.063079035920,0.002232480770,-0.041686703361
0.220689199100,-0.063016611744,0.002467890005,-0.091604171372
0.218061946800,-0.062901878967,0.002555972446,-0.141886070022
0.215434694400,-0.062692605515,0.002432724115,-0.120768191312
0.212807442000,-0.062572197686,0.002398813986,-0.090701363023
0.210180189700,-0.062473542838,0.002463908580,-0.040085679358
0.207552937300,-0.062319523084,0.002580878867,0.063739087237
0.204925684900,-0.062296993166,0.002835627398,0.082487718939
0.202298432500,-0.062337305796,0.003214951530,0.062258944327
0.199671180200,-0.062361571083,0.003570992602,0.115294099011
0.197043927800,-0.062560497512,0.004046824858,0.119996084509
0.194416675400,-0.062690032281,0.004380808405,0.066972458859
0.191789423100,-0.062830645942,0.004687933965,0.078443805293
0.189162170700,-0.063036967163,0.004909709889,0.131841265843
0.186534918300,-0.063131071661,0.005073166154,0.166774311746
0.183907666000,-0.063308472329,0.005131220322,0.174439752797
0.181280413600,-0.063396600539,0.005293761207,0.206099848202
0.178653161200,-0.063335134544,0.005358586007,0.260961053492
0.176025908800,-0.063263113648,0.005668546941,0.278662979693
0.173398656500,-0.063181333309,0.005798103414,0.281572012688
0.170771404100,-0.062873321715,0.005923063170,0.261034105330
0.168144151700,-0.062521852395,0.005956580530,0.241886419478
0.165516899400,-0.062188510362,0.005997723697,0.222429617088
0.162889647000,-0.061741611292,0.006060394470,0.207751012755
0.160262394600,-0.061383270957,0.006012905260,0.232690359492
0.157635142200,-0.061276130368,0.005981817758,0.226912371871
0.155007889900,-0.061260787858,0.005810185640,0.169362982883
0.152380637500,-0.061280719968,0.005628344673,0.105763824912
0.149753385100,-0.061423574665,0.005457722389,-0.006170583754
0.147126132800,-0.061798759435,0.005190676027,-0.144701636654
0.144498880400,-0.062100651759,0.004974717527,-0.215172518180
0.141871628000,-0.062246634962,0.004596772719,-0.174133906313
0.139244375600,-0.062301330502,0.004381204441,-0.071020600366
0.136617123300,-0.062500585440,0.004468374554,0.016476014115
0.133989870900,-0.062746471314,0.004522516851,0.072588966497
0.131362618500,-0.062996168526,0.004793270188,0.093597817058
0.128735366200,-0.063258210544,0.005290032791,0.142070788401
0.126108113800,-0.063418025629,0.005516960147,0.181706649899
0.123480861400,-0.063597431634,0.005594663056,0.235758830104
0.120853609000,-0.063750781213,0.005649141373,0.255334751998
0.118226356700,-0.063721710511,0.005554129075,0.195770540000
0.115599104300,-0.063699746858,0.005679678742,0.144453116374
0.112971851900,-0.063394462433,0.005795226688,0.062217200985
0.110344599600,-0.063295418423,0.005755151915,-0.010258829597
0.107717347200,-0.063324312579,0.005738662787,-0.026676405248
0.105090094800,-0.063242828459,0.005722488239,0.022810243218
0.102462842500,-0.063209117550,0.005720237932,0.108929943215
0.099835590100,-0.063218443670,0.005763467862,0.133812059177
0.097208337700,-0.063365204826,0.005526221177,0.139480506521
0.094581085300,-0.063624963183,0.005488775361,0.145323121113
0.091953833000,-0.063930445372,0.005449984954,0.129098236921
0.089326580600,-0.064202556944,0.005353450276,0.059959352415
0.086699328200,-0.064468041918,0.005412963558,0.003520995917
0.084072075900,-0.064603909200,0.005298070503,0.017043880098
0.081444823500,-0.064858693024,0.005364025186,-0.010884890457
0.078817571100,-0.064898532357,0.005356600780,-0.011486752328
0.076190318700,-0.064827183852,0.005232784514,0.092899674777
0.073563066400,-0.065027003342,0.005230439862,0.154184904786
0.070935814000,-0.065162644874,0.005446187648,0.104995989768
0.068308561600,-0.065392168827,0.005474797371,0.065842212401
0.065681309300,-0.065664502303,0.005331665376,0.017090136431
0.063054056900,-0.065815865106,0.005203325131,-0.017585601813
0.060426804500,-0.066020193666,0.005150539987,0.015906469343
0.057799552100,-0.066169643437,0.005000115061,0.031984121243
0.055172299800,-0.066108447554,0.005021681005,0.000844274345
0.052545047400,-0.066063413161,0.005059041147,-0.010648135618
0.049917795000,-0.066068860005,0.004925861408,-0.004086653438
0.047290542700,-0.066446858692,0.004756878647,-0.054748904560
0.044663290300,-0.066520763170,0.004512500445,-0.063769499163
0.042036037900,-0.066536417552,0.004354256517,-0.014548059081
0.039408785500,-0.066809557396,0.004411573500,0.037149476586
0.036781533200,-0.067382880136,0.004271634116,0.053851084556
0.034154280800,-0.067922102901,0.004069666019,0.127883789340
0.031527028400,-0.068518633426,0.004041812531,0.162014747728
0.028899776100,-0.069115476414,0.003964755843,0.144305853554
0.026272523700,-0.069427986533,0.003819093338,0.131571313015
0.023645271300,-0.069705899967,0.003686341277,0.031797584818
0.021018019000,-0.070087921827,0.003548939192,-0.025258530122
0.018390766600,-0.070507112791,0.003661542172,-0.011997271896
0.015763514200,-0.070376945666,0.003419938996,-0.112987636196
0.013136261800,-0.070157776727,0.002882856432,-0.111192188246
0.010509009500,-0.069751073588,0.002542379957,-0.043008849852
0.007881757100,-0.069318624850,0.002151200623,0.019962131376
0.005254504700,-0.068802306668,0.002047839878,0.084902713243
0.002627252400,-0.068185026228,0.001972834380,0.087683309143
0.000000000000,-0.064634197766,0.001975120139,0.067281642010
