0.391460603250,-0.057292308246,0.000118422387,0.224024500234
0.388833350880,-0.055471463773,0.000120628310,0.158515175833
0.386206098510,-0.056652331052,0.000308814492,-0.343545212228
0.383578846140,-0.055835827985,0.000596297699,-0.527857173072
0.380951593770,-0.056648852440,0.000409203735,0.043248663243
0.378324341400,-0.057134629887,0.000533943724,0.278241535642
0.375697089030,-0.058380630675,0.000679213115,-0.046477114010
0.373069836660,-0.059344141841,0.000971886222,-0.121405496655
0.370442584290,-0.059463679016,0.001317760813,0.295421375458
0.367815331920,-0.059643373549,0.001537439957,0.284030752556
0.365188079550,-0.058885443918,0.001899714728,-0.004279846900
0.362560827170,-0.059537270124,0.002132435930,-0.155977760948
0.359933574800,-0.059510536816,0.002281594058,0.053136465632
0.357306322430,-0.059983001665,0.002353705563,0.121824220671
0.354679070060,-0.059545901638,0.002555800894,-0.038945503923
0.352051817690,-0.058998778737,0.002761159885,-0.051091179260
0.349424565320,-0.058523170182,0.002843593861,-0.048677136782
0.346797312950,-0.058351103130,0.003029524433,-0.015577617039
0.344170060580,-0.058160442707,0.003148754746,-0.029920635637
0.341542808210,-0.058140566620,0.003241190040,-0.016449272773
0.338915555840,-0.058385354382,0.003430981252,0.022270301319
0.336288303460,-0.058589008048,0.003458676726,0.002767923446
0.333661051090,-0.058676784085,0.003546818663,0.038081870970
0.331033798720,-0.058840787435,0.003643276984,0.079815195008
0.328406546350,-0.059088592975,0.003694490873,0.066332625355
0.325779293980,-0.059243000283,0.003763993149,0.072101861673
0.323152041610,-0.059383931619,0.003805528293,0.095331440334
0.320524789240,-0.059591448251,0.003843082959,0.120825282177
0.317897536870,-0.059812688485,0.003916568434,0.130717675752
0.315270284500,-0.059894830075,0.003990691457,0.084397345449
0.312643032100,-0.060003318111,0.003983198997,0.060142518821
0.310015779800,-0.060114023346,0.004000948561,0.060517608383
0.307388527400,-0.060143612799,0.003949126769,0.081434622396
0.304761275000,-0.060269257132,0.003821038800,0.075850999860
0.302134022600,-0.060496227179,0.003721818485,0.053353811775
0.299506770300,-0.060761753285,0.003624223651,0.030360086060
0.296879517900,-0.061120201574,0.003736649899,0.019834240349
0.294252265500,-0.061320177422,0.003923169222,0.051035443177
0.291625013200,-0.061415067074,0.004081717619,0.069990883099
0.288997760800,-0.061457016782,0.004169208889,0.065073742661
0.286370508400,-0.061395716806,0.004224732869,0.032505806821
0.283743256000,-0.061281407826,0.004246083035,0.063082574391
0.281116003700,-0.061255848653,0.004159097438,0.049511304309
0.278488751300,-0.061183237416,0.004060204005,0.050605642019
0.275861498900,-0.061099449558,0.004041432839,0.065176182894
0.273234246600,-0.061049148485,0.004167821406,0.085224944573
0.270606994200,-0.061138110016,0.004181297525,0.077649928928
0.267979741800,-0.061267691435,0.004141215731,0.050240187809
0.265352489400,-0.061207519706,0.004079353127,0.053213155892
0.262725237100,-0.060995863866,0.004022736944,0.051797179359
0.260097984700,-0.060608680049,0.004015501938,0.009148122501
0.257470732300,-0.060262793059,0.003968725731,-0.003870918181
0.254843480000,-0.060108802013,0.003856902310,-0.018703955634
0.252216227600,-0.060015204531,0.003667635225,-0.028329026900
0.249588975200,-0.060094711483,0.003583999583,-0.013001246860
0.246961722900,-0.060319903179,0.003479289239,-0.023803404577
0.244334470500,-0.060565529201,0.003284478715,0.002190751221
0.241707218100,-0.060844092757,0.002983483604,0.031903117737
0.239079965700,-0.061154114705,0.002741561066,0.045365655293
0.236452713400,-0.061408706734,0.002595471439,0.023164986143
0.233825461000,-0.061626116934,0.002453935355,0.020109891589
0.231198208600,-0.061916214039,0.002313937231,0.049715446451
0.228570956300,-0.062080815396,0.002169932107,0.079773828072
0.225943703900,-0.062162392846,0.002077071727,0.083842631859
0.223316451500,-0.062294235449,0.001975106725,0.065728551143
0.220689199100,-0.062278477495,0.001808800590,0.045427391180
0.218061946800,-0.062200677650,0.001696759753,0.039776040175
0.215434694400,-0.062100060599,0.001533356512,0.063020722671
0.212807442000,-0.062008204342,0.001409786229,0.148657252654
0.210180189700,-0.061994589291,0.001609859806,0.208345797446
0.207552937300,-0.062153276306,0.001643051463,0.173212773526
0.204925684900,-0.062322142024,0.001685002361,0.138327224995
0.202298432500,-0.062375260983,0.001869804821,0.135963745747
0.199671180200,-0.062406368095,0.002145597087,0.113818346049
0.197043927800,-0.062475387530,0.002483973704,0.116835232550
0.194416675400,-0.062547348201,0.002727852864,0.150128474233
0.191789423100,-0.062611607915,0.003004779198,0.133737231541
0.189162170700,-0.062569189867,0.003288758844,0.123391368834
0.186534918300,-0.062552164822,0.003468131577,0.103716913382
0.183907666000,-0.062483763743,0.003620146957,0.078332469757
0.181280413600,-0.062442656506,0.003759208070,0.075935431940
0.178653161200,-0.062418134311,0.003957451210,0.012594935764
0.176025908800,-0.062349810540,0.004204867301,-0.006579666045
0.173398656500,-0.062346608062,0.004348571763,0.046800366969
0.170771404100,-0.062359008996,0.004547737099,0.087189173868
0.168144151700,-0.062329283040,0.004811195575,0.091936633903
0.165516899400,-0.062218341902,0.004959780631,0.096359872356
0.162889647000,-0.062284442684,0.005221397122,0.066136805494
0.160262394600,-0.062425367459,0.005605610877,0.013558075389
0.157635142200,-0.062435368301,0.005924594776,0.007462056316
0.155007889900,-0.062573473586,0.006071453567,0.031224502968
0.152380637500,-0.062735549380,0.006166251989,0.038099396570
0.149753385100,-0.062744731604,0.006211128404,0.025617459940
0.147126132800,-0.062733082906,0.006122193323,0.002783897751
0.144498880400,-0.062807336232,0.005932525552,-0.004893632263
0.141871628000,-0.062914576964,0.005671510980,0.086729272273
0.139244375600,-0.062739382910,0.005414026393,0.158724678089
0.136617123300,-0.062563234294,0.005168472135,0.152352932163
0.133989870900,-0.062346945957,0.004897361611,0.125556954648
0.131362618500,-0.062055619986,0.004607515765,0.108432565099
0.128735366200,-0.061701946722,0.004192390857,0.090076646858
0.126108113800,-0.061272754838,0.003948638925,0.064919638964
0.123480861400,-0.060978620740,0.003683915440,0.036955145781
0.120853609000,-0.060881679241,0.003534728488,0.044237625412
0.118226356700,-0.060790143560,0.003339400224,0.065826167205
0.115599104300,-0.060916162110,0.003052057878,0.070203220776
0.112971851900,-0.061058527516,0.002979613556,0.054687210526
0.110344599600,-0.061252558385,0.002831015210,0.022747814667
0.107717347200,-0.061562224617,0.002703026630,-0.019806663479
0.105090094800,-0.061895129458,0.002665420076,-0.034402928484
0.102462842500,-0.062269752226,0.002444154517,0.022258162442
0.099835590100,-0.062738693628,0.002387952082,0.106046132762
0.097208337700,-0.063204783754,0.002281814353,0.113694054489
0.094581085300,-0.063573774702,0.002068853096,0.075973101726
0.091953833000,-0.063860876662,0.002059434026,0.073612264844
0.089326580600,-0.064199431893,0.002136012582,0.061245904003
0.086699328200,-0.064527346464,0.001959705949,0.067037078832
0.084072075900,-0.064777436810,0.001870105356,0.090851576195
0.081444823500,-0.064887145890,0.001655973147,0.072902093945
0.078817571100,-0.064839045327,0.001557414287,0.065786178245
0.076190318700,-0.064813251183,0.001554888444,0.071269036201
0.073563066400,-0.064697169991,0.001586623616,0.056060805547
0.070935814000,-0.064531135017,0.001590924522,0.087750878875
0.068308561600,-0.064271523014,0.001474771446,0.122677817497
0.065681309300,-0.063936958513,0.001372292993,0.102899193551
0.063054056900,-0.063731097602,0.001519779546,0.141913961539
0.060426804500,-0.063692802331,0.001514830852,0.162559107331
0.057799552100,-0.063678245358,0.001475056240,0.129373667022
0.055172299800,-0.063909598858,0.001607434373,0.194905438990
0.052545047400,-0.063081657585,0.001725837170,0.228614383742
0.049917795000,-0.064650970268,0.001579292805,0.225067141792
0.047290542700,-0.064870640171,0.001667258262,0.228636277043
0.044663290300,-0.065208861135,0.001722001288,0.141748622468
0.042036037900,-0.065491061320,0.001822482838,-0.031520817259
0.039408785500,-0.065945844747,0.001944231129,-0.129577842534
0.036781533200,-0.066361939366,0.002113804462,-0.132662633574
0.034154280800,-0.066705108971,0.002303644033,-0.089978618072
0.031527028400,-0.067082418768,0.002200477509,-0.067336768378
0.028899776100,-0.067235877885,0.002182990687,-0.071574474679
0.026272523700,-0.067512604838,0.002189116768,-0.041652050630
0.023645271300,-0.067371442480,0.001991521380,-0.039603670947
0.021018019000,-0.065559187473,0.001855970970,0.012951497207
0.018390766600,-0.067165560730,0.001937924393,0.072767505166
0.015763514200,-0.067057089363,0.001925240109,0.078097799187
0.013136261800,-0.067045897230,0.001946627829,-0.011386119896
0.010509009500,-0.067093860942,0.001878022971,-0.090104355876
0.007881757100,-0.067063793725,0.001604917897,-0.197139393809
0.005254504700,-0.066698274893,0.001439499081,-0.300798557563
0.002627252400,-0.065987563343,0.001242348562,-0.803181361168
0.000000000000,-0.058349227356,0.001146778358,-1.333330770567
