0.391460603250,0.031990258956,0.000151927914,0.429938793088
0.388833350880,0.032909059840,0.001055924901,0.348275886302
0.386206098510,0.032908824618,0.001533313162,-0.062011304846
0.383578846140,0.030541243596,0.001641281656,0.111785109025
0.380951593770,0.030934786112,0.001661688612,0.771624421566
0.378324341400,0.030591028865,0.001662338040,0.392998291944
0.375697089030,0.030484123081,0.001587337006,0.055448133760
0.373069836660,0.028737206542,0.001628575422,0.029159705053
0.370442584290,0.028006977255,0.001598322518,-0.332463552004
0.367815331920,0.030861218113,0.001389666091,-0.353695008905
0.365188079550,0.031026732284,0.001186900927,-0.071087716196
0.362560827170,0.030416788244,0.001077626032,-0.185987469670
0.359933574800,0.032075374202,0.000990025493,-0.194006717503
0.357306322430,0.031729964965,0.001055583652,0.144165084292
0.354679070060,0.032477759068,0.000894395507,-0.165777478435
0.352051817690,0.033455874689,0.001037865103,0.014828767400
0.349424565320,0.033811087569,0.001102428846,0.221984848837
0.346797312950,0.034023178863,0.000897337987,0.252208472055
0.344170060580,0.034262084061,0.000318733376,0.163574884515
0.341542808210,0.034213582016,-0.000045194717,-0.004107165135
0.338915555840,0.034077546741,-0.000218363767,-0.069237022187
0.336288303460,0.033819417525,-0.000412444124,-0.070351511329
0.333661051090,0.033401764318,-0.000530773818,-0.073713482899
0.331033798720,0.033273321973,-0.000607048680,-0.092811347946
0.328406546350,0.033217917029,-0.000671241559,-0.121796361338
0.325779293980,0.032999837932,-0.000693878052,-0.101230161033
0.323152041610,0.032859336350,-0.000562476628,-0.027230509325
0.320524789240,0.032812930656,-0.000360549157,0.074841452873
0.317897536870,0.032636405069,-0.000219124192,0.113672446554
0.315270284500,0.032513441032,-0.000090327411,0.147667329501
0.312643032100,0.032499922383,0.000129478306,0.143192682329
0.310015779800,0.032475086659,0.000183850893,0.129072023306
0.307388527400,0.032319154679,0.000195438786,0.074310687707
0.304761275000,0.032323357825,0.000093478568,0.019873777728
0.302134022600,0.032255381484,0.000145064400,-0.005916120490
0.299506770300,0.031928759881,0.000202731746,-0.015879264307
0.296879517900,0.031681753817,0.000193482528,0.005788593946
0.294252265500,0.031496231982,0.000272451512,0.039626202973
0.291625013200,0.031390596074,0.000272299748,0.070261542730
0.288997760800,0.031393774693,0.000280374948,0.075859038813
0.286370508400,0.031490631577,0.000169659976,0.095430841217
0.283743256000,0.031457665950,0.000120382439,0.122997717802
0.281116003700,0.031351741907,0.000101474467,0.155185560432
0.278488751300,0.031395150241,0.000072323698,0.222573405470
0.275861498900,0.031253329594,0.000094322810,0.228963766860
0.273234246600,0.031004394153,0.000102121459,0.151580218766
0.270606994200,0.030929587491,0.000020606127,0.038949257270
0.267979741800,0.030994306597,-0.000199862557,-0.010189884068
0.265352489400,0.031219771353,-0.000243479134,-0.037911789417
0.262725237100,0.031437365668,-0.000095202306,-0.050096471476
0.260097984700,0.031636947617,0.000062995294,-0.064756909833
0.257470732300,0.031800009536,0.000295275651,-0.065352759586
0.254843480000,0.031969542325,0.000366789076,-0.019726233450
0.252216227600,0.032112269008,0.000451314124,-0.003746364387
0.249588975200,0.032223132148,0.000538481773,-0.013655289247
0.246961722900,0.032132480214,0.000684851912,-0.028082030686
0.244334470500,0.032065042670,0.000773016218,-0.033846445973
0.241707218100,0.032059384863,0.000813224568,0.006857605381
0.239079965700,0.031855054236,0.000847151773,0.042724319225
0.236452713400,0.031731609951,0.000961628096,0.024309043620
0.233825461000,0.031540233492,0.001076399114,0.043412839179
0.231198208600,0.031487548031,0.001122279766,0.056241115136
0.228570956300,0.031292084611,0.001098128999,0.046538528458
0.225943703900,0.031311336486,0.001027994831,0.061277280985
0.223316451500,0.031271812460,0.000938597533,0.074246200097
0.220689199100,0.031298560979,0.000953938121,0.046720108366
0.218061946800,0.031327548409,0.001006189261,-0.021206409764
0.215434694400,0.031347236250,0.001075333440,-0.042134719445
0.212807442000,0.031397319458,0.000983381696,-0.013691807798
0.210180189700,0.031446106197,0.000996997674,0.019915431078
0.207552937300,0.031519488123,0.001027773779,0.007467395765
0.204925684900,0.031502081668,0.001107462547,-0.006527510490
0.202298432500,0.031549674818,0.001321365491,0.006692272823
0.199671180200,0.031774949497,0.001352250983,0.002375118330
0.197043927800,0.031964683667,0.001471442210,0.007227927812
0.194416675400,0.032101334453,0.001678456403,0.044174464611
0.191789423100,0.032198050910,0.001672030127,0.055735969967
0.189162170700,0.032239852361,0.001797248519,0.041408457463
0.186534918300,0.032379394143,0.002034136903,0.032291058328
0.183907666000,0.032443392806,0.002155375461,0.027098254146
0.181280413600,0.032472605337,0.002107068634,0.042239331608
0.178653161200,0.032416791444,0.002281209287,0.050627001672
0.176025908800,0.032390268254,0.002396357788,0.034042499195
0.173398656500,0.032537279955,0.002574698277,0.049260341431
0.170771404100,0.032491064535,0.002839652681,0.068932053467
0.168144151700,0.032437506975,0.002930600509,0.066111765378
0.165516899400,0.032333775222,0.002904385278,0.085767325244
0.162889647000,0.032098795226,0.003030840418,0.097857393813
0.160262394600,0.032055462493,0.003274607280,0.145265316540
0.157635142200,0.031915982021,0.003285662826,0.107420047942
0.155007889900,0.031858569583,0.003194678387,0.045855463059
0.152380637500,0.032006431994,0.003224366074,0.020565483797
0.149753385100,0.031934270274,0.003238087778,-0.019462713185
0.147126132800,0.031779338039,0.003226888492,-0.046105015129
0.144498880400,0.031796083707,0.003210514685,-0.035422191176
0.141871628000,0.032001875661,0.003147885571,-0.010418434424
0.139244375600,0.032114709655,0.003082169920,-0.000831828066
0.136617123300,0.032289893081,0.003071995600,0.010338756087
0.133989870900,0.032416079555,0.002993417207,-0.024946284561
0.131362618500,0.032684863550,0.002876472912,-0.062693919550
0.128735366200,0.033006927546,0.002751688590,-0.052603038353
0.126108113800,0.033076100953,0.002672697004,-0.028547856347
0.123480861400,0.033127817225,0.002678935495,0.036178035916
0.120853609000,0.033082882734,0.002568422444,0.043749023358
0.118226356700,0.032929625705,0.002447426418,0.051310933740
0.115599104300,0.032713676664,0.002389756369,0.089989034051
0.112971851900,0.032522987961,0.002370732556,0.154559688891
0.110344599600,0.032215149216,0.002354976531,0.194424796140
0.107717347200,0.031941124490,0.002360214089,0.161281177526
0.105090094800,0.031488458254,0.002429292041,0.083747159942
0.102462842500,0.030971967371,0.002285196257,0.056787291982
0.099835590100,0.030625064155,0.002085157877,0.042417214870
0.097208337700,0.030219605086,0.001989574483,-0.073669609317
0.094581085300,0.030045063486,0.001874319839,-0.132315860699
0.091953833000,0.030045417599,0.001874521374,-0.070136695398
0.089326580600,0.029883792450,0.001888268666,0.001107573795
0.086699328200,0.029671165260,0.001897881484,0.021450045763
0.084072075900,0.029761893932,0.001909279987,0.041853946767
0.081444823500,0.029819897307,0.001892975087,0.101261016418
0.078817571100,0.029890507011,0.001678542582,0.062895792106
0.076190318700,0.030066545249,0.001595536243,-0.085006626677
0.073563066400,0.030337658945,0.001410482468,-0.145068729619
0.070935814000,0.030609649115,0.001417751553,-0.115302689236
0.068308561600,0.031033428023,0.001480019173,-0.138168448760
0.065681309300,0.031396309468,0.001563527218,-0.143742969666
0.063054056900,0.031590219992,0.001745738782,-0.100777646910
0.060426804500,0.031733202629,0.002044285955,-0.026255287328
0.057799552100,0.031668587132,0.002336217184,0.057554090229
0.055172299800,0.031613590508,0.002458196120,0.086831687220
0.052545047400,0.031322329572,0.002493485635,0.074099341923
0.049917795000,0.031209912871,0.002468346943,0.050908787197
0.047290542700,0.031070931302,0.002535533801,0.016370295236
0.044663290300,0.030867040576,0.002598513704,-0.032124858145
0.042036037900,0.030613656311,0.002630504093,-0.051058991814
0.039408785500,0.030237467461,0.002460499156,-0.012749415696
0.036781533200,0.029852604857,0.002317647275,0.042993664694
0.034154280800,0.029476702843,0.002314867556,0.081406330918
0.031527028400,0.029269020571,0.002383482796,0.064872503346
0.028899776100,0.029088402727,0.002498794202,0.030902872658
0.026272523700,0.028896366799,0.002450558321,-0.214569337656
0.023645271300,0.026256681850,0.001914303573,-0.181833973329
0.021018019000,0.027761020387,0.001819887137,0.212445915265
0.018390766600,0.028779073474,0.002166876597,0.182693243325
0.015763514200,0.028620434530,0.002111818567,0.027916871452
0.013136261800,0.028335919597,0.001948518306,0.050900172701
0.010509009500,0.027888416638,0.001862471113,0.055863416638
0.007881757100,0.027564338915,0.001929440452,0.046719803179
0.005254504700,0.027563129870,0.001724004690,0.030882412518
0.002627252400,0.027490159420,0.001520033047,-0.996693419537
0.000000000000,0.022654697152,0.001328610995,-1.998839136141
