0.391460603250,-0.031519030080,-0.000716747168,0.074221731592
0.388833350880,-0.033278988135,-0.000565146878,0.823232289623
0.386206098510,-0.034795785369,-0.000646451498,0.885594681652
0.383578846140,-0.035508598029,-0.000204305648,-0.074858136760
0.380951593770,-0.034845465962,0.000281719467,-0.073560743150
0.378324341400,-0.035643432863,0.000344957232,0.060420667704
0.375697089030,-0.036181870090,0.000122050641,-0.210997911402
0.373069836660,-0.036571344954,-0.000037013558,0.046077123755
0.370442584290,-0.035493050981,0.000269388755,0.155724651427
0.367815331920,-0.034181288891,0.000185978673,-0.014469359849
0.365188079550,-0.033672334490,-0.000014872302,-0.028253685167
0.362560827170,-0.033378110305,-0.000196878676,0.044780865995
0.359933574800,-0.034176186169,-0.000357188462,0.054389373060
0.357306322430,-0.034029173280,-0.000308319594,-0.047187591275
0.354679070060,-0.034232788287,-0.000318089649,-0.031488282510
0.352051817690,-0.034086574627,-0.000464874965,0.029820836698
0.349424565320,-0.034168773931,-0.000542373156,0.086638048441
0.346797312950,-0.034244626514,-0.000663991966,0.126245709658
0.344170060580,-0.034364964057,-0.000934119070,0.094687270751
0.341542808210,-0.034615438029,-0.001026490606,0.044407795676
0.338915555840,-0.035062874984,-0.001003795110,-0.003801103902
0.336288303460,-0.035459320522,-0.000823094538,0.014782656431
0.333661051090,-0.035823354319,-0.000598790185,0.005929570875
0.331033798720,-0.036006225668,-0.000355980102,-0.000074719954
0.328406546350,-0.036168215762,-0.000112703401,0.084621789033
0.325779293980,-0.036335474104,-0.000093028992,0.092611459928
0.323152041610,-0.036537653161,0.000005113306,0.035313389035
0.320524789240,-0.036727815133,0.000282590685,0.002528046089
0.317897536870,-0.036864013189,0.000539899851,-0.013084770194
0.315270284500,-0.037072363035,0.000684658242,-0.044410341765
0.312643032100,-0.037396387317,0.000896829344,-0.094396912926
0.310015779800,-0.037628481071,0.001101509354,-0.090113545170
0.307388527400,-0.037765700813,0.001273989453,-0.065229524850
0.304761275000,-0.037886871347,0.001430550635,-0.042755984940
0.302134022600,-0.037816365058,0.001739438592,-0.020067412309
0.299506770300,-0.037878453661,0.002060406607,0.037230544047
0.296879517900,-0.037996219891,0.002357551946,0.044210402419
0.294252265500,-0.037980030902,0.002663660642,-0.015109609279
0.291625013200,-0.037961006140,0.002931449277,0.026617956519
0.288997760800,-0.037989691372,0.003149815455,0.107673498015
0.286370508400,-0.037909262321,0.003249287837,0.154094702475
0.283743256000,-0.037926177964,0.003407793070,0.200180194401
0.281116003700,-0.038062627637,0.003481970927,0.188563746421
0.278488751300,-0.038228227174,0.003367644198,0.143991967836
0.275861498900,-0.038327037764,0.003347855235,0.123606542591
0.273234246600,-0.038385765650,0.003179962023,0.133443812060
0.270606994200,-0.038307232073,0.002924338191,0.123456576969
0.267979741800,-0.038164153622,0.002793761792,0.039892908897
0.265352489400,-0.038006290407,0.002723390954,0.037985312033
0.262725237100,-0.037854789189,0.002680675548,0.032949812597
0.260097984700,-0.037717561431,0.002729855907,-0.048179297816
0.257470732300,-0.037460999292,0.002708612872,-0.088125501807
0.254843480000,-0.037220867687,0.002807626882,-0.135704523981
0.252216227600,-0.037018237289,0.002972196420,-0.162523525413
0.249588975200,-0.036834751423,0.003117254645,-0.134001387421
0.246961722900,-0.036602039849,0.003043458650,-0.030033135815
0.244334470500,-0.036423476968,0.002904415868,0.101370862037
0.241707218100,-0.036366729536,0.002667353637,0.169832325868
0.239079965700,-0.036254161947,0.002453894023,0.143922186743
0.236452713400,-0.036087738558,0.002347570245,0.050694817798
0.233825461000,-0.036055889636,0.002174313125,-0.004838385204
0.231198208600,-0.036120289178,0.002008790769,0.000334206514
0.228570956300,-0.036325622829,0.001955879256,0.011479064618
0.225943703900,-0.036653245416,0.001734976581,0.075185746327
0.223316451500,-0.037010507380,0.001586029959,0.130603113442
0.220689199100,-0.037365687433,0.001421417820,0.068182605923
0.218061946800,-0.037486534690,0.001215043348,0.014468903306
0.215434694400,-0.037571840633,0.001095674458,0.008355787007
0.212807442000,-0.037571699084,0.001036406222,0.029393329034
0.210180189700,-0.037377837149,0.001028188223,0.047622916807
0.207552937300,-0.037053805830,0.001172848307,0.013870927512
0.204925684900,-0.036698313841,0.001456989278,-0.022954301687
0.202298432500,-0.036362831120,0.001587607783,-0.042338438294
0.199671180200,-0.036150789150,0.001871288314,-0.070127984263
0.197043927800,-0.036059588047,0.002109048492,-0.065199233339
0.194416675400,-0.036173751027,0.002307831809,-0.090421124674
0.191789423100,-0.036341366958,0.002573156356,-0.086582456241
0.189162170700,-0.036468658519,0.002734452970,-0.055171156466
0.186534918300,-0.036510676574,0.002867799542,-0.034536354344
0.183907666000,-0.036604909785,0.002940846629,0.008091488090
0.181280413600,-0.036726541468,0.003194710847,0.109782266754
0.178653161200,-0.036837128576,0.003466570716,0.201343004158
0.176025908800,-0.036879004389,0.003504129045,0.218138600075
0.173398656500,-0.036830548399,0.003814504468,0.246931101145
0.170771404100,-0.036915801510,0.004220616466,0.281785688076
0.168144151700,-0.037032213568,0.004627120023,0.286155639896
0.165516899400,-0.037092973163,0.004758594624,0.363479956662
0.162889647000,-0.037108193561,0.004862699956,0.463697679273
0.160262394600,-0.036996209100,0.004730503662,0.451502803769
0.157635142200,-0.036816888274,0.004652103152,0.297569769730
0.155007889900,-0.036733465323,0.004609530918,0.149413725096
0.152380637500,-0.036555267225,0.004513968616,0.068746941601
0.149753385100,-0.036260926927,0.004491378074,0.070201201717
0.147126132800,-0.036013176160,0.004597170098,0.075418579270
0.144498880400,-0.035936778043,0.004640829596,-0.025864546324
0.141871628000,-0.035855120705,0.004641960543,-0.126433513548
0.139244375600,-0.035846621972,0.004856633338,-0.173934403833
0.136617123300,-0.036011108169,0.004868454071,-0.187818960886
0.133989870900,-0.036134080418,0.004865299238,-0.173390291110
0.131362618500,-0.036200327535,0.004901194128,-0.095698129129
0.128735366200,-0.036447867494,0.005008816112,-0.064953621153
0.126108113800,-0.036666798254,0.005220151142,-0.064365936288
0.123480861400,-0.036769458676,0.005445292719,-0.054662483480
0.120853609000,-0.037034620443,0.005614755653,-0.007075614917
0.118226356700,-0.037176856507,0.005748580443,0.072854559819
0.115599104300,-0.037358434978,0.005744976224,0.100026143769
0.112971851900,-0.037612742566,0.005898307842,0.073109406160
0.110344599600,-0.037749892043,0.005868227896,0.052713516386
0.107717347200,-0.037699868984,0.005923467253,0.067198778158
0.105090094800,-0.037649916626,0.005998727885,0.055223401689
0.102462842500,-0.037506103175,0.005942973485,0.063432133213
0.099835590100,-0.037309967142,0.005961176588,0.054440249258
0.097208337700,-0.037059284485,0.006071674688,0.009380978334
0.094581085300,-0.036734217547,0.006029950371,-0.048199548648
0.091953833000,-0.036696154468,0.005952468507,-0.071768691065
0.089326580600,-0.036718994108,0.006135093025,-0.112059905174
0.086699328200,-0.036859445750,0.006349376491,-0.175898916081
0.084072075900,-0.037063284794,0.006341658648,-0.219674258429
0.081444823500,-0.037222021952,0.006374976701,-0.274933196742
0.078817571100,-0.037428514147,0.006190445661,-0.258346558041
0.076190318700,-0.037665694140,0.006126407307,-0.179057721821
0.073563066400,-0.037922222383,0.005700264807,-0.078948648877
0.070935814000,-0.037958628443,0.005429719678,0.027580298971
0.068308561600,-0.037840235343,0.005365190180,0.115216284818
0.065681309300,-0.037803765405,0.005285247240,0.210897297168
0.063054056900,-0.038021674809,0.005358752642,0.298745234865
0.060426804500,-0.038277834096,0.005447087873,0.302891736720
0.057799552100,-0.038713167648,0.005476752834,0.267846254918
0.055172299800,-0.039139184275,0.005314139373,0.249605404647
0.052545047400,-0.039293703167,0.005285556940,0.237615538773
0.049917795000,-0.039496823278,0.005274502010,0.186291627759
0.047290542700,-0.039701280869,0.005170151664,0.101966217978
0.044663290300,-0.039823419251,0.005139511794,0.082642195490
0.042036037900,-0.040025936261,0.005158268398,0.118424454761
0.039408785500,-0.040247453653,0.004929585191,0.100945566449
0.036781533200,-0.040520308794,0.004819912689,0.078463924685
0.034154280800,-0.040885147668,0.004847002862,0.054594439386
0.031527028400,-0.041176426384,0.004817330421,0.004722965848
0.028899776100,-0.041491631860,0.004584423134,-0.046412832046
0.026272523700,-0.041730175706,0.004367826703,-0.086808320427
0.023645271300,-0.042098823923,0.004189198691,-0.094653422191
0.021018019000,-0.042551356674,0.004281031062,-0.025345256880
0.018390766600,-0.042950621178,0.004609029899,0.017496541288
0.015763514200,-0.043297074653,0.004529876606,-0.034714161075
0.013136261800,-0.043440599180,0.004363628221,-0.102506839492
0.010509009500,-0.043336224032,0.004219962775,-0.048441538249
0.007881757100,-0.043162172967,0.003822744648,0.073421085865
0.005254504700,-0.042821580177,0.003500795258,0.110669308288
0.002627252400,-0.042045401310,0.003215308562,-0.781400030519
0.000000000000,-0.036263386065,0.002907359381,-1.685114118234
