0.391460603250,0.054164269942,-0.000185244408,-0.912689299516
0.388833350880,0.054011136783,0.000925441897,-0.342010747399
0.386206098510,0.056537565620,0.001047807475,0.214895320515
0.383578846140,0.057002730893,0.001135175346,0.005991571984
0.380951593770,0.057782238687,0.001278870302,0.207573071292
0.378324341400,0.058027921458,0.001173837455,0.530658482067
0.375697089030,0.058033496507,0.001027435623,0.376209083001
0.373069836660,0.057244627436,0.001059765065,-0.200677103255
0.370442584290,0.058871614812,0.001126276794,-0.328696085960
0.367815331920,0.059520058809,0.001092343336,-0.065890290157
0.365188079550,0.060010725304,0.001112810141,-0.159579277078
0.362560827170,0.060818813334,0.000980449983,-0.239709612143
0.359933574800,0.061201453061,0.000894882139,-0.171550680115
0.357306322430,0.061704299779,0.000579221852,-0.056022590885
0.354679070060,0.061767926116,0.000316304732,-0.119043269517
0.352051817690,0.062836993248,-0.000106757556,-0.109144037059
0.349424565320,0.063003423121,-0.000488619461,0.133600942433
0.346797312950,0.063038906680,-0.000871503218,0.093875550631
0.344170060580,0.063016492069,-0.001202704489,0.029328229104
0.341542808210,0.063047086825,-0.001431737407,-0.041299101904
0.338915555840,0.063024792033,-0.001680120372,-0.004363206927
0.336288303460,0.062968198027,-0.001558080436,0.042798887125
0.333661051090,0.062871517363,-0.001277219963,0.062036501923
0.331033798720,0.062735052431,-0.000996376240,0.031057049912
0.328406546350,0.062474067383,-0.000574821783,0.023340609361
0.325779293980,0.062267459866,-0.000386791915,0.054180420129
0.323152041610,0.062094220464,-0.000237194030,0.006857571838
0.320524789240,0.061890976638,-0.000154074476,-0.042773429098
0.317897536870,0.061766979824,-0.000225916425,-0.035196931014
0.315270284500,0.061718221594,-0.000148237595,0.004267404367
0.312643032100,0.061610460346,-0.000039535303,0.002187938243
0.310015779800,0.061620842373,0.000200344078,-0.025445848511
0.307388527400,0.061634874663,0.000566946593,-0.029969800543
0.304761275000,0.061453672319,0.001039225494,-0.036398879622
0.302134022600,0.061293540030,0.001670273677,0.010906985201
0.299506770300,0.061203814694,0.002037698832,-0.014668726207
0.296879517900,0.060976559931,0.002282044357,-0.096379125198
0.294252265500,0.060767077720,0.002326762522,-0.101495446886
0.291625013200,0.060588130966,0.002314049135,-0.075780798217
0.288997760800,0.060555730926,0.002113035741,-0.050158594225
0.286370508400,0.060601021554,0.002035558278,-0.035889374765
0.283743256000,0.060580853140,0.002107432339,0.012644490248
0.281116003700,0.060644100668,0.001959383133,0.087936637293
0.278488751300,0.060693428129,0.001923236880,0.111585588230
0.275861498900,0.060757793159,0.001996179589,0.083884848597
0.273234246600,0.060820208121,0.002280968281,0.016080070149
0.270606994200,0.060850598447,0.002639912431,-0.056559550796
0.267979741800,0.061006050437,0.002818571428,-0.080922683614
0.265352489400,0.061152955642,0.003128087315,-0.097713556912
0.262725237100,0.061129406017,0.003233348703,-0.045101964978
0.260097984700,0.060766215197,0.003115058753,0.071497535453
0.257470732300,0.060257469956,0.003062497845,0.067154546565
0.254843480000,0.060314560083,0.003190796974,-0.093900433949
0.252216227600,0.061109140542,0.002854389521,-0.176635174501
0.249588975200,0.061069369328,0.002774825763,0.040642480616
0.246961722900,0.060961034117,0.002675452823,0.132294435148
0.244334470500,0.060912399084,0.002641985947,0.150903818763
0.241707218100,0.060769327545,0.002615273780,0.119756410528
0.239079965700,0.060653850263,0.002665063539,0.067700737044
0.236452713400,0.060624603785,0.002590452293,0.023455243925
0.233825461000,0.060576951596,0.002623120828,0.000465070283
0.231198208600,0.060527314095,0.002577929580,-0.073983433822
0.228570956300,0.060447334495,0.002422673372,-0.130787613308
0.225943703900,0.060296498751,0.002289735970,-0.127914677436
0.223316451500,0.060131602950,0.002139158578,-0.067432429055
0.220689199100,0.059877132350,0.002013107328,-0.027335784289
0.218061946800,0.059659842561,0.001941578094,-0.025783507023
0.215434694400,0.059504676817,0.001850955152,0.028787242369
0.212807442000,0.059328328316,0.001791071555,0.078094515193
0.210180189700,0.059314983140,0.001630167085,0.062950181564
0.207552937300,0.059341424047,0.001505052546,0.033857048571
0.204925684900,0.059449513379,0.001494556832,0.037656517820
0.202298432500,0.059575067407,0.001517883609,0.063688349595
0.199671180200,0.059673180793,0.001600160077,0.052491772336
0.197043927800,0.059760884393,0.001691808434,0.027822958208
0.194416675400,0.059807120909,0.001753359567,0.072840799622
0.191789423100,0.059646099332,0.001836173146,0.130791124574
0.189162170700,0.059420379303,0.001973748510,0.123065406469
0.186534918300,0.059196724979,0.002276685893,0.140873226041
0.183907666000,0.058917515352,0.002433788636,0.159903792752
0.181280413600,0.058910562497,0.002673483854,0.111109596753
0.178653161200,0.058964655913,0.002841386045,0.066262473178
0.176025908800,0.059065984911,0.002947997813,0.028921662444
0.173398656500,0.059151591037,0.003093867379,0.049590057699
0.170771404100,0.059246345541,0.003180115039,0.088791862427
0.168144151700,0.059436292277,0.003191743134,0.081220347285
0.165516899400,0.059519268166,0.003217763284,0.066183595636
0.162889647000,0.059720162606,0.003274708899,0.131433994718
0.160262394600,0.059886576924,0.003325423313,0.241378125273
0.157635142200,0.059964952544,0.003166938919,0.300846229788
0.155007889900,0.060121946675,0.003169489869,0.335865064463
0.152380637500,0.060428811492,0.003203915485,0.331141891502
0.149753385100,0.060835370495,0.003239405027,0.296491157257
0.147126132800,0.061147671452,0.003317705757,0.221724742820
0.144498880400,0.061526250564,0.003176573460,0.139591295553
0.141871628000,0.061970133279,0.002935052606,0.058392474909
0.139244375600,0.062012147547,0.002913841801,-0.001054364124
0.136617123300,0.062086845920,0.002815737575,-0.069049154166
0.133989870900,0.062129680275,0.002673839135,-0.078447654197
0.131362618500,0.061465417493,0.002608784338,0.108428244165
0.128735366200,0.059583438781,0.002577952945,-0.100178446701
0.126108113800,0.061629698896,0.002408819400,-0.256233093125
0.123480861400,0.061317018322,0.002436019050,0.025741303499
0.120853609000,0.060971462241,0.002482640787,-0.003465139347
0.118226356700,0.060511216285,0.002491877710,-0.007847255190
0.115599104300,0.059997788229,0.002695522974,0.016730508770
0.112971851900,0.059508754487,0.002897691920,-0.043165027299
0.110344599600,0.059012102199,0.003210287712,-0.111113613524
0.107717347200,0.058377815636,0.003585643613,-0.164308401003
0.105090094800,0.057799301107,0.003655298136,-0.184820281311
0.102462842500,0.057395715111,0.003819165773,-0.154265784821
0.099835590100,0.057147202323,0.003892818567,-0.126209532163
0.097208337700,0.057028210295,0.004011382821,-0.126768344390
0.094581085300,0.057233291148,0.004297962754,-0.027929824332
0.091953833000,0.057609807876,0.004298763190,0.033463839863
0.089326580600,0.057947139851,0.004381077915,0.064016280670
0.086699328200,0.058251468909,0.004483783597,0.062049187955
0.084072075900,0.058493093267,0.004528437650,0.019949522595
0.081444823500,0.058731822305,0.004691370178,-0.058332855970
0.078817571100,0.058789070698,0.004802759584,-0.151596608330
0.076190318700,0.058741267320,0.004726146475,-0.150938404349
0.073563066400,0.058623850364,0.004703011724,-0.107337574732
0.070935814000,0.058502208942,0.004672491855,-0.026145669556
0.068308561600,0.058307303472,0.004554422100,-0.007524268967
0.065681309300,0.058187510596,0.004541870097,-0.027081096441
0.063054056900,0.057964240928,0.004677969519,-0.054760708782
0.060426804500,0.057798067443,0.004759212093,-0.085462006608
0.057799552100,0.057595183534,0.004734130889,-0.090664279245
0.055172299800,0.057181841643,0.004578305466,-0.051204818123
0.052545047400,0.056985262131,0.004472533571,-0.055832870476
0.049917795000,0.056750928822,0.004349999948,-0.081774566660
0.047290542700,0.056619679366,0.004092199557,-0.015827189284
0.044663290300,0.056718997877,0.004026045507,0.172630767300
0.042036037900,0.056772295031,0.003975672667,0.209089606751
0.039408785500,0.056890656817,0.003913323401,0.186299074055
0.036781533200,0.056872521919,0.003857219530,0.251776506144
0.034154280800,0.057010585412,0.003743355649,0.275664370068
0.031527028400,0.057119631328,0.003631008293,0.213323157212
0.028899776100,0.057109131020,0.003526538017,0.202159995922
0.026272523700,0.057147221179,0.003256889021,0.351444179956
0.023645271300,0.055395636275,0.002757861298,0.337031963436
0.021018019000,0.054836063336,0.002574149271,0.203513386124
0.018390766600,0.055863782954,0.002567780498,0.160581380539
0.015763514200,0.054630594317,0.002463970767,0.087241140266
0.013136261800,0.055876486061,0.002340042547,-0.026366338695
0.010509009500,0.055784600246,0.002304720628,-0.114508788074
0.007881757100,0.055703934752,0.001881579795,-0.049121885930
0.005254504700,0.055363079061,0.001429746990,0.132319519571
0.002627252400,0.054888517593,0.000919166152,0.219476388557
0.000000000000,0.054322242250,0.000720187560,0.291796340212
