0.391460603250,-0.016810844041,0.000494885463,-0.393609816853
0.388833350880,-0.016786413338,0.000863037886,0.074200257259
0.386206098510,-0.018816392794,0.000979117515,-0.008190969771
0.383578846140,-0.019744080345,0.001269159368,-0.322863822427
0.380951593770,-0.018519109167,0.001383472716,-0.005686219579
0.378324341400,-0.018941925923,0.001545179053,0.152862065581
0.375697089030,-0.019261112637,0.001843431431,-0.069489022659
0.373069836660,-0.019105814680,0.001989109857,-0.119514114981
0.370442584290,-0.018911577636,0.001845346364,-0.287964132529
0.367815331920,-0.017874681328,0.002216194837,-0.314870146075
0.365188079550,-0.017068458462,0.002399048426,-0.050792713465
0.362560827170,-0.017424296524,0.002529618557,-0.014768450454
0.359933574800,-0.017142983109,0.002686136435,0.000240192295
0.357306322430,-0.017017590541,0.002798697200,0.002932169603
0.354679070060,-0.016831558326,0.003017383617,-0.024725281715
0.352051817690,-0.016592746980,0.003154887279,-0.024440116073
0.349424565320,-0.016461983894,0.003277108124,-0.062320317308
0.346797312950,-0.016186082983,0.003314777148,-0.065272750629
0.344170060580,-0.016018666358,0.003429405548,-0.062749213547
0.341542808210,-0.015897210062,0.003466753984,-0.050220442463
0.338915555840,-0.015780314791,0.003561986597,-0.002823374839
0.336288303460,-0.015738846042,0.003632930257,0.015960603200
0.333661051090,-0.015734457384,0.003658386926,0.024520043397
0.331033798720,-0.015807951859,0.003632763940,0.063042213432
0.328406546350,-0.015925113304,0.003681523607,0.072228551027
0.325779293980,-0.016112419430,0.003704159459,0.053368902803
0.323152041610,-0.016292956800,0.003603595875,0.055929557822
0.320524789240,-0.016503213474,0.003638450150,0.070199246991
0.317897536870,-0.016672823572,0.003690170002,0.066206944845
0.315270284500,-0.017217628600,0.003687978712,0.061160803784
0.312643032100,-0.016972679988,0.003689575346,0.064103492693
0.310015779800,-0.017008286765,0.003700247110,0.047705640369
0.307388527400,-0.017153986168,0.003650772130,0.081910017351
0.304761275000,-0.017346388220,0.003531229478,0.074400072791
0.302134022600,-0.017395629647,0.003339673904,0.011820417759
0.299506770300,-0.017423589574,0.003200952435,-0.004661342589
0.296879517900,-0.017442490329,0.002961663299,0.027594110254
0.294252265500,-0.017417374744,0.002983253125,0.034074275703
0.291625013200,-0.017368523018,0.003078589314,-0.012018816917
0.288997760800,-0.017666265219,0.003188687366,-0.043220682642
0.286370508400,-0.016964473077,0.003219452286,0.013764059839
0.283743256000,-0.016799196100,0.003287916152,0.012916858445
0.281116003700,-0.016746431148,0.003352725604,0.040997136617
0.278488751300,-0.016617362617,0.003296724101,0.060587355505
0.275861498900,-0.016422249942,0.003254561547,0.060029051649
0.273234246600,-0.016238535799,0.003180642461,0.077214107825
0.270606994200,-0.016265658342,0.003090549704,0.031947624942
0.267979741800,-0.016337828669,0.003121287346,-0.010799768235
0.265352489400,-0.016344405601,0.003183832302,0.035275500131
0.262725237100,-0.016332078160,0.003071550510,0.046489860778
0.260097984700,-0.016474910448,0.002861080523,0.045708467902
0.257470732300,-0.016722282241,0.002666849089,0.044952497993
0.254843480000,-0.016916471633,0.002544427461,0.049291881955
0.252216227600,-0.017140962357,0.002426784640,0.054703396186
0.249588975200,-0.017411819117,0.002208453138,0.051970731693
0.246961722900,-0.017626685396,0.002132830607,0.083912122991
0.244334470500,-0.017772191131,0.002067890949,0.110682102831
0.241707218100,-0.017914579673,0.001902811458,0.070619237124
0.239079965700,-0.018199262843,0.001660424025,-0.005092244080
0.236452713400,-0.018320358629,0.001479487769,-0.032426303190
0.233825461000,-0.018303819724,0.001326744261,-0.031359970592
0.231198208600,-0.018399271079,0.001179837985,-0.005187890993
0.228570956300,-0.018562854050,0.000964964794,0.007943776031
0.225943703900,-0.018812002988,0.000836034743,-0.008132161064
0.223316451500,-0.019074824242,0.000872484863,0.008717940097
0.220689199100,-0.019391713371,0.000960648231,0.072539850576
0.218061946800,-0.019860036501,0.001057272054,0.137180557979
0.215434694400,-0.020297062141,0.001152444404,0.183669965578
0.212807442000,-0.020700720645,0.001107158948,0.198169658397
0.210180189700,-0.021090403822,0.001051212152,0.166192460996
0.207552937300,-0.021419759682,0.001176735314,0.171671001481
0.204925684900,-0.021598127054,0.001309684502,0.210224042877
0.202298432500,-0.021701368217,0.001388570620,0.201959548856
0.199671180200,-0.021772964407,0.001421838351,0.180833234470
0.197043927800,-0.021689342628,0.001508131110,0.171223271263
0.194416675400,-0.021689091855,0.001655974948,0.147075859714
0.191789423100,-0.021519165602,0.001874856380,0.137125300090
0.189162170700,-0.021208935406,0.002194158757,0.437280042002
0.186534918300,-0.022333464221,0.002348267784,0.345486639040
0.183907666000,-0.022330414232,0.002467065595,-0.116206753961
0.181280413600,-0.021956859368,0.002398834945,-0.339918196888
0.178653161200,-0.020905644710,0.002746504653,-0.059565537067
0.176025908800,-0.020918668303,0.002901208806,0.086396341983
0.173398656500,-0.020965125658,0.002958791621,0.095974619986
0.170771404100,-0.020921701472,0.002837399732,0.096663990467
0.168144151700,-0.020932927130,0.002936206093,0.078060519628
0.165516899400,-0.020969007235,0.003065127674,0.026941465211
0.162889647000,-0.021006726796,0.003201640396,-0.023046621282
0.160262394600,-0.020953215990,0.003295599086,-0.000814693767
0.157635142200,-0.020839599020,0.003305636233,0.082430062042
0.155007889900,-0.020865528064,0.003315857553,0.115825173703
0.152380637500,-0.020734037787,0.003373991481,0.114885268877
0.149753385100,-0.020531751972,0.003324985193,0.163255345422
0.147126132800,-0.020316214538,0.003273045480,0.182939872663
0.144498880400,-0.020095716169,0.003183676646,0.154423114084
0.141871628000,-0.019764086242,0.003110016258,0.057157980014
0.139244375600,-0.019289931895,0.002917354103,-0.031395706919
0.136617123300,-0.018781191906,0.002752997746,-0.067197307524
0.133989870900,-0.018230209934,0.002608180673,-0.069078379681
0.131362618500,-0.017812252693,0.002254092512,-0.055703694276
0.128735366200,-0.017596993167,0.002011196113,-0.037475969051
0.126108113800,-0.017449994664,0.001694132204,-0.042284909312
0.123480861400,-0.017331574458,0.001164550014,-0.033630568387
0.120853609000,-0.017480779579,0.000730136798,-0.027744562154
0.118226356700,-0.017753360359,0.000500717757,-0.017055293451
0.115599104300,-0.018103095472,0.000381473944,0.038475230110
0.112971851900,-0.018436424318,0.000327748000,0.142083264800
0.110344599600,-0.018867015180,0.000318389322,0.193605769066
0.107717347200,-0.019212261494,0.000416413005,0.142981494652
0.105090094800,-0.019509627370,0.000446436940,0.106109027421
0.102462842500,-0.019882646736,0.000568466401,0.073482815100
0.099835590100,-0.020251873207,0.000689616355,0.007001042014
0.097208337700,-0.020737812215,0.000690073925,-0.007450431579
0.094581085300,-0.021274692456,0.000701081618,0.045080692657
0.091953833000,-0.021851626113,0.000733833413,0.079563579676
0.089326580600,-0.022132836516,0.000733096271,0.049610975605
0.086699328200,-0.022268429897,0.000709688151,0.081312655387
0.084072075900,-0.022202417655,0.000420255527,0.223322031051
0.081444823500,-0.022106250464,0.000020659746,0.273768795969
0.078817571100,-0.021920349742,-0.000095969882,0.166958923603
0.076190318700,-0.021738095475,-0.000046757638,-0.007158843139
0.073563066400,-0.021569994118,0.000036007147,-0.095531516303
0.070935814000,-0.021371984570,0.000124343051,-0.039331928363
0.068308561600,-0.021134322095,0.000260466718,0.011575816664
0.065681309300,-0.020901140103,0.000373685696,0.015590433528
0.063054056900,-0.020965631084,0.000380269416,0.022079490528
0.060426804500,-0.021215455949,0.000455434023,0.057735314554
0.057799552100,-0.021567320637,0.000582789367,0.120749091044
0.055172299800,-0.022037332410,0.000511715735,0.143558736047
0.052545047400,-0.022516804389,0.000375510740,0.110286377447
0.049917795000,-0.022870555368,0.000381025075,0.091650222969
0.047290542700,-0.023330993868,0.000609261484,0.063470751446
0.044663290300,-0.023660164738,0.000905342214,0.009859969508
0.042036037900,-0.023827423410,0.001360992797,-0.030559549069
0.039408785500,-0.023991498842,0.001712591233,-0.087942859072
0.036781533200,-0.024329885941,0.001837035986,-0.071476371515
0.034154280800,-0.024486662203,0.001743432324,-0.046001108217
0.031527028400,-0.024564302189,0.001781416223,-0.019521819702
0.028899776100,-0.024655945337,0.001650122868,0.073162144158
0.026272523700,-0.024590703583,0.001603195045,0.144512321599
0.023645271300,-0.024103144429,0.001191508433,0.192893104666
0.021018019000,-0.023615379527,0.001111988810,-0.129440698032
0.018390766600,-0.024480718498,0.001025241145,-0.257424856725
0.015763514200,-0.024799480636,0.000906310086,-0.049572192082
0.013136261800,-0.024861893830,0.000750740266,-0.041586397505
0.010509009500,-0.024773035256,0.000650073136,-0.022297934665
0.007881757100,-0.024520828253,0.000734860538,-0.031895438133
0.005254504700,-0.024015583949,0.000714829101,-0.015565877139
0.002627252400,-0.023179180482,0.000528412445,0.854746609351
0.000000000000,-0.020667021066,0.000388096218,1.687607366247
