0.391460603250,0.046372492465,0.000377888896,0.693606859245
0.388833350880,0.047920107610,0.001203073798,0.577014426569
0.386206098510,0.048725822140,0.001497594996,0.356453579966
0.383578846140,0.050405395128,0.001789555701,0.444107192773
0.380951593770,0.050057009285,0.001813799448,0.434335530726
0.378324341400,0.049229759707,0.001801652156,-0.129093014559
0.375697089030,0.048500681151,0.001813154227,-0.309103487815
0.373069836660,0.049755285647,0.001627893202,-0.149570995489
0.370442584290,0.049809423261,0.001489913979,-0.171779948517
0.367815331920,0.049966830937,0.001244259858,-0.169556762177
0.365188079550,0.049902092449,0.001165690275,-0.142581912051
0.362560827170,0.051242672126,0.000891606544,-0.106649220317
0.359933574800,0.052536757326,0.000808453173,-0.069429026059
0.357306322430,0.053197831550,0.000715177411,-0.091267919757
0.354679070060,0.053900009951,0.000712163059,-0.033811887052
0.352051817690,0.054299721602,0.000726957636,0.120551226365
0.349424565320,0.054721372831,0.000709643079,0.225323920473
0.346797312950,0.054974085084,0.000429468140,0.208986075046
0.344170060580,0.054886415626,-0.000105663858,0.052016986524
0.341542808210,0.054908657439,-0.000455463857,-0.042508439513
0.338915555840,0.054760387821,-0.000682850748,-0.082506268006
0.336288303460,0.054558511348,-0.000817501593,-0.101904280879
0.333661051090,0.054447420049,-0.001014716342,-0.096860230739
0.331033798720,0.054294679247,-0.000897388058,-0.106209326554
0.328406546350,0.054114410530,-0.000827778356,-0.137815605728
0.325779293980,0.053967319898,-0.000871268828,-0.139977454924
0.323152041610,0.053933552743,-0.000863110022,-0.072613375042
0.320524789240,0.053840087116,-0.000610372793,0.045712966875
0.317897536870,0.053887547121,-0.000504191178,0.139424972516
0.315270284500,0.053705251192,-0.000297610445,0.142306593400
0.312643032100,0.053391330357,-0.000057630409,0.121792556971
0.310015779800,0.053296254443,0.000062006602,0.146196997035
0.307388527400,0.053327805601,0.000071847433,0.151478178981
0.304761275000,0.053202413818,-0.000009837388,0.091045748572
0.302134022600,0.052922447214,0.000011224525,0.016654816790
0.299506770300,0.052692863876,-0.000036370819,-0.019390568098
0.296879517900,0.052327897120,0.000042513175,-0.008841268903
0.294252265500,0.052015513209,0.000092615250,-0.009114278638
0.291625013200,0.051836972557,0.000007460560,0.019547756531
0.288997760800,0.051791680785,0.000116572111,0.027909115443
0.286370508400,0.051828116456,0.000160294614,0.057333138238
0.283743256000,0.051968666755,0.000143116519,0.125927144864
0.281116003700,0.051979855677,0.000002889913,0.167288605689
0.278488751300,0.051931808480,-0.000144607438,0.193705522386
0.275861498900,0.051956532669,-0.000152372503,0.192596776730
0.273234246600,0.051839764544,-0.000127289529,0.095385259018
0.270606994200,0.051809956014,-0.000049879823,-0.047865952386
0.267979741800,0.051930889934,-0.000020468332,-0.155005918559
0.265352489400,0.050969147259,-0.000126657190,-0.201644289710
0.262725237100,0.051255077981,-0.000082743347,-0.182456501480
0.260097984700,0.052669817614,-0.000056674836,-0.105766545947
0.257470732300,0.052786229548,0.000158894202,-0.030983849706
0.254843480000,0.052888346236,0.000434381451,-0.022623216048
0.252216227600,0.052938794418,0.000542401631,0.016635834449
0.249588975200,0.052907377324,0.000621294440,0.054081831963
0.246961722900,0.052749932115,0.000765374776,0.025881391136
0.244334470500,0.052605350162,0.000843422678,0.006071499864
0.241707218100,0.052382709594,0.000933286426,0.003175112408
0.239079965700,0.052201698481,0.001018028784,-0.014410515164
0.236452713400,0.051957005780,0.001081113420,0.023565325788
0.233825461000,0.051722798671,0.001155715351,0.051042791022
0.231198208600,0.051548065212,0.001102160192,0.039173568335
0.228570956300,0.051418195517,0.001001825642,0.022512055243
0.225943703900,0.051391691645,0.001032694060,0.023937719610
0.223316451500,0.051391876325,0.001227946887,0.008500946742
0.220689199100,0.051431706438,0.001241443115,-0.013770536893
0.218061946800,0.051525443193,0.001131747146,-0.023513260781
0.215434694400,0.051450391978,0.000943403168,-0.014060394374
0.212807442000,0.051422479248,0.000896025732,-0.003112813383
0.210180189700,0.051459741332,0.001030518908,0.018216593956
0.207552937300,0.051473112671,0.001174935982,0.011198890622
0.204925684900,0.051460937278,0.001206732787,0.018628272342
0.202298432500,0.051484617971,0.001264195703,0.017934033308
0.199671180200,0.051601630403,0.001341052063,-0.015578405942
0.197043927800,0.051638733184,0.001458921017,-0.009638230580
0.194416675400,0.051735237078,0.001496346258,0.038561320283
0.191789423100,0.051785790508,0.001607448036,0.020247770380
0.189162170700,0.051877714251,0.001654959267,-0.009802597631
0.186534918300,0.052026847671,0.001706476681,0.048708780195
0.183907666000,0.052047001806,0.001745351286,0.061979264048
0.181280413600,0.051994419369,0.001901143356,0.039965177783
0.178653161200,0.051982803545,0.002068655549,0.032977543082
0.176025908800,0.051976993602,0.002102417552,0.055996958339
0.173398656500,0.051969175415,0.002332835711,0.077216353965
0.170771404100,0.051944839725,0.002575413885,0.052157559122
0.168144151700,0.051878605833,0.002589384369,0.002167174741
0.165516899400,0.051841122733,0.002656051216,0.036095281788
0.162889647000,0.051812488009,0.002818704178,0.113783470230
0.160262394600,0.051684674097,0.002869904127,0.157274419394
0.157635142200,0.051541333877,0.002864322820,0.140496142826
0.155007889900,0.051573122416,0.002830766974,0.076276971276
0.152380637500,0.051618271612,0.002920556642,0.034007432584
0.149753385100,0.051620310340,0.002991518204,-0.003397923242
0.147126132800,0.051706124426,0.003003318900,-0.031469715782
0.144498880400,0.051757822042,0.002984527799,-0.038495453382
0.141871628000,0.051949961063,0.002892273926,-0.034112702341
0.139244375600,0.052219760052,0.002737227929,-0.029259557166
0.136617123300,0.052403830559,0.002707767342,-0.017331130761
0.133989870900,0.052795313969,0.002657910391,0.015851900812
0.131362618500,0.053138608801,0.002391660525,0.004821659321
0.128735366200,0.053394391196,0.002186636532,0.004705378555
0.126108113800,0.053471707933,0.001892633827,0.036180309612
0.123480861400,0.053467970068,0.001855813819,0.058064751000
0.120853609000,0.053378248092,0.001916373113,0.044985686530
0.118226356700,0.053251861770,0.001909623202,0.083788618804
0.115599104300,0.053069298654,0.001864995064,0.115993835267
0.112971851900,0.052752424641,0.001730845101,0.102486247230
0.110344599600,0.052363688241,0.001684891128,0.075710009681
0.107717347200,0.051871905742,0.001629414284,0.092529551806
0.105090094800,0.051415371185,0.001658844627,0.108572315634
0.102462842500,0.051169487038,0.001605286632,0.002312681223
0.099835590100,0.050725470752,0.001580757206,-0.051311386803
0.097208337700,0.050299883941,0.001499787204,-0.048094005066
0.094581085300,0.049995871583,0.001330956172,-0.085847598338
0.091953833000,0.049667587034,0.001347925882,-0.063043262188
0.089326580600,0.049499115253,0.001403489768,-0.029940171270
0.086699328200,0.049437594385,0.001478319262,-0.015068395605
0.084072075900,0.049531911499,0.001393653949,0.021311719487
0.081444823500,0.049667583448,0.001383993466,0.040348000276
0.078817571100,0.049568137495,0.001282221280,-0.018891610683
0.076190318700,0.049616332649,0.001191160963,-0.110123592659
0.073563066400,0.050049553664,0.001331978348,-0.168194511049
0.070935814000,0.050466142036,0.001170477056,-0.130457220654
0.068308561600,0.050873197377,0.001126458365,-0.096274946085
0.065681309300,0.051060760288,0.001384712002,-0.109146669086
0.063054056900,0.051277203190,0.001642270833,-0.038587574180
0.060426804500,0.051433058719,0.001964812229,0.025380064033
0.057799552100,0.051293043418,0.002073591728,0.037255381034
0.055172299800,0.051106380234,0.002133582770,0.046781741435
0.052545047400,0.050821005392,0.002180159459,-0.015740258727
0.049917795000,0.050423863812,0.002115200970,-0.066523551254
0.047290542700,0.050092607292,0.002105085261,-0.051913388102
0.044663290300,0.049696426511,0.002137342170,-0.096370266663
0.042036037900,0.049437787247,0.002148575708,-0.101129312140
0.039408785500,0.049193163825,0.002251052403,-0.004816800854
0.036781533200,0.048765794933,0.002152062913,0.065121546800
0.034154280800,0.048511993702,0.002006752798,0.096368695759
0.031527028400,0.048381521730,0.002198149317,0.083770995277
0.028899776100,0.048485709450,0.002209466383,-0.011560503238
0.026272523700,0.048657698129,0.001987879167,-0.158240690492
0.023645271300,0.047621053922,0.001681111998,-0.127013398956
0.021018019000,0.048719148771,0.001629881209,0.095246794099
0.018390766600,0.048683061054,0.001902248449,0.172377883059
0.015763514200,0.048511836973,0.001954070138,0.096109759067
0.013136261800,0.048245957272,0.001764375745,0.034808683408
0.010509009500,0.048030923274,0.001665970412,0.026401835864
0.007881757100,0.048090185147,0.001548190512,0.019392981804
0.005254504700,0.048324532320,0.001391044044,-0.021662464606
0.002627252400,0.048437580969,0.001076660587,-0.252639658638
0.000000000000,0.042570969020,0.000580733254,-0.444770091738
