0.391460603250,0.017322845781,0.000790536686,-0.381773647522
0.388833350880,0.014917782306,0.001007152291,-0.338447263417
0.386206098510,0.015839175431,0.001060376644,-0.162631617313
0.383578846140,0.015769387411,0.001239400558,0.236526865606
0.380951593770,0.015370585096,0.001445299602,-0.086492945840
0.378324341400,0.016108100329,0.001651096481,-0.596656085063
0.375697089030,0.016051316917,0.001743541577,-0.236471515975
0.373069836660,0.015422121802,0.001906164146,0.097393564291
0.370442584290,0.016237828069,0.001926558796,0.080308150786
0.367815331920,0.016629411360,0.001863225985,-0.055523185013
0.365188079550,0.017230673509,0.001939089017,-0.242298661333
0.362560827170,0.018523885421,0.002011467062,-0.282773084354
0.359933574800,0.019369457442,0.002148974788,-0.119718512687
0.357306322430,0.019450847181,0.002256819281,0.316580720909
0.354679070060,0.019718664655,0.002044802446,-0.014841772474
0.352051817690,0.020256539497,0.002279896891,-0.437477057363
0.349424565320,0.020714981042,0.002327237010,-0.104214200602
0.346797312950,0.020818212639,0.002493853256,0.012545741560
0.344170060580,0.021039816024,0.002485401591,0.014568499332
0.341542808210,0.021167948662,0.002484206971,0.029298005888
0.338915555840,0.021208678720,0.002469023904,0.033594922002
0.336288303460,0.021278891165,0.002509227478,0.044961970556
0.333661051090,0.021156558080,0.002546192611,0.044504396504
0.331033798720,0.021040120280,0.002630206068,0.052251498593
0.328406546350,0.020819883658,0.002699964801,0.026863929510
0.325779293980,0.020639614589,0.002722737301,0.025906758473
0.323152041610,0.020494899454,0.002776822724,0.070223902749
0.320524789240,0.020333743672,0.002762760784,0.038452735524
0.317897536870,0.020139093935,0.002687308656,0.001048273432
0.315270284500,0.020050796728,0.002552549383,0.012874556169
0.312643032100,0.020016714581,0.002521253813,0.040659528615
0.310015779800,0.019822056698,0.002492686102,0.042582059309
0.307388527400,0.019680978598,0.002318182348,0.035541875299
0.304761275000,0.019626881750,0.002065958012,0.062398848657
0.302134022600,0.019663998401,0.001908936633,0.042136624537
0.299506770300,0.019626606833,0.001863003940,0.022461275432
0.296879517900,0.019535581764,0.001841771572,0.007668886920
0.294252265500,0.019491474688,0.001838906525,0.043573786935
0.291625013200,0.019529461742,0.001941355320,0.074459279269
0.288997760800,0.019622712520,0.001992442692,0.038226628749
0.286370508400,0.019785812473,0.002100475970,0.048703568408
0.283743256000,0.019897660925,0.002303023210,0.077797853092
0.281116003700,0.020052483216,0.002235813101,0.071538013711
0.278488751300,0.020333148177,0.002260910635,0.057426431708
0.275861498900,0.020504636036,0.002397798757,0.048579361157
0.273234246600,0.020594540381,0.002407924979,0.055552951546
0.270606994200,0.020671842765,0.002314372543,0.014926225021
0.267979741800,0.020676779643,0.002297189272,-0.031699406335
0.265352489400,0.020688025198,0.002405332497,-0.001622169432
0.262725237100,0.020599822564,0.002340067311,0.017487477000
0.260097984700,0.020592157039,0.002130918615,0.042208074835
0.257470732300,0.020498766865,0.002033961227,0.083856656643
0.254843480000,0.020171756890,0.001886378848,0.090742301432
0.252216227600,0.019872401318,0.001838037062,0.077552520150
0.249588975200,0.019611906678,0.001709170741,0.108718870367
0.246961722900,0.019338583892,0.001486499599,0.110562559522
0.244334470500,0.019161512825,0.001367184646,0.096000767201
0.241707218100,0.018936879635,0.001301491935,0.104268461201
0.239079965700,0.018737919837,0.001006652974,0.080625057361
0.236452713400,0.018573795732,0.000789823507,0.049933931283
0.233825461000,0.018495340342,0.000521037717,-0.001035439997
0.231198208600,0.018323297813,0.000331394987,-0.077346576305
0.228570956300,0.018159153620,0.000230731565,-0.102583580766
0.225943703900,0.018041668215,0.000149413972,-0.058032766924
0.223316451500,0.017841140964,0.000164664947,-0.009031106231
0.220689199100,0.017565527184,0.000143070099,0.068597860545
0.218061946800,0.017316424378,0.000003720018,0.153270618281
0.215434694400,0.016886289878,0.000119411096,0.190031899021
0.212807442000,0.016349128089,0.000178827314,0.229179047089
0.210180189700,0.015922457495,0.000179139726,0.257234415856
0.207552937300,0.015611348947,0.000232576417,0.226477432698
0.204925684900,0.015383485419,0.000295955463,0.179839994665
0.202298432500,0.015332876264,0.000385824005,0.147476323348
0.199671180200,0.015262757956,0.000521332053,0.138843276240
0.197043927800,0.015333255332,0.000700067135,0.128847916069
0.194416675400,0.015403723522,0.000790966170,0.132344107054
0.191789423100,0.015468686398,0.000991707743,0.135862221842
0.189162170700,0.015602663788,0.001194445906,0.119050093334
0.186534918300,0.015745235689,0.001267463914,0.091467857748
0.183907666000,0.015884915896,0.001560301035,0.046813437122
0.181280413600,0.016013857370,0.001812186363,0.017670940135
0.178653161200,0.016118749817,0.001842070953,0.065385676211
0.176025908800,0.016165831037,0.001951470906,0.110922446362
0.173398656500,0.016201521464,0.001995569100,0.106630903734
0.170771404100,0.016143632631,0.002002347264,0.094485329391
0.168144151700,0.016137232179,0.002124285487,0.045354309902
0.165516899400,0.016156057832,0.002124371706,0.012725982443
0.162889647000,0.016166733308,0.002133961971,-0.013941395631
0.160262394600,0.016221246182,0.002225358503,-0.040095909186
0.157635142200,0.016197120613,0.002230360133,-0.020118124515
0.155007889900,0.016257164894,0.002217015856,0.047792825049
0.152380637500,0.016209379660,0.002190241499,0.120432987682
0.149753385100,0.016330128969,0.002158021007,0.116201741370
0.147126132800,0.016524554282,0.002115523254,0.063679621900
0.144498880400,0.016740584577,0.002130885902,0.058307595735
0.141871628000,0.017101873782,0.001991693216,-0.006225580229
0.139244375600,0.017554259250,0.001778301211,-0.101291213418
0.136617123300,0.018046226706,0.001638752914,-0.144126236343
0.133989870900,0.018460966024,0.001435452411,-0.118118418495
0.131362618500,0.018878567874,0.001276043734,-0.088013838661
0.128735366200,0.019208077042,0.001056015129,-0.100540531231
0.126108113800,0.019376114660,0.000951082442,-0.123606496023
0.123480861400,0.019409386934,0.000916024090,-0.139524870826
0.120853609000,0.019438318713,0.000791449523,-0.166999767794
0.118226356700,0.019346413446,0.000679821652,-0.116009847201
0.115599104300,0.019042029409,0.000561484528,-0.059044296222
0.112971851900,0.018736947854,0.000441359591,0.003635816998
0.110344599600,0.018523728434,0.000352209097,0.027103455377
0.107717347200,0.017981116721,0.000301915119,0.044237106633
0.105090094800,0.017599868918,0.000352499454,0.051575851837
0.102462842500,0.017534083993,0.000337830199,0.053751476082
0.099835590100,0.016841458177,0.000377327305,0.233561996733
0.097208337700,0.015500451841,0.000777715522,0.033250714815
0.094581085300,0.016271117085,0.000516459305,-0.282480654619
0.091953833000,0.015769286226,0.000510704466,-0.054202256255
0.089326580600,0.015336344240,0.000570157817,-0.010404267820
0.086699328200,0.015164284194,0.000505910828,0.026371494058
0.084072075900,0.015032891649,0.000287177015,0.128717381870
0.081444823500,0.015076522137,-0.000074864693,0.214419185229
0.078817571100,0.015375552025,-0.000369192616,0.101128274866
0.076190318700,0.015616169932,-0.000400372956,0.008606658928
0.073563066400,0.015708321919,-0.000244906792,-0.005962188454
0.070935814000,0.016014649727,0.000061048667,0.003938348635
0.068308561600,0.016218334215,0.000215110439,0.030091108363
0.065681309300,0.016263121003,0.000358174946,0.034532085144
0.063054056900,0.016174802829,0.000463610482,0.046575010378
0.060426804500,0.015993111478,0.000451187892,0.061767533038
0.057799552100,0.015856520192,0.000424335840,0.082720568514
0.055172299800,0.015460136509,0.000442785810,0.105260338022
0.052545047400,0.014999039884,0.000252188801,0.127163130018
0.049917795000,0.014482730715,0.000317659393,0.117707575133
0.047290542700,0.014112043354,0.000684262079,0.113693595644
0.044663290300,0.013781007795,0.001003413265,0.065373982825
0.042036037900,0.013506662277,0.001329442963,-0.070733668207
0.039408785500,0.013302292650,0.001542696949,0.036464654280
0.036781533200,0.013049974453,0.001820057070,0.100290579413
0.034154280800,0.012785715386,0.001972273946,-0.013033032705
0.031527028400,0.012840313501,0.002042872842,-0.019371979550
0.028899776100,0.012783627935,0.001921382359,-0.017509035193
0.026272523700,0.012543667486,0.001503779234,0.006535287012
0.023645271300,0.012318849647,0.001028627735,-0.028403684449
0.021018019000,0.012284771706,0.000993430045,-0.051022903995
0.018390766600,0.012624744145,0.001190493251,-0.031406102044
0.015763514200,0.012608386032,0.001296932760,-0.025003772000
0.013136261800,0.012645507440,0.001307030703,-0.004050502378
0.010509009500,0.012801612136,0.001151186502,0.026852176267
0.007881757100,0.013013243570,0.000929482107,0.045158676291
0.005254504700,0.013333201625,0.000588118953,0.076367481172
0.002627252400,0.013350136831,0.000435541010,1.185658386820
0.000000000000,0.011739905307,0.000590456870,2.281386318709
