0.391460603250,-0.045543178310,0.000262623155,-0.229175447539
0.388833350880,-0.045365971197,0.000675454073,-0.187895691380
0.386206098510,-0.043715789413,0.001005502443,-0.182097066387
0.383578846140,-0.046692311567,0.001133288437,0.229724177200
0.380951593770,-0.047170781719,0.001413189035,0.270123921242
0.378324341400,-0.046407336915,0.001577708729,-0.041765904140
0.375697089030,-0.047202456276,0.001734336294,-0.154419779653
0.373069836660,-0.048363266483,0.001856132449,-0.114002305742
0.370442584290,-0.048431586699,0.002105295497,-0.116877360695
0.367815331920,-0.048071838962,0.002511629907,-0.012102592727
0.365188079550,-0.048267907166,0.002645887078,-0.048991134057
0.362560827170,-0.047144475383,0.002813880298,-0.249329086903
0.359933574800,-0.045476112471,0.002867617875,-0.104147614019
0.357306322430,-0.046129928531,0.002944254906,0.171537116082
0.354679070060,-0.046776446108,0.002763828272,-0.092211366382
0.352051817690,-0.045876134848,0.002933356184,-0.301175983919
0.349424565320,-0.045482533262,0.002948049993,-0.096135234063
0.346797312950,-0.045146094770,0.002960241859,-0.023020662686
0.344170060580,-0.045182297199,0.003084214609,0.020908264357
0.341542808210,-0.045025825029,0.003080447941,0.045155466007
0.338915555840,-0.045076632233,0.003190851446,0.049239646841
0.336288303460,-0.045234049745,0.003124238676,0.082984278956
0.333661051090,-0.045237206359,0.002972595457,0.095431736660
0.331033798720,-0.045260708682,0.003001597910,0.074205377766
0.328406546350,-0.045310200091,0.002920224039,0.095386120345
0.325779293980,-0.045455305576,0.002855056787,0.079476770544
0.323152041610,-0.045537682799,0.002825636624,0.036959856610
0.320524789240,-0.045597484694,0.002807696178,-0.001177435352
0.317897536870,-0.045744509822,0.002828503685,-0.028577485089
0.315270284500,-0.045857115025,0.002738480958,-0.036146246450
0.312643032100,-0.046058539333,0.002605179497,-0.020868707939
0.310015779800,-0.046404490673,0.002777111525,-0.045795745120
0.307388527400,-0.046761465067,0.002976694281,-0.043542898392
0.304761275000,-0.046973555972,0.003261502699,0.003161849811
0.302134022600,-0.047104327999,0.003541983037,0.039157796373
0.299506770300,-0.047246823240,0.003841318336,0.028178135983
0.296879517900,-0.047366086436,0.004021319899,0.040221700703
0.294252265500,-0.047449403940,0.004113842193,0.051129872568
0.291625013200,-0.047490564358,0.004139935509,0.019037475309
0.288997760800,-0.047286603302,0.004236227449,0.029149441893
0.286370508400,-0.047091043670,0.004391278900,0.005639079311
0.283743256000,-0.046929526544,0.004416071441,-0.029287392197
0.281116003700,-0.046756255171,0.004420190748,0.020839284813
0.278488751300,-0.046593318073,0.004316703067,0.043045344618
0.275861498900,-0.046471265888,0.004169677241,0.065594479918
0.273234246600,-0.046528528992,0.003965112384,0.120129620325
0.270606994200,-0.046515861535,0.003842000652,0.111013291725
0.267979741800,-0.046563869308,0.003776780846,0.127014562807
0.265352489400,-0.046681387179,0.003670016098,0.166004578417
0.262725237100,-0.046824876275,0.003710064398,0.164115396749
0.260097984700,-0.046906410218,0.003720209425,0.156392174788
0.257470732300,-0.046964841652,0.003640054870,0.089864083591
0.254843480000,-0.046997997584,0.003555179485,0.039294625414
0.252216227600,-0.047077328362,0.003523203163,0.032899157380
0.249588975200,-0.047184407232,0.003514043128,-0.022160964451
0.246961722900,-0.047324360196,0.003537870698,-0.080080433160
0.244334470500,-0.047392270805,0.003408367371,-0.131329146792
0.241707218100,-0.047387052615,0.003221702863,-0.185309506655
0.239079965700,-0.047417386053,0.003164435963,-0.219640439896
0.236452713400,-0.047550725911,0.003031853536,-0.221091034707
0.233825461000,-0.047725443558,0.003005655210,-0.164141735786
0.231198208600,-0.047969814715,0.002994690791,-0.050529130372
0.228570956300,-0.048300660052,0.003029837633,0.070047303445
0.225943703900,-0.048742599853,0.003032051086,0.173830388911
0.223316451500,-0.049288930010,0.003114718490,0.222859075106
0.220689199100,-0.049627706211,0.003160803632,0.232856959063
0.218061946800,-0.049854893982,0.003044696623,0.198230092244
0.215434694400,-0.050103364227,0.002962549810,0.119153828729
0.212807442000,-0.050168011112,0.002946460408,0.110230910962
0.210180189700,-0.050130213295,0.003010411736,0.117982255201
0.207552937300,-0.049994115675,0.002963305811,0.130292934890
0.204925684900,-0.049808347628,0.002902233489,0.132230100187
0.202298432500,-0.049647064070,0.002900454004,0.108747163150
0.199671180200,-0.049480957380,0.002972656423,0.129780971957
0.197043927800,-0.049487814184,0.003104087410,0.120390616274
0.194416675400,-0.049531555553,0.003237138485,0.107405559926
0.191789423100,-0.049701764743,0.003507822822,0.116464634134
0.189162170700,-0.049881154860,0.003666013416,0.102630946179
0.186534918300,-0.050000641158,0.003811696078,0.113047762019
0.183907666000,-0.050179358191,0.004176462867,0.177749286590
0.181280413600,-0.050342117634,0.004348109085,0.164431086954
0.178653161200,-0.050415834102,0.004503691203,0.102298352144
0.176025908800,-0.050467669688,0.004778083970,0.055038098818
0.173398656500,-0.050291959199,0.004910236949,0.009718951697
0.170771404100,-0.050011995240,0.005100027246,-0.014973355898
0.168144151700,-0.049806938166,0.005290254128,0.005809880086
0.165516899400,-0.049365033474,0.005469605519,0.073471651469
0.162889647000,-0.048919718733,0.005843193639,0.089807198903
0.160262394600,-0.048580920644,0.006086390347,0.104280025929
0.157635142200,-0.048148543573,0.006178038475,0.147552669689
0.155007889900,-0.047724360854,0.006207691800,0.129029284855
0.152380637500,-0.047284144487,0.006193597715,0.075941136019
0.149753385100,-0.046870272730,0.006038617804,0.018981044822
0.147126132800,-0.046646300046,0.005938300047,0.004903926635
0.144498880400,-0.046716695222,0.006017747683,0.035741134290
0.141871628000,-0.046788276403,0.006048513665,0.042791299758
0.139244375600,-0.046799188949,0.005909448450,0.029375590035
0.136617123300,-0.046952424493,0.005808372967,0.005473642769
0.133989870900,-0.047136228048,0.005628335239,-0.031568467259
0.131362618500,-0.047293888404,0.005543520116,-0.053146858890
0.128735366200,-0.047528901134,0.005425424058,-0.045750468195
0.126108113800,-0.047738458446,0.005337345151,-0.029491294588
0.123480861400,-0.048071115708,0.005264039484,-0.036310510984
0.120853609000,-0.048478270389,0.005052111502,-0.043020889463
0.118226356700,-0.048947637190,0.004904832830,-0.011937106414
0.115599104300,-0.049558296927,0.004645951378,0.011031676293
0.112971851900,-0.050454187134,0.004347762488,0.025369597660
0.110344599600,-0.051271926858,0.003999720738,0.035620632466
0.107717347200,-0.051763639662,0.003403834303,0.078198054791
0.105090094800,-0.052095931720,0.002768530615,0.077788772224
0.102462842500,-0.052209336933,0.002307165958,0.029740780960
0.099835590100,-0.052182735980,0.001812879385,0.010519350857
0.097208337700,-0.052052244684,0.001289858188,0.055580820373
0.094581085300,-0.051728086333,0.000641062073,0.031716376488
0.091953833000,-0.051529861939,0.000552766871,0.050628583809
0.089326580600,-0.051291567719,0.000684102322,0.016766610502
0.086699328200,-0.051115569421,0.000897329804,-0.071342056503
0.084072075900,-0.051046085677,0.001180348662,-0.146917883576
0.081444823500,-0.051050477019,0.001400556379,-0.146425377817
0.078817571100,-0.051015792660,0.001733488730,-0.102477911665
0.076190318700,-0.051034760135,0.001774193933,-0.072076461356
0.073563066400,-0.051169158188,0.001752825457,-0.039428685642
0.070935814000,-0.051216162521,0.001852174337,0.005870186817
0.068308561600,-0.051261784140,0.001829141476,0.047306487179
0.065681309300,-0.051428662796,0.001939624300,0.123328118253
0.063054056900,-0.051692913797,0.001834244505,0.135571393788
0.060426804500,-0.051951075016,0.001693711695,0.097471659694
0.057799552100,-0.052282112219,0.001404696948,0.123711613677
0.055172299800,-0.052443697829,0.001212530420,0.095827806044
0.052545047400,-0.052714124060,0.001288153418,0.083014464430
0.049917795000,-0.053010471201,0.001492815577,0.080470351773
0.047290542700,-0.053133156126,0.001610263079,0.010254209297
0.044663290300,-0.053077692594,0.001690269260,-0.020420093173
0.042036037900,-0.053019504816,0.001718044689,-0.013997904118
0.039408785500,-0.052997837068,0.001782375199,-0.027980883332
0.036781533200,-0.053037335332,0.001731024203,-0.017288668389
0.034154280800,-0.052925232952,0.001782923329,-0.042567523269
0.031527028400,-0.052814345739,0.001825283696,-0.036794754136
0.028899776100,-0.052793305999,0.001963997499,0.008269017808
0.026272523700,-0.052972926591,0.001866402474,0.045942583199
0.023645271300,-0.052055294907,0.001626017150,0.049386049683
0.021018019000,-0.052353638047,0.001434323167,-0.069684064718
0.018390766600,-0.053812803036,0.001852001304,-0.146598409014
0.015763514200,-0.054216795972,0.002112982764,-0.133083150638
0.013136261800,-0.054682266771,0.002306129810,-0.189404119934
0.010509009500,-0.054703771968,0.002260880546,-0.214880388549
0.007881757100,-0.054259420240,0.002007561951,-0.109964123911
0.005254504700,-0.053528914303,0.001870121920,0.043414234808
0.002627252400,-0.052532987862,0.001568305490,0.105616634891
0.000000000000,-0.048936394372,0.001082688727,0.150961229397
